2
Grid:
8,8
........
........
........
........
........
........
........
........
Agents:
40
0,3,6,5,3
1,3,4,3,5
2,5,1,6,0
3,5,6,5,7
4,1,5,3,3
5,6,2,3,1
6,2,7,7,1
7,5,4,7,7
8,3,3,7,3
9,7,2,1,2
10,1,3,0,1
11,5,3,4,2
12,0,0,0,5
13,6,3,2,1
14,6,4,0,2
15,4,2,7,0
16,5,5,1,7
17,1,0,1,0
18,1,2,2,3
19,1,7,4,1
20,2,4,2,4
21,3,2,0,7
22,5,0,4,0
23,7,6,2,7
24,7,7,2,5
25,5,7,1,1
26,7,4,7,5
27,0,6,6,3
28,1,6,6,1
29,6,6,0,6
30,4,1,4,5
31,7,5,3,2
32,2,2,4,6
33,6,0,6,2
34,6,1,5,1
35,6,7,7,4
36,7,1,1,5
37,2,5,0,3
38,0,4,2,0
39,3,1,3,7
