3
Grid:
8,8
........
........
........
........
........
........
........
........
Agents:
58
0,6,6,1,6
1,5,5,1,0
2,3,2,4,1
3,0,0,0,0
4,1,1,3,5
5,6,7,1,2
6,7,4,1,5
7,2,2,5,7
8,4,6,7,4
9,7,6,1,3
10,3,1,4,4
11,7,5,3,0
12,6,1,5,4
13,7,1,4,0
14,7,0,6,1
15,3,0,7,0
16,4,2,0,3
17,4,4,6,4
18,7,7,7,5
19,3,7,7,6
20,1,2,5,3
21,2,3,6,6
22,2,7,4,6
23,2,4,7,7
24,0,6,6,3
25,4,1,2,2
26,2,6,3,1
27,7,2,0,1
28,6,2,0,2
29,1,5,3,2
30,1,6,3,3
31,2,0,5,6
32,1,4,0,5
33,5,0,5,1
34,5,4,2,4
35,5,7,5,5
36,0,5,0,4
37,4,0,1,4
38,5,2,6,2
39,0,2,2,6
40,2,5,2,3
41,0,3,2,5
42,3,5,3,7
43,6,3,0,6
44,5,1,1,1
45,2,1,4,3
46,5,3,7,1
47,4,3,6,7
48,6,4,5,0
49,1,7,6,0
50,4,5,4,7
51,1,0,3,4
52,4,7,7,2
53,6,5,6,5
54,3,6,3,6
55,0,7,5,2
56,1,3,4,2
57,7,3,4,5
