0
Grid:
8,8
........
........
........
........
........
........
........
........
Agents:
38
0,1,4,4,0
1,0,6,5,2
2,4,6,3,1
3,1,3,1,6
4,1,1,6,3
5,0,5,2,7
6,2,6,7,5
7,7,1,7,1
8,0,3,5,1
9,4,2,2,2
10,1,2,1,5
11,2,5,5,3
12,3,1,7,4
13,6,3,0,0
14,3,6,7,6
15,5,5,5,6
16,6,2,3,3
17,7,4,7,7
18,1,6,1,1
19,2,1,0,2
20,6,4,4,4
21,4,5,1,0
22,6,6,3,5
23,1,7,4,3
24,7,5,3,6
25,3,3,4,7
26,0,7,1,7
27,3,5,2,1
28,2,3,3,7
29,0,1,3,2
30,1,5,4,1
31,3,0,4,6
32,5,7,3,4
33,5,6,0,7
34,5,0,6,4
35,5,1,6,1
36,3,4,1,3
37,4,3,2,4
