0
Grid:
8,8
........
........
........
........
........
........
........
........
Agents:
48
0,6,3,6,0
1,2,0,7,3
2,6,0,0,2
3,5,6,5,1
4,7,3,0,0
5,1,2,5,0
6,6,7,2,6
7,0,7,2,5
8,6,1,4,4
9,7,4,5,4
10,0,6,1,0
11,0,1,0,4
12,2,3,5,7
13,4,2,5,2
14,6,5,4,3
15,1,1,0,1
16,4,7,0,7
17,1,0,2,3
18,1,6,6,1
19,5,5,6,2
20,0,2,5,6
21,3,4,4,5
22,2,2,0,3
23,2,6,3,2
24,3,3,1,4
25,4,3,3,5
26,7,7,1,2
27,4,0,6,7
28,4,5,2,7
29,3,1,0,5
30,6,6,4,2
31,0,0,3,4
32,0,4,4,1
33,3,7,7,6
34,0,5,3,0
35,2,1,3,7
36,7,5,5,3
37,7,1,6,3
38,7,2,6,6
39,2,7,3,1
40,5,3,7,0
41,0,3,1,3
42,4,4,6,5
43,6,4,4,0
44,4,1,1,7
45,7,0,7,2
46,4,6,7,5
47,3,5,3,3
