2
Grid:
8,8
........
........
........
........
........
........
........
........
Agents:
58
0,1,0,4,6
1,2,5,2,2
2,3,7,1,7
3,7,1,7,6
4,4,3,7,5
5,0,6,7,1
6,0,1,4,0
7,2,1,3,0
8,3,4,2,5
9,3,2,2,0
10,1,5,5,2
11,5,1,3,3
12,0,7,0,3
13,7,4,0,1
14,6,7,1,2
15,1,2,3,6
16,4,2,5,1
17,1,3,0,6
18,4,7,5,3
19,6,4,0,5
20,1,6,7,3
21,6,6,6,1
22,4,0,5,6
23,1,7,1,3
24,6,0,7,2
25,5,4,3,7
26,3,3,7,4
27,5,5,4,1
28,7,0,1,6
29,5,6,7,7
30,7,5,2,7
31,6,1,1,1
32,3,0,4,2
33,2,0,0,0
34,4,4,2,4
35,5,2,4,5
36,7,3,3,2
37,6,2,3,4
38,0,0,4,7
39,0,2,5,5
40,1,4,0,4
41,5,7,1,5
42,2,7,6,2
43,1,1,0,7
44,2,6,2,3
45,2,4,6,7
46,7,7,6,0
47,5,0,7,0
48,5,3,6,4
49,2,3,0,2
50,3,1,1,0
51,2,2,6,6
52,4,6,2,6
53,7,2,4,4
54,0,4,4,3
55,3,6,6,3
56,7,6,3,1
57,0,3,2,1
