3
Grid:
8,8
........
........
........
........
........
........
........
........
Agents:
52
0,5,1,6,1
1,6,7,2,7
2,4,0,0,1
3,6,1,1,3
4,6,2,0,4
5,3,4,6,5
6,5,5,5,3
7,4,7,1,6
8,0,0,0,6
9,5,3,1,0
10,1,6,2,3
11,0,2,3,4
12,1,1,5,1
13,3,3,5,7
14,0,6,1,5
15,2,0,5,2
16,4,6,3,1
17,1,3,7,2
18,4,1,1,7
19,5,4,4,6
20,4,5,4,3
21,1,5,6,3
22,2,1,0,2
23,7,3,3,3
24,7,5,3,2
25,7,1,1,1
26,4,3,4,1
27,6,3,2,6
28,0,3,1,4
29,2,4,0,7
30,2,5,7,7
31,1,7,7,5
32,3,6,2,1
33,7,7,5,5
34,6,6,2,5
35,0,1,6,0
36,3,7,4,0
37,6,0,3,0
38,3,5,4,7
39,1,4,3,5
40,3,0,0,3
41,5,0,3,7
42,1,0,5,0
43,0,5,2,4
44,7,2,4,4
45,3,2,6,6
46,4,4,7,4
47,4,2,1,2
48,5,2,3,6
49,2,2,6,2
50,7,0,4,2
51,1,2,5,6
