3
Grid:
8,8
........
........
........
........
........
........
........
........
Agents:
56
0,1,0,2,6
1,2,1,4,1
2,4,7,6,3
3,3,2,1,0
4,4,0,0,1
5,3,7,0,6
6,5,1,7,0
7,2,4,5,5
8,3,6,2,2
9,5,0,4,2
10,1,7,1,6
11,7,3,2,0
12,4,2,2,1
13,7,4,7,5
14,6,4,5,1
15,0,0,0,4
16,6,7,1,7
17,0,4,3,6
18,0,1,3,1
19,5,5,6,2
20,0,2,2,4
21,7,2,6,0
22,3,5,4,4
23,7,1,0,3
24,0,7,1,1
25,3,1,4,3
26,3,0,4,6
27,2,7,7,2
28,2,2,2,7
29,6,5,7,3
30,5,6,4,5
31,1,1,1,3
32,1,6,5,3
33,5,3,1,4
34,1,4,5,2
35,6,0,6,7
36,6,6,7,6
37,0,3,1,2
38,7,5,3,5
39,5,7,3,4
40,4,6,0,2
41,6,3,4,0
42,7,6,2,3
43,1,5,6,6
44,7,7,1,5
45,6,2,3,0
46,1,3,6,4
47,1,2,0,5
48,6,1,5,7
49,3,4,3,2
50,2,0,3,7
51,3,3,6,1
52,0,5,2,5
53,4,3,6,5
54,7,0,0,0
55,2,5,4,7
