4
Grid:
8,8
........
........
........
........
........
........
........
........
Agents:
58
0,4,5,5,4
1,3,4,2,2
2,2,4,6,3
3,6,1,1,3
4,3,7,4,5
5,0,2,6,2
6,7,7,1,0
7,1,5,3,4
8,7,6,6,6
9,1,3,0,3
10,2,2,4,0
11,5,5,3,7
12,2,6,0,1
13,2,5,1,6
14,6,5,7,3
15,1,2,6,4
16,7,2,7,2
17,5,0,4,2
18,2,0,1,1
19,2,7,0,7
20,7,3,2,1
21,6,2,7,5
22,5,4,4,6
23,7,5,6,5
24,7,1,1,7
25,6,4,0,2
26,5,1,0,0
27,0,1,7,4
28,4,6,5,7
29,4,7,6,0
30,0,3,3,6
31,4,3,0,5
32,6,3,5,6
33,0,4,3,1
34,7,4,4,4
35,6,7,6,1
36,2,1,7,1
37,3,1,3,0
38,1,1,7,7
39,3,6,4,7
40,1,0,5,2
41,3,2,2,5
42,6,0,3,3
43,5,7,5,3
44,0,7,5,0
45,7,0,2,7
46,6,6,2,6
47,2,3,2,3
48,5,6,4,1
49,1,7,2,0
50,4,4,1,5
51,3,3,5,5
52,3,5,2,4
53,0,6,6,7
54,5,3,1,4
55,5,2,3,2
56,1,6,1,2
57,3,0,0,4
