4
Grid:
8,8
........
........
........
........
........
........
........
........
Agents:
60
0,0,4,5,0
1,5,2,7,2
2,3,2,3,5
3,7,2,1,6
4,2,4,0,1
5,1,7,2,0
6,0,2,3,0
7,6,2,1,4
8,1,1,5,2
9,5,7,7,1
10,4,6,6,4
11,7,5,4,6
12,6,7,0,0
13,7,4,4,4
14,6,6,5,7
15,7,3,5,4
16,4,3,7,4
17,0,1,4,7
18,4,0,0,4
19,2,3,1,0
20,3,6,7,7
21,3,0,0,6
22,5,1,4,1
23,3,3,1,2
24,5,5,7,3
25,2,2,4,3
26,6,3,3,4
27,4,1,7,0
28,2,6,6,7
29,6,5,6,0
30,4,7,3,1
31,6,0,6,6
32,0,5,4,0
33,5,0,1,1
34,3,5,1,7
35,1,6,5,3
36,1,3,3,3
37,4,5,1,3
38,0,6,2,3
39,1,2,6,2
40,0,3,4,2
41,2,5,2,6
42,1,0,2,4
43,5,4,5,5
44,6,4,7,6
45,7,1,1,5
46,7,6,0,7
47,3,7,0,5
48,4,2,2,7
49,3,1,3,2
50,0,7,3,7
51,0,0,7,5
52,7,0,2,2
53,2,0,5,6
54,1,5,2,5
55,6,1,6,1
56,4,4,6,5
57,2,1,0,3
58,3,4,6,3
59,7,7,2,1
