3
Grid:
8,8
........
........
........
........
........
........
........
........
Agents:
48
0,7,6,2,3
1,2,0,7,7
2,2,7,2,5
3,7,4,6,6
4,0,6,5,4
5,2,4,7,2
6,7,3,0,4
7,2,1,5,2
8,0,2,5,5
9,0,7,3,0
10,1,0,4,2
11,5,2,1,1
12,7,7,3,5
13,6,3,5,6
14,7,0,4,1
15,3,5,7,0
16,0,4,0,2
17,5,5,5,7
18,5,7,7,4
19,7,1,2,2
20,4,6,1,7
21,1,6,2,6
22,0,0,1,2
23,2,5,2,0
24,6,2,1,6
25,7,2,2,1
26,4,2,3,1
27,1,5,0,0
28,0,1,4,3
29,5,1,4,0
30,3,7,0,3
31,6,7,6,3
32,5,6,5,3
33,7,5,1,3
34,5,0,7,3
35,1,2,0,7
36,3,1,3,6
37,6,5,4,6
38,5,3,6,4
39,4,0,0,5
40,0,5,6,0
41,5,4,4,7
42,3,6,5,0
43,4,1,4,5
44,1,4,1,4
45,3,0,6,1
46,4,5,2,7
47,3,2,4,4
