1
Grid:
8,8
........
........
........
........
........
........
........
........
Agents:
38
0,3,6,3,2
1,6,5,3,0
2,6,3,5,1
3,3,3,4,7
4,6,4,5,0
5,5,2,2,7
6,4,7,2,2
7,4,4,3,3
8,2,4,1,0
9,0,0,2,5
10,1,7,6,0
11,3,7,5,2
12,4,6,7,1
13,2,3,1,7
14,5,7,1,3
15,4,5,7,3
16,0,5,4,5
17,2,6,0,5
18,2,2,4,0
19,3,0,6,7
20,0,1,1,5
21,6,2,4,4
22,1,3,4,6
23,5,6,0,6
24,2,7,6,3
25,6,0,2,6
26,6,7,6,6
27,1,5,1,1
28,4,0,0,2
29,7,2,6,4
30,0,7,0,4
31,7,7,3,4
32,1,1,7,5
33,4,2,7,6
34,1,2,2,4
35,3,2,1,4
36,7,3,0,1
37,3,1,3,1
