3
Grid:
8,8
........
........
........
........
........
........
........
........
Agents:
60
0,0,1,1,7
1,0,6,0,3
2,4,1,5,3
3,7,4,4,2
4,5,1,2,7
5,1,2,6,3
6,2,6,3,0
7,3,4,1,1
8,1,4,2,1
9,4,3,1,6
10,5,5,2,2
11,4,7,0,4
12,6,7,1,5
13,1,1,4,0
14,6,3,3,3
15,0,2,5,1
16,1,7,5,4
17,5,6,7,3
18,7,7,7,0
19,0,0,4,4
20,0,7,4,1
21,6,2,7,6
22,3,3,5,2
23,2,5,0,5
24,2,7,2,0
25,7,6,0,6
26,5,0,1,3
27,3,1,7,7
28,6,6,1,4
29,4,6,7,1
30,1,3,4,3
31,7,5,0,1
32,7,2,3,6
33,3,2,5,0
34,0,4,5,7
35,6,5,0,2
36,4,5,6,2
37,2,4,2,4
38,6,1,4,6
39,1,6,1,2
40,4,4,2,6
41,3,5,6,0
42,0,5,0,0
43,5,4,3,1
44,2,0,7,2
45,3,7,4,7
46,5,7,0,7
47,6,0,2,3
48,1,0,4,5
49,7,0,1,0
50,0,3,3,2
51,7,1,6,6
52,5,3,6,5
53,3,6,7,5
54,7,3,3,4
55,2,2,7,4
56,5,2,3,7
57,1,5,6,4
58,6,4,6,1
59,2,3,2,5
