0
Grid:
8,8
........
........
........
........
........
........
........
........
Agents:
52
0,5,7,4,6
1,4,4,6,7
2,1,1,0,1
3,2,4,2,7
4,5,6,1,0
5,6,4,6,0
6,0,1,0,0
7,1,2,5,1
8,5,3,0,2
9,3,3,3,2
10,0,0,3,4
11,4,5,5,4
12,7,5,5,6
13,3,1,3,1
14,1,6,0,5
15,5,5,6,6
16,3,7,2,0
17,2,5,1,5
18,6,5,4,2
19,7,4,4,4
20,2,2,5,5
21,7,3,7,6
22,7,6,7,0
23,0,2,2,4
24,7,0,3,5
25,0,4,7,1
26,4,1,3,0
27,1,4,1,3
28,1,3,5,0
29,7,1,0,6
30,4,7,5,2
31,0,3,0,7
32,6,1,1,6
33,6,7,6,4
34,6,3,6,2
35,5,2,4,5
36,3,2,7,7
37,4,3,4,0
38,7,7,3,6
39,2,1,1,7
40,2,6,3,7
41,0,5,2,5
42,2,0,5,7
43,5,1,4,1
44,4,6,1,1
45,5,4,7,4
46,1,7,6,1
47,6,6,1,2
48,4,0,2,3
49,3,5,7,5
50,2,3,2,1
51,3,4,7,2
