3
Grid:
8,8
........
........
........
........
........
........
........
........
Agents:
40
0,2,4,2,1
1,3,6,1,0
2,5,3,1,7
3,4,0,5,6
4,3,3,1,6
5,0,6,4,5
6,2,2,2,3
7,1,7,0,5
8,7,4,2,0
9,4,3,2,2
10,6,0,5,7
11,0,2,6,6
12,1,5,4,3
13,2,1,1,5
14,1,1,1,1
15,3,5,1,2
16,6,1,1,3
17,3,1,6,3
18,4,7,0,2
19,1,6,6,2
20,2,7,7,2
21,3,2,1,4
22,7,6,3,4
23,5,2,4,4
24,6,2,0,1
25,3,7,3,5
26,0,7,7,1
27,1,3,7,0
28,7,7,4,6
29,7,2,6,5
30,5,7,3,0
31,2,3,4,2
32,6,6,5,2
33,3,4,7,7
34,0,4,5,1
35,5,6,3,1
36,0,3,6,7
37,4,4,2,6
38,5,0,4,7
39,2,5,6,4
