3
Grid:
8,8
........
........
........
........
........
........
........
........
Agents:
54
0,2,4,5,6
1,6,0,7,5
2,0,4,3,3
3,2,1,6,7
4,1,4,3,7
5,4,6,4,1
6,6,7,6,1
7,7,2,1,0
8,5,3,3,4
9,5,0,7,2
10,1,7,3,2
11,0,5,2,3
12,3,2,6,2
13,7,7,5,0
14,2,5,4,5
15,4,5,0,0
16,0,2,2,0
17,6,4,6,6
18,2,2,2,7
19,1,1,7,7
20,4,3,4,0
21,0,0,7,1
22,3,0,1,7
23,3,7,5,4
24,1,0,6,0
25,1,2,1,6
26,4,1,1,2
27,6,6,5,1
28,6,1,6,3
29,2,0,7,0
30,2,3,7,6
31,0,7,5,2
32,5,4,0,1
33,4,2,5,5
34,7,5,3,5
35,3,6,4,3
36,0,1,2,5
37,1,5,0,3
38,3,1,4,4
39,4,0,6,5
40,7,4,2,1
41,2,7,1,3
42,6,2,6,4
43,5,7,2,6
44,0,3,1,5
45,1,3,3,1
46,3,4,0,4
47,2,6,3,6
48,0,6,0,6
49,5,2,5,7
50,4,4,4,2
51,7,0,0,5
52,5,5,0,7
53,1,6,2,4
