2
Grid:
8,8
........
........
........
........
........
........
........
........
Agents:
38
0,4,0,6,6
1,6,2,4,3
2,7,6,7,3
3,6,0,0,4
4,5,2,1,3
5,2,7,7,5
6,7,7,0,1
7,4,2,0,5
8,7,2,6,0
9,2,6,1,6
10,5,3,0,6
11,3,3,5,0
12,5,0,0,3
13,4,7,1,1
14,3,2,6,7
15,6,3,4,1
16,1,0,3,7
17,4,4,7,1
18,7,3,5,1
19,3,1,4,4
20,1,3,2,1
21,5,4,2,3
22,4,6,1,0
23,0,5,0,7
24,6,4,4,2
25,5,6,5,3
26,0,6,2,2
27,1,6,7,0
28,6,5,1,2
29,6,1,5,7
30,0,2,2,6
31,1,2,1,7
32,0,1,0,0
33,2,0,6,4
34,2,4,1,4
35,3,6,2,0
36,3,5,2,5
37,4,5,3,0
