2
Grid:
8,8
........
........
........
........
........
........
........
........
Agents:
60
0,2,4,5,6
1,0,2,6,2
2,4,7,5,4
3,7,2,2,3
4,7,7,5,5
5,5,5,3,4
6,7,0,7,7
7,1,1,6,5
8,4,3,7,1
9,5,7,2,2
10,5,4,2,4
11,1,2,3,6
12,4,6,0,0
13,5,3,5,0
14,5,6,0,7
15,0,6,1,2
16,2,3,4,6
17,2,5,2,1
18,7,4,6,1
19,0,1,4,7
20,2,6,7,3
21,3,6,6,3
22,2,0,1,3
23,5,1,0,3
24,6,0,1,5
25,6,2,0,6
26,3,3,1,7
27,6,3,0,5
28,1,6,1,6
29,1,0,1,4
30,2,1,3,7
31,4,4,5,3
32,4,0,1,0
33,7,6,2,0
34,0,3,6,6
35,3,4,4,1
36,0,0,4,0
37,2,7,1,1
38,3,0,6,7
39,7,5,4,2
40,6,4,7,5
41,3,7,3,2
42,6,5,2,7
43,4,5,6,4
44,1,4,7,4
45,2,2,3,3
46,6,7,5,1
47,1,3,2,5
48,4,1,4,5
49,7,1,3,5
50,6,1,7,6
51,0,5,7,0
52,7,3,0,2
53,0,7,3,0
54,3,2,6,0
55,5,0,5,7
56,1,5,4,4
57,3,1,4,3
58,4,2,5,2
59,6,6,7,2
