1
Grid:
8,8
........
........
........
........
........
........
........
........
Agents:
54
0,3,7,4,7
1,4,3,0,2
2,5,3,3,2
3,3,5,1,7
4,6,4,4,2
5,0,4,5,1
6,0,3,7,0
7,4,0,2,3
8,3,3,2,0
9,2,0,5,5
10,7,1,5,2
11,4,2,3,6
12,3,0,0,3
13,2,3,7,1
14,7,4,7,2
15,2,4,7,3
16,5,7,1,2
17,5,4,5,4
18,4,4,0,4
19,0,2,1,4
20,0,0,0,7
21,0,6,0,1
22,7,3,5,6
23,7,2,7,7
24,3,2,6,7
25,1,4,2,1
26,0,7,7,5
27,6,6,5,3
28,7,5,3,5
29,1,2,5,7
30,1,0,6,5
31,6,7,7,4
32,5,1,4,4
33,3,4,6,2
34,0,1,3,0
35,6,1,2,7
36,1,7,2,2
37,1,6,0,0
38,4,5,2,4
39,1,5,3,4
40,2,6,3,3
41,2,7,2,5
42,6,2,6,3
43,2,5,4,5
44,6,0,0,5
45,5,0,1,1
46,6,5,1,3
47,6,3,4,1
48,0,5,6,1
49,4,6,4,6
50,3,6,5,0
51,1,3,6,4
52,2,1,1,6
53,7,0,2,6
