3
Grid:
8,8
........
........
........
........
........
........
........
........
Agents:
44
0,0,5,2,1
1,2,3,3,2
2,1,6,0,3
3,6,0,1,1
4,4,7,7,2
5,7,0,1,7
6,0,2,2,3
7,1,2,4,1
8,5,4,3,0
9,2,1,6,1
10,3,6,0,6
11,0,1,5,6
12,1,3,7,6
13,3,2,4,7
14,7,7,1,0
15,6,7,5,1
16,6,4,3,6
17,4,1,0,0
18,7,2,7,7
19,5,5,5,5
20,0,0,1,4
21,6,3,1,6
22,0,4,7,0
23,0,7,3,4
24,2,6,3,1
25,2,4,5,7
26,2,7,1,2
27,2,0,0,1
28,4,4,1,5
29,5,0,4,4
30,4,5,2,6
31,5,7,4,0
32,1,0,7,1
33,1,5,0,4
34,5,1,6,0
35,1,7,6,5
36,7,3,0,2
37,1,1,7,3
38,6,2,6,4
39,1,4,6,3
40,3,3,1,3
41,3,1,4,2
42,3,0,2,5
43,7,4,2,4
