1
Grid:
8,8
........
........
........
........
........
........
........
........
Agents:
40
0,5,4,0,0
1,1,2,0,4
2,0,3,7,6
3,7,4,1,1
4,4,5,7,4
5,7,2,4,1
6,6,0,6,5
7,2,2,2,1
8,5,2,1,6
9,5,6,5,7
10,1,4,5,6
11,0,5,5,5
12,4,4,2,3
13,1,7,2,7
14,7,0,3,1
15,0,7,6,3
16,6,6,0,2
17,2,5,1,2
18,1,0,0,7
19,7,6,5,0
20,3,3,6,1
21,3,6,1,5
22,0,0,0,5
23,0,2,7,3
24,5,1,6,4
25,3,4,5,4
26,5,3,3,7
27,2,7,2,2
28,4,3,2,4
29,4,7,1,3
30,3,7,7,7
31,6,5,5,2
32,6,7,6,6
33,0,4,4,2
34,1,5,4,4
35,3,0,7,2
36,7,7,2,0
37,0,1,5,3
38,7,3,4,6
39,5,7,4,0
