2
Grid:
8,8
........
........
........
........
........
........
........
........
Agents:
42
0,7,4,6,3
1,5,0,1,6
2,3,4,7,0
3,7,5,2,1
4,5,7,2,2
5,3,1,0,2
6,7,6,3,4
7,0,6,1,1
8,7,2,4,4
9,3,6,6,0
10,4,0,3,6
11,6,5,4,2
12,1,4,6,6
13,2,0,4,1
14,4,7,1,3
15,1,7,5,7
16,2,3,0,4
17,5,2,3,5
18,5,4,2,6
19,4,5,5,5
20,6,6,5,4
21,5,6,4,6
22,6,7,1,0
23,4,6,4,0
24,2,7,5,2
25,6,3,7,5
26,1,6,3,2
27,2,6,6,1
28,3,7,7,3
29,6,2,0,5
30,1,1,6,7
31,0,3,0,6
32,2,5,7,2
33,1,3,5,1
34,7,1,0,7
35,0,4,7,4
36,4,2,1,5
37,4,4,4,7
38,5,1,4,5
39,1,5,2,3
40,5,3,3,7
41,3,5,3,3
