0
Grid:
8,8
........
........
........
........
........
........
........
........
Agents:
40
0,1,4,2,5
1,2,4,5,5
2,3,2,6,3
3,6,1,1,1
4,5,1,3,1
5,5,5,3,0
6,1,7,7,6
7,6,4,2,3
8,0,1,6,4
9,1,1,0,3
10,2,7,0,6
11,2,3,0,7
12,4,7,5,4
13,6,5,4,2
14,1,5,0,2
15,7,7,5,2
16,0,5,3,3
17,2,2,4,1
18,2,5,6,5
19,4,1,2,1
20,0,6,5,1
21,5,3,1,0
22,3,3,7,7
23,3,6,7,3
24,7,5,6,1
25,6,6,7,2
26,2,0,3,7
27,7,0,3,5
28,5,2,3,2
29,2,6,3,4
30,7,3,4,6
31,4,2,5,3
32,1,3,1,7
33,5,0,2,4
34,3,7,1,6
35,7,6,0,4
36,0,0,4,4
37,0,3,0,5
38,0,2,1,5
39,4,0,5,6
