2
Grid:
8,8
........
........
........
........
........
........
........
........
Agents:
50
0,7,0,1,3
1,3,3,7,1
2,4,0,1,4
3,7,6,1,2
4,6,6,5,2
5,5,7,6,1
6,5,4,5,6
7,2,2,4,4
8,0,6,7,6
9,5,6,3,4
10,5,5,2,2
11,2,1,4,0
12,7,5,4,6
13,6,7,2,4
14,7,2,6,2
15,2,7,4,3
16,0,3,6,6
17,3,0,1,0
18,6,0,2,0
19,6,3,6,0
20,5,3,1,6
21,4,3,5,5
22,1,1,7,3
23,3,1,7,0
24,0,5,3,5
25,7,1,3,7
26,7,3,6,5
27,2,6,2,1
28,7,7,2,3
29,0,4,0,2
30,0,7,3,1
31,1,3,7,2
32,6,2,1,1
33,2,0,7,7
34,3,4,4,1
35,3,5,5,0
36,4,1,0,4
37,0,0,0,6
38,6,4,7,4
39,5,0,1,5
40,6,1,0,0
41,7,4,2,6
42,5,1,6,7
43,4,4,2,7
44,1,5,4,2
45,4,2,5,3
46,0,1,0,7
47,3,7,5,1
48,4,5,5,7
49,6,5,6,3
