0
Grid:
8,8
........
........
........
........
........
........
........
........
Agents:
54
0,4,2,3,2
1,3,2,4,4
2,0,4,1,2
3,7,4,5,2
4,5,1,3,6
5,7,2,4,7
6,1,0,2,6
7,4,6,6,7
8,0,6,5,5
9,0,3,3,4
10,7,6,7,0
11,7,3,1,7
12,4,7,0,3
13,3,3,0,4
14,6,1,1,1
15,6,7,1,0
16,0,5,4,5
17,3,0,3,1
18,4,1,5,0
19,5,3,6,3
20,4,4,5,4
21,6,3,2,5
22,1,3,1,4
23,5,6,0,0
24,4,0,4,6
25,2,3,5,1
26,0,2,0,6
27,3,4,3,7
28,0,7,6,5
29,5,2,0,1
30,7,7,3,0
31,5,7,4,2
32,2,5,7,5
33,5,4,7,1
34,7,0,7,2
35,3,6,4,0
36,4,5,7,4
37,7,1,0,2
38,3,5,6,2
39,2,6,6,0
40,1,4,3,3
41,6,6,7,7
42,6,0,6,1
43,1,6,1,5
44,6,2,2,0
45,0,0,2,1
46,6,4,5,3
47,1,1,7,6
48,1,2,4,3
49,2,2,2,3
50,5,0,2,2
51,0,1,7,3
52,3,7,5,6
53,2,0,0,5
