3
Grid:
8,8
........
........
........
........
........
........
........
........
Agents:
50
0,7,2,5,4
1,4,3,4,2
2,6,3,0,7
3,1,6,5,6
4,7,5,2,7
5,0,5,1,4
6,1,0,4,1
7,6,4,5,2
8,1,2,1,2
9,2,7,7,0
10,5,0,2,6
11,3,6,2,0
12,7,6,1,7
13,3,1,5,7
14,6,5,7,4
15,6,2,3,1
16,2,5,7,6
17,1,7,0,4
18,0,3,0,3
19,6,0,6,5
20,4,2,5,0
21,4,0,2,3
22,0,7,4,5
23,6,1,1,3
24,6,6,1,6
25,4,4,2,4
26,1,4,6,3
27,7,0,6,0
28,2,1,2,2
29,1,3,7,5
30,3,0,4,3
31,5,3,0,2
32,2,4,7,3
33,7,1,3,6
34,5,1,3,0
35,3,4,6,6
36,1,5,3,4
37,5,5,6,1
38,5,6,1,5
39,5,2,5,3
40,7,7,6,4
41,7,4,6,7
42,4,5,4,6
43,0,2,3,3
44,3,2,0,0
45,0,0,5,5
46,0,4,2,1
47,3,5,1,1
48,2,2,2,5
49,0,1,0,5
