2
Grid:
8,8
........
........
........
........
........
........
........
........
Agents:
48
0,7,1,2,5
1,2,5,1,7
2,7,4,0,7
3,1,1,7,1
4,3,2,0,0
5,5,2,4,1
6,3,1,4,6
7,0,6,2,1
8,7,3,3,3
9,2,1,6,2
10,3,5,6,5
11,2,3,0,6
12,4,6,1,4
13,6,0,4,5
14,4,2,7,4
15,4,3,5,2
16,2,2,4,4
17,5,6,2,6
18,5,3,6,1
19,6,1,0,3
20,5,1,1,1
21,7,5,6,6
22,4,1,5,0
23,5,5,5,4
24,6,4,5,5
25,3,4,0,4
26,0,3,7,0
27,3,3,7,3
28,6,7,0,1
29,6,6,6,7
30,4,0,3,5
31,5,0,2,2
32,6,2,2,3
33,7,0,3,2
34,1,5,3,0
35,1,2,1,2
36,4,7,0,2
37,7,2,6,3
38,2,6,5,3
39,2,4,2,0
40,7,6,1,3
41,1,7,2,7
42,3,7,4,7
43,5,4,5,1
44,4,5,4,0
45,3,6,6,0
46,2,0,7,5
47,0,2,3,7
