0
Grid:
8,8
........
........
........
........
........
........
........
........
Agents:
50
0,1,4,1,2
1,4,5,4,3
2,6,6,1,6
3,7,7,1,5
4,6,3,6,5
5,2,6,3,3
6,3,4,4,6
7,1,7,3,2
8,5,3,6,1
9,2,5,1,7
10,3,7,0,4
11,0,2,3,7
12,0,0,7,7
13,4,0,0,1
14,1,6,3,0
15,3,1,2,1
16,2,3,1,3
17,1,2,3,5
18,6,2,7,6
19,2,1,4,1
20,4,1,7,3
21,5,2,0,5
22,5,5,0,7
23,2,7,7,1
24,6,0,5,1
25,0,1,4,4
26,7,0,2,5
27,6,4,0,3
28,6,1,3,1
29,0,5,5,4
30,1,0,5,3
31,5,0,6,6
32,7,6,7,2
33,3,5,2,2
34,7,1,0,6
35,2,4,4,0
36,3,0,5,0
37,6,5,6,4
38,2,2,6,2
39,3,2,2,0
40,5,1,4,7
41,1,3,4,2
42,0,4,6,0
43,7,4,1,4
44,6,7,0,0
45,5,4,2,6
46,5,7,7,0
47,3,6,1,1
48,4,7,7,4
49,4,2,5,6
