0
Grid:
20,20
....................
..............@.....
..@........@........
............@.@.@...
...................@
.......@...@@.......
@..............@....
@.@..........@......
.........@.........@
.....@...@.........@
.........@.......@..
...................@
..........@.@.@@..@.
....................
....................
...........@....@@..
@.........@..@...@..
............@.......
...........@.......@
...@..@.............
Agents:
44
0,19,9,0,2
1,14,2,15,18
2,15,14,17,6
3,18,9,5,19
4,16,12,2,1
5,16,15,8,1
6,3,18,9,14
7,8,11,2,16
8,2,18,4,6
9,13,4,9,10
10,15,6,0,15
11,16,5,15,2
12,8,17,4,7
13,14,13,14,17
14,11,1,14,5
15,18,15,5,13
16,18,7,17,11
17,9,4,15,12
18,1,7,14,1
19,14,9,0,11
20,8,3,1,17
21,2,4,1,1
22,14,7,8,7
23,13,14,14,12
24,19,14,11,13
25,14,8,17,4
26,6,10,19,13
27,5,0,2,10
28,15,3,14,14
29,0,15,5,4
30,8,0,16,19
31,19,12,19,10
32,8,12,17,5
33,11,6,19,17
34,10,5,11,8
35,0,8,12,1
36,17,5,11,16
37,18,4,6,7
38,7,12,14,8
39,3,4,6,5
40,1,10,3,7
41,0,19,13,5
42,19,0,7,11
43,11,11,2,6
