8
Grid:
20,20
.....@............@.
..........@@..@...@.
.@..................
....................
.@..................
......@....@@.....@.
.......@....@.......
........@.@.........
......@.....@.......
....................
.@..........@......@
.............@.....@
....................
@.@.................
...@.......@.....@..
......@.............
@...@............@.@
...@..........@..@.@
........@...........
.............@..@...
Agents:
38
0,0,9,13,9
1,5,9,3,11
2,10,14,0,10
3,15,3,10,14
4,10,18,12,5
5,5,15,0,4
6,14,9,2,2
7,5,10,18,12
8,5,4,11,7
9,17,16,2,15
10,0,0,14,12
11,8,11,6,10
12,15,14,8,16
13,4,8,7,16
14,2,14,14,16
15,10,0,10,15
16,7,3,10,11
17,2,10,0,3
18,17,18,5,3
19,13,10,13,17
20,12,0,6,14
21,15,12,18,0
22,7,4,7,6
23,8,4,14,0
24,1,19,12,6
25,19,1,2,8
26,18,7,17,5
27,17,15,16,13
28,18,18,3,1
29,19,5,1,6
30,1,7,9,2
31,9,12,2,5
32,3,10,14,5
33,17,4,6,9
34,1,3,7,2
35,1,9,13,14
36,19,17,7,11
37,13,12,9,11
