3
Grid:
20,20
@......@.....@......
..@.@@.@........@.@.
.....@.......@.@....
@.................@.
.........@....@@....
....................
................@...
..........@.........
.............@....@.
........@...@.......
.....@.......@......
.....@..@..........@
..............@.....
.................@..
......@.....@......@
.@.............@...@
....@...............
................@...
@...................
............@.......
Agents:
30
0,15,8,11,0
1,9,6,19,5
2,5,2,10,7
3,17,19,5,11
4,13,16,16,17
5,7,12,5,8
6,2,8,6,10
7,5,18,1,8
8,0,8,11,12
9,0,14,13,6
10,18,11,13,18
11,13,11,16,7
12,12,8,18,2
13,9,2,11,15
14,11,12,19,4
15,3,1,18,17
16,2,2,18,16
17,16,13,8,2
18,12,6,6,2
19,12,12,10,9
20,18,10,13,14
21,19,5,5,17
22,5,4,5,7
23,8,5,0,2
24,19,0,6,3
25,8,3,10,18
26,15,17,6,1
27,14,17,3,8
28,13,14,18,3
29,7,0,4,1
