6
Grid:
20,20
....................
..........@......@..
.@.........@..@.....
.......@............
.@....@.@.@.........
......@........@.@..
..@.......@.........
........@.@.......@.
.....@...........@.@
.....@........@.....
....................
..@..........@.@....
....................
........@..@@..@@..@
..@..............@..
..................@.
...................@
...............@@..@
....................
......@.............
Agents:
30
0,11,6,1,12
1,19,7,11,12
2,8,13,3,11
3,12,10,2,19
4,12,9,16,3
5,0,13,2,12
6,14,11,12,10
7,6,4,18,8
8,9,4,10,8
9,7,19,16,15
10,3,2,13,1
11,8,10,14,16
12,4,15,7,17
13,7,7,0,6
14,18,14,6,17
15,16,12,13,6
16,5,16,14,6
17,14,1,18,3
18,0,15,16,2
19,1,14,18,15
20,19,1,12,2
21,9,6,13,0
22,17,14,16,8
23,19,9,10,2
24,10,9,8,4
25,1,1,13,3
26,1,6,7,15
27,10,4,7,9
28,1,5,13,9
29,1,3,17,4
