3
Grid:
20,20
..........@...@.....
...........@...@....
............@...@...
..@.................
......@........@@...
...........@........
....................
....@...@...........
...@..@...@..@......
.....@..............
.@.............@...@
.........@..........
.....@.....@........
..@@................
.......@.@..@..@@...
....................
...........@..@.....
......@..@..@.......
....@@..........@...
.................@..
Agents:
44
0,9,8,12,3
1,16,15,16,8
2,10,8,1,1
3,17,16,0,0
4,13,7,6,16
5,9,1,16,5
6,15,13,3,4
7,9,17,14,13
8,15,11,6,13
9,4,4,17,16
10,3,16,1,10
11,2,18,18,14
12,15,4,14,8
13,11,2,8,1
14,6,8,15,3
15,12,8,3,14
16,3,19,11,14
17,4,1,16,0
18,18,3,2,2
19,16,12,6,7
20,7,1,16,15
21,7,11,1,18
22,4,17,11,12
23,4,12,18,19
24,13,13,7,15
25,6,18,9,9
26,0,8,3,11
27,16,6,16,7
28,15,6,16,13
29,1,0,4,4
30,2,10,13,14
31,13,0,9,2
32,7,5,5,12
33,17,11,6,2
34,10,3,11,17
35,18,8,18,12
36,4,19,13,6
37,10,18,14,4
38,5,10,1,8
39,15,19,11,6
40,3,7,10,11
41,15,9,0,12
42,16,0,2,7
43,19,6,3,9
