6
Grid:
20,20
.............@......
...@..@..@....@.....
.@...............@..
....................
......@.........@...
...........@........
....@...............
..........@@...@....
...@...........@....
....@...........@...
......@....@........
.........@..........
.....@..............
.@...@........@@@...
....................
.@.....@...@........
....................
....................
...@@.....@......@@.
....@@......@@.....@
Agents:
22
0,14,15,13,10
1,14,11,9,13
2,11,19,3,4
3,12,15,18,11
4,16,5,18,6
5,4,12,8,8
6,6,12,13,8
7,9,7,6,19
8,12,18,2,12
9,8,1,14,2
10,6,13,16,11
11,4,11,12,10
12,0,0,10,15
13,0,2,12,17
14,19,7,16,16
15,11,1,1,16
16,6,16,9,5
17,11,7,15,19
18,17,8,1,11
19,3,17,7,3
20,8,13,17,16
21,3,15,11,18
