3
Grid:
20,20
@....@......@.......
....................
..@.............@..@
...............@....
.....@..@..@...@....
..@.@@...@.........@
........@.@..@.@@...
.......@............
..........@....@....
@.....@..@..........
...........@........
....................
..@.................
.@..@............@.@
..@.................
..........@@........
....................
..@.................
@...@...............
@...................
Agents:
50
0,13,13,8,18
1,10,10,8,1
2,2,17,0,18
3,12,3,13,8
4,1,5,19,16
5,0,10,2,18
6,18,7,7,2
7,14,0,1,4
8,1,12,17,6
9,11,16,12,5
10,11,8,8,3
11,8,2,17,13
12,19,15,2,13
13,17,11,13,6
14,2,1,12,16
15,7,6,5,1
16,10,4,19,18
17,8,9,18,14
18,13,6,11,7
19,11,2,13,18
20,19,9,15,8
21,9,10,8,5
22,12,13,12,18
23,18,9,0,11
24,8,4,7,3
25,11,11,15,0
26,10,6,10,3
27,4,9,11,14
28,17,1,1,5
29,13,14,1,7
30,1,6,5,11
31,7,1,10,13
32,3,13,14,4
33,10,9,14,16
34,16,9,13,5
35,6,6,17,0
36,8,0,16,15
37,14,17,8,16
38,15,3,14,13
39,18,1,1,14
40,15,17,3,19
41,10,1,5,13
42,4,17,8,17
43,16,14,1,8
44,9,19,19,10
45,9,11,16,3
46,18,17,19,17
47,5,0,11,4
48,7,19,4,16
49,5,3,16,5
