0
Grid:
20,20
....@...........@.@@
...@................
........@........@..
.@..................
.@.......@....@.@@..
............@.......
...................@
.......@@...........
.@.....@......@.....
..........@.........
.....@@..@..........
.....@..............
..........@........@
........@...@.......
....@...............
........@.........@.
@@..............@...
@......@............
..@....@............
..............@.....
Agents:
24
0,3,5,12,5
1,7,11,13,13
2,11,9,9,19
3,7,4,1,9
4,1,8,1,5
5,12,16,16,9
6,13,13,15,2
7,11,1,10,7
8,15,17,8,12
9,19,9,11,16
10,4,7,17,5
11,16,4,9,4
12,17,12,9,0
13,4,5,14,6
14,19,13,12,18
15,4,10,11,18
16,1,14,5,11
17,8,11,1,1
18,16,13,10,11
19,5,7,15,6
20,4,8,3,14
21,5,14,13,2
22,7,10,9,15
23,6,16,13,18
