0
Grid:
20,20
..............@.....
..@............@...@
@@.............@....
.....@..............
.................@..
...@...@............
...@.@..@..@........
.........@..........
..............@.....
........@.....@.....
..........@..@..@...
.................@@.
@@.@@...............
@................@..
..@...@@.....@.....@
....................
......@.............
@...................
...@................
@@..................
Agents:
28
0,7,11,1,10
1,4,5,16,11
2,8,6,15,4
3,11,11,10,4
4,18,12,7,1
5,15,19,19,4
6,18,16,10,9
7,9,16,17,15
8,5,19,1,6
9,2,18,3,11
10,15,4,15,19
11,9,13,1,0
12,8,3,8,19
13,15,14,7,2
14,17,3,2,4
15,3,7,8,2
16,0,1,19,2
17,11,5,12,8
18,13,11,19,18
19,12,9,19,7
20,16,19,3,18
21,2,7,14,15
22,13,8,7,12
23,16,11,1,16
24,1,5,8,4
25,4,7,17,19
26,13,1,11,15
27,1,16,19,8
