9
Grid:
20,20
@........@....@.@...
.............@......
...........@........
.@@.....@.........@.
@...........@...@...
......@..@@.........
..@...............@.
.................@..
..........@.........
......@.......@.....
....................
..........@@........
...@.@..............
...@.@....@..@......
..............@.....
.@..................
................@...
.....@@.@...........
.....@.....@......@.
.....@..............
Agents:
32
0,14,11,18,10
1,9,9,15,13
2,15,10,9,16
3,7,9,5,19
4,11,13,9,8
5,12,17,10,3
6,10,13,19,16
7,12,12,16,3
8,1,16,7,14
9,16,10,1,5
10,5,11,13,4
11,15,5,9,12
12,6,11,18,2
13,13,6,11,16
14,0,3,4,4
15,15,17,8,5
16,10,8,12,14
17,14,13,7,10
18,4,7,2,3
19,9,10,7,12
20,9,3,15,9
21,10,18,14,1
22,14,3,1,7
23,5,18,1,1
24,1,10,19,13
25,7,1,3,17
26,3,4,18,17
27,12,9,0,19
28,16,4,6,16
29,1,17,15,6
30,7,12,5,3
31,1,15,1,2
