0
Grid:
20,20
.@..................
.@.@.....@..........
...@...@............
.....@..........@...
....@...........@@..
..@..............@..
..@@......@.@.@.....
..................@.
............@.......
................@...
................@...
.....@...@....@.....
..@@......@.........
@@......@...........
.................@..
....................
@.@@................
..........@.........
.......@...@.......@
......@.............
Agents:
40
0,19,8,18,2
1,4,5,12,4
2,0,8,4,11
3,17,12,9,18
4,8,1,17,1
5,17,2,18,5
6,6,15,6,5
7,10,12,13,3
8,8,15,11,17
9,0,11,7,11
10,10,5,17,4
11,15,16,12,8
12,12,11,15,7
13,7,19,11,3
14,15,15,9,11
15,13,14,17,2
16,9,19,3,14
17,13,10,3,2
18,19,13,0,15
19,2,12,2,13
20,8,9,3,17
21,18,6,18,9
22,9,1,4,3
23,0,9,1,6
24,2,6,9,7
25,17,13,12,12
26,13,6,19,8
27,16,5,19,18
28,4,9,10,12
29,9,12,16,17
30,6,11,14,6
31,18,17,16,6
32,15,7,15,10
33,8,17,17,16
34,17,5,14,4
35,4,10,12,5
36,10,17,16,8
37,6,4,1,16
38,12,6,5,18
39,17,15,3,11
