0
Grid:
20,20
.@..............@...
...............@...@
@.@..............@..
.....@..@...........
........@...........
....................
..@...........@.....
....................
..@....@....@.@..@@.
....@...............
....................
.............@......
......@........@....
@...@......@.....@@.
..............@.....
..........@.......@.
.......@............
@..@................
...@..@.@...@......@
.......@...@........
Agents:
36
0,10,1,16,8
1,1,2,12,12
2,10,12,13,8
3,13,15,19,3
4,14,2,19,15
5,14,8,1,12
6,18,10,15,3
7,14,15,12,0
8,4,17,2,19
9,8,8,19,12
10,2,15,18,10
11,16,3,4,5
12,19,10,16,9
13,19,2,8,10
14,16,9,12,10
15,1,1,13,19
16,14,5,13,1
17,6,19,5,0
18,12,5,10,19
19,4,13,0,13
20,16,16,1,0
21,14,7,11,5
22,19,8,19,16
23,17,2,16,16
24,19,0,2,4
25,15,2,9,2
26,6,6,14,9
27,13,3,9,0
28,15,7,4,14
29,5,4,5,18
30,1,12,17,2
31,11,18,5,12
32,16,8,16,0
33,4,2,11,0
34,3,9,12,3
35,9,12,6,7
