8
Grid:
20,20
......@........@....
...............@....
......@............@
................@...
@........@@.........
.@........@.@.@.....
....@@..............
.....@..............
............@...@...
.....@@.@...........
......@......@......
.@..................
........@..@......@.
................@.@.
...@..............@@
..........@.........
........@..@.....@@.
..@.................
@..................@
....................
Agents:
30
0,13,3,10,19
1,11,15,3,17
2,10,5,7,14
3,6,13,8,11
4,11,14,15,14
5,11,5,3,5
6,13,2,10,0
7,15,19,18,14
8,2,3,1,7
9,8,17,14,4
10,6,18,17,18
11,18,12,10,18
12,12,14,17,10
13,1,14,11,8
14,9,10,6,10
15,6,14,2,1
16,10,18,11,5
17,13,7,15,0
18,12,17,12,6
19,2,0,6,17
20,18,18,17,6
21,9,15,13,4
22,2,17,1,13
23,17,5,8,9
24,19,16,9,11
25,16,13,14,16
26,3,11,18,7
27,7,13,9,3
28,1,17,12,13
29,16,0,4,14
