4
Grid:
20,20
....@..@............
..................@.
....@..@@....@.@....
.........@.@...@....
....@...............
@..................@
@..........@........
.@....@.......@.....
...@........@@......
.................@..
..................@.
.@..@...............
....@........@......
.........@....@.....
.....@....@...@.....
...@..@.............
..@.................
....................
....................
.........@@.....@@..
Agents:
38
0,4,14,11,15
1,9,8,1,17
2,9,12,4,15
3,0,17,18,5
4,8,4,15,2
5,5,16,2,3
6,13,16,1,14
7,12,7,13,7
8,6,5,4,7
9,18,10,15,16
10,17,8,3,3
11,10,11,19,1
12,17,7,12,9
13,6,17,15,18
14,14,12,7,5
15,19,15,17,8
16,8,0,2,10
17,8,9,6,18
18,6,18,5,14
19,1,14,4,6
20,8,14,18,7
21,18,18,10,3
22,11,19,17,7
23,4,17,12,3
24,19,1,4,10
25,11,12,4,13
26,9,15,7,12
27,2,11,12,18
28,9,16,11,2
29,18,5,6,4
30,16,9,4,8
31,4,19,12,12
32,18,11,5,5
33,10,14,8,19
34,8,15,17,16
35,5,12,4,2
36,0,0,17,11
37,10,10,16,19
