1
Grid:
20,20
....................
...@..........@...@.
................@.@.
@.............@.@...
...@................
@................@..
@...................
............@......@
...@..............@.
.............@......
..@@.......@........
@@.................@
...@.............@.@
......@......@......
.......@......@.....
......@....@@.......
......@@.....@......
....................
..........@.........
...@.@..........@...
Agents:
50
0,3,11,4,10
1,11,14,18,3
2,7,16,6,5
3,1,16,10,4
4,2,2,6,10
5,2,11,10,19
6,18,1,16,5
7,4,10,7,15
8,16,12,6,4
9,19,8,18,1
10,12,16,0,7
11,1,17,16,18
12,9,4,5,7
13,8,17,12,10
14,5,13,14,18
15,5,11,19,11
16,12,10,7,18
17,1,7,16,3
18,12,5,17,7
19,0,3,2,19
20,8,12,9,4
21,1,12,11,5
22,1,9,16,12
23,11,2,7,11
24,2,10,18,13
25,14,17,7,17
26,3,17,0,9
27,7,4,10,5
28,16,9,14,6
29,17,6,6,6
30,6,6,9,0
31,16,18,17,1
32,8,16,8,12
33,16,16,7,1
34,17,8,7,3
35,19,2,13,1
36,9,2,4,9
37,15,7,10,1
38,13,3,9,1
39,9,11,7,10
40,7,1,9,10
41,15,14,3,4
42,2,9,8,14
43,11,18,6,7
44,6,15,9,5
45,14,16,0,4
46,9,6,17,9
47,14,11,15,8
48,7,0,0,3
49,11,7,18,14
