1
Grid:
20,20
.......@............
....................
...............@.@..
@.....@...@.........
...................@
@............@@.@..@
....@...........@...
................@...
.@................@.
.@............@.....
..........@.........
..@..@..@...........
..................@@
.............@....@.
.........@.....@....
......@..@........@@
.........@.......@..
.@..............@...
.......@.@..........
...............@....
Agents:
36
0,0,18,15,16
1,17,17,7,7
2,6,13,18,6
3,5,6,15,17
4,14,8,0,17
5,0,12,6,11
6,6,10,3,16
7,17,9,17,14
8,18,12,18,2
9,11,0,10,4
10,6,19,14,0
11,19,8,4,15
12,4,17,17,11
13,6,8,5,18
14,15,8,7,13
15,9,2,0,19
16,3,19,3,2
17,18,15,9,19
18,4,14,17,4
19,7,3,16,15
20,17,0,18,18
21,11,18,15,5
22,17,18,12,15
23,7,0,5,11
24,8,6,4,4
25,3,2,3,9
26,5,7,4,6
27,14,18,10,6
28,3,13,2,1
29,0,16,17,12
30,8,11,6,2
31,14,6,16,7
32,0,4,3,4
33,3,11,9,12
34,0,17,4,14
35,19,1,1,0
