0
Grid:
20,20
...@....@.......@.@.
..@.................
...@................
..........@.......@.
............@.......
@...................
...@......@....@....
..............@.....
......@............@
@@................@.
....................
.@.....@........@...
..............@.....
.........@.....@..@.
...@.......@......@.
..............@.....
...............@....
...........@....@...
....@.@...@.........
..@@....@..........@
Agents:
34
0,4,7,4,15
1,17,12,19,17
2,12,16,7,7
3,7,3,3,16
4,14,16,2,16
5,19,11,2,12
6,17,13,18,13
7,8,12,6,12
8,13,1,15,11
9,13,12,17,5
10,17,15,5,16
11,0,14,5,3
12,10,8,1,10
13,13,7,14,17
14,14,14,2,15
15,2,8,18,18
16,18,14,19,12
17,3,16,1,4
18,6,17,13,13
19,13,2,8,2
20,5,7,8,15
21,12,1,12,19
22,15,1,1,5
23,4,2,7,1
24,14,8,14,8
25,5,1,8,13
26,11,18,13,0
27,6,19,19,10
28,9,6,17,12
29,2,4,7,11
30,17,2,2,0
31,10,16,8,10
32,1,13,10,13
33,9,17,9,14
