9
Grid:
20,20
............@..@..@.
.........@..........
...............@..@.
................@..@
.............@......
....................
.....@@....@........
......@.............
...............@.@@.
......@@............
................@..@
......@....@........
.@.@.@..............
...@........@..@....
......@.@...........
@......@............
..........@.........
@.........@.....@..@
......@.......@.....
................@...
Agents:
36
0,14,12,1,2
1,5,0,18,12
2,14,16,12,14
3,3,8,3,0
4,19,8,18,9
5,14,18,16,17
6,13,14,4,0
7,11,13,4,5
8,1,14,14,13
9,10,2,0,4
10,13,18,17,11
11,12,11,2,7
12,4,2,11,4
13,11,7,3,11
14,3,17,3,8
15,3,13,14,0
16,11,16,17,8
17,9,11,18,5
18,7,9,17,12
19,11,12,18,1
20,18,9,8,10
21,16,18,6,14
22,14,15,5,2
23,17,2,4,4
24,0,5,19,7
25,3,15,17,6
26,0,13,18,18
27,16,11,17,9
28,5,16,5,13
29,5,1,14,1
30,7,17,8,3
31,4,19,9,14
32,5,11,8,9
33,1,18,15,4
34,11,1,1,8
35,19,3,7,11
