8
Grid:
20,20
.......@....@.@.....
...@@...............
......@....@.@....@.
.......@............
............@.......
..............@.....
......@...........@.
.............@....@.
.@.@................
....................
.....@........@....@
....@@.....@........
@..@.@..............
@...............@...
..............@.....
....................
.@....@...@.........
....@.........@.....
@..........@.@.....@
......@.............
Agents:
20
0,0,16,1,10
1,7,15,6,9
2,12,2,15,12
3,13,4,7,12
4,14,8,4,17
5,8,10,18,18
6,4,16,16,16
7,5,12,14,17
8,9,5,13,17
9,2,7,19,11
10,17,13,19,14
11,9,16,8,14
12,9,17,16,5
13,12,19,10,8
14,14,5,14,5
15,16,4,19,1
16,5,5,15,5
17,2,17,14,3
18,16,16,4,4
19,18,9,11,19
