4
Grid:
20,20
....................
.........@.......@.@
.....@..........@...
............@......@
......@.............
@...@.......@.@@....
..........@....@....
.@.....@............
@.@....@............
..@..@........@@....
..................@.
...............@....
.......@............
............@.@.....
.@...........@@....@
...@................
....................
............@....@..
....@@...........@..
...@................
Agents:
28
0,15,6,19,0
1,16,8,11,11
2,6,0,13,1
3,14,10,13,3
4,17,5,9,12
5,17,15,8,4
6,18,9,18,9
7,3,5,16,11
8,1,12,19,17
9,8,5,16,5
10,3,14,5,6
11,2,13,12,3
12,15,5,10,2
13,15,8,11,16
14,10,1,13,2
15,11,9,15,16
16,17,9,10,9
17,16,16,15,8
18,18,18,3,17
19,14,15,6,5
20,11,19,9,17
21,18,7,5,10
22,3,11,18,14
23,11,2,16,18
24,17,11,2,9
25,5,11,13,18
26,18,0,16,8
27,15,12,4,2
