2
Grid:
20,20
.........@..........
.......@............
...........@...@....
.......@.@........@.
.........@..........
.@...@.......@.@.@..
...@...@.@.......@..
......@.............
@..............@...@
......@@..@.........
...............@....
....................
....@......@........
.......@..........@.
............@.......
@..@...@............
....@.........@.@...
.........@.........@
...@...............@
....................
Agents:
36
0,12,19,6,19
1,8,4,0,11
2,4,0,9,9
3,13,9,17,5
4,3,16,3,17
5,19,11,14,11
6,19,5,7,18
7,7,3,6,1
8,3,14,16,12
9,9,12,5,10
10,2,18,17,14
11,16,2,16,0
12,15,8,14,4
13,10,18,14,16
14,16,10,3,11
15,14,15,13,12
16,13,3,1,18
17,5,19,3,4
18,2,14,7,11
19,3,11,5,4
20,0,12,11,15
21,10,8,4,3
22,10,13,10,14
23,11,13,1,12
24,9,0,8,13
25,17,10,10,2
26,7,1,18,16
27,8,12,2,12
28,13,5,0,13
29,18,5,18,15
30,0,8,19,6
31,7,0,7,10
32,11,11,11,14
33,9,19,9,0
34,8,9,7,9
35,14,4,0,18
