3
Grid:
20,20
.......@@..........@
....................
......@.........@...
....@..@............
................@.@.
........@....@.@@...
.@..................
@.@.................
..........@@...@.@..
........@..@........
...............@....
....................
........@.....@..@..
...@........@.......
....@...............
..@.....@...@.....@.
...............@....
.......@.@..@.......
....................
...........@....@@..
Agents:
38
0,9,7,1,13
1,7,18,5,17
2,3,17,17,11
3,0,10,11,10
4,12,7,6,4
5,7,12,6,17
6,12,11,11,3
7,13,7,18,15
8,18,14,14,11
9,16,5,9,16
10,9,10,12,3
11,18,1,11,5
12,14,1,4,5
13,8,18,12,19
14,15,0,4,12
15,6,16,10,0
16,16,9,7,16
17,5,19,10,5
18,6,9,1,1
19,0,1,14,13
20,5,5,14,8
21,1,8,1,19
22,7,7,3,18
23,3,15,8,9
24,7,4,15,15
25,18,9,8,5
26,8,5,18,0
27,4,2,2,11
28,9,1,4,15
29,1,3,17,8
30,11,6,0,2
31,15,3,0,14
32,2,19,10,6
33,8,6,11,8
34,4,7,5,10
35,0,6,16,6
36,15,14,12,5
37,0,16,9,3
