2
Grid:
20,20
..............@..@@.
.....@...........@..
.@....@...@.........
............@....@..
.@....@.............
.....@@.............
....@..............@
.@..........@......@
........@.@..@......
.@.............@....
......@....@........
....................
...............@....
.@.........@........
..@..........@......
.....@..............
........@......@@...
..@................@
.@..........@.....@.
....................
Agents:
32
0,14,1,3,19
1,13,8,0,4
2,1,14,17,6
3,9,19,3,14
4,1,15,0,0
5,2,3,14,12
6,12,11,10,15
7,9,8,12,7
8,3,5,2,16
9,8,5,14,5
10,11,15,9,12
11,13,3,12,2
12,8,3,3,13
13,15,4,18,14
14,19,4,8,3
15,17,17,16,3
16,8,15,2,3
17,18,14,9,7
18,0,3,4,8
19,9,18,2,15
20,4,12,16,0
21,11,0,8,9
22,7,10,19,12
23,7,17,12,5
24,2,8,5,9
25,12,18,4,9
26,5,18,8,7
27,15,17,18,2
28,3,10,15,2
29,2,17,4,3
30,18,4,2,18
31,15,16,1,3
