5
Grid:
20,20
..........@......@..
.@..................
...........@..@..@..
.....@............@.
....................
..............@.....
....@...............
...............@@...
...@@...........@..@
................@...
..................@.
........@@.......@..
............@@@.....
.........@....@...@@
..@..@.@@@..........
............@.......
................@...
....................
........@@..........
.@........@..@......
Agents:
30
0,9,19,17,4
1,2,0,14,0
2,12,17,18,12
3,5,7,13,13
4,18,19,18,18
5,2,3,18,11
6,1,18,12,5
7,17,17,11,3
8,0,11,12,4
9,19,18,15,13
10,17,11,17,5
11,3,19,0,3
12,15,17,5,9
13,5,11,9,6
14,0,4,4,1
15,14,12,8,8
16,2,13,12,3
17,5,2,3,7
18,9,14,10,13
19,0,8,1,12
20,9,3,1,17
21,18,13,8,9
22,11,7,16,9
23,8,1,9,2
24,4,15,7,18
25,13,3,18,3
26,10,14,10,1
27,16,17,19,7
28,16,2,7,6
29,7,14,8,7
