2
Grid:
20,20
@@.......@..........
...............@...@
..@............@@..@
.........@@.........
...@@@..............
............@@......
........@...@.......
...............@....
....@..@.....@......
...@................
..@.................
@............@.@@...
........@...@....@.@
.......@......@.....
.......@............
........@...........
....@..........@....
....................
............@.......
...@................
Agents:
40
0,3,2,7,2
1,2,4,15,17
2,15,6,12,15
3,2,1,14,6
4,14,8,15,5
5,14,16,18,19
6,11,12,15,6
7,10,16,11,7
8,1,18,16,11
9,2,9,2,11
10,4,8,8,10
11,1,0,16,0
12,6,5,17,15
13,6,7,9,9
14,3,7,15,1
15,11,17,3,19
16,11,3,19,18
17,4,7,5,7
18,1,4,11,1
19,9,7,10,14
20,9,19,10,8
21,4,2,15,19
22,17,8,19,8
23,3,4,7,16
24,7,13,13,13
25,17,14,5,6
26,3,14,10,13
27,19,17,17,19
28,15,12,1,1
29,16,7,18,9
30,17,16,11,9
31,5,7,10,15
32,1,13,5,2
33,11,14,3,17
34,8,0,7,14
35,18,13,19,10
36,10,6,4,13
37,10,15,18,0
38,3,6,15,15
39,10,17,18,4
