5
Grid:
20,20
........@@..........
...............@....
..@.................
......@..........@..
.@.......@........@.
.....@......@.......
.@.@..........@.....
...........@....@...
.@...............@..
........@...........
@.............@.....
....................
@..@..........@.....
......@...........@@
........@.......@...
.@............@.....
.......@......@.....
.@....@.............
....@.....@..@...@..
.....@..............
Agents:
50
0,16,9,11,17
1,12,11,16,5
2,6,0,3,19
3,9,18,19,7
4,17,4,3,8
5,14,5,14,12
6,10,19,8,19
7,5,19,7,7
8,7,8,2,1
9,0,5,14,0
10,16,18,5,10
11,15,11,1,11
12,10,4,19,3
13,8,2,15,8
14,11,0,19,17
15,7,17,2,14
16,11,8,7,5
17,18,0,9,3
18,18,3,17,12
19,19,17,0,18
20,10,9,10,7
21,6,8,17,2
22,2,3,2,17
23,3,11,14,10
24,11,15,6,7
25,11,3,10,18
26,9,6,4,3
27,2,5,13,13
28,7,12,5,4
29,18,18,1,7
30,19,1,15,15
31,18,1,2,6
32,18,19,13,1
33,19,7,13,17
34,9,7,15,6
35,13,0,16,11
36,5,0,7,9
37,0,12,9,13
38,11,4,5,9
39,6,7,5,8
40,12,8,12,6
41,19,15,16,9
42,1,5,18,8
43,12,4,5,0
44,6,12,15,17
45,7,13,2,13
46,15,3,2,15
47,15,4,18,14
48,9,16,0,7
49,12,16,19,0
