3
Grid:
20,20
...@@...............
........@...........
....................
...............@....
....................
......@.............
...@................
.@..........@.......
....@...............
..@@@...............
..@.....@...@.......
..@..@@.......@....@
....@....@.........@
...@....@@...@......
.....@.............@
............@.......
.@............@@....
......@@..@........@
....@..........@....
............@.......
Agents:
48
0,16,11,19,1
1,6,10,4,7
2,8,17,11,10
3,2,1,17,16
4,16,17,10,18
5,5,9,13,17
6,10,15,16,7
7,10,17,12,16
8,14,12,9,14
9,2,5,2,4
10,18,16,3,7
11,18,7,3,4
12,1,0,15,0
13,18,3,19,2
14,4,6,4,17
15,17,5,14,14
16,7,18,6,6
17,9,15,2,12
18,3,11,7,16
19,1,15,1,17
20,14,2,16,19
21,16,16,5,13
22,0,12,3,9
23,16,13,1,12
24,8,3,13,18
25,19,17,10,10
26,6,15,2,7
27,19,15,11,18
28,18,1,1,11
29,4,1,13,16
30,15,4,8,2
31,8,12,7,9
32,19,4,10,3
33,17,2,0,17
34,3,6,17,11
35,2,6,14,6
36,15,3,8,13
37,13,19,18,9
38,3,2,14,16
39,2,11,14,7
40,17,4,13,5
41,18,0,7,14
42,0,11,10,17
43,12,13,9,9
44,17,1,16,17
45,7,19,3,13
46,19,9,15,13
47,14,4,1,1
