5
Grid:
20,20
.................@..
....................
.@.......@@.@.....@.
.....@....@..@...@..
...@................
...........@........
...............@..@.
....@.........@.....
....................
......@..@....@....@
..@............@....
.......@............
...@........@.......
.........@.........@
............@.@.....
.....@......@.......
.@@....@.........@..
.....@.....@........
....................
..........@@.....@..
Agents:
26
0,19,6,19,5
1,5,16,14,17
2,1,9,16,12
3,1,17,5,3
4,1,0,6,7
5,5,1,1,17
6,2,4,15,1
7,16,12,11,0
8,7,2,5,16
9,4,2,4,18
10,0,10,15,16
11,3,3,13,7
12,10,3,8,18
13,2,19,17,10
14,15,1,14,11
15,15,16,16,3
16,14,9,18,17
17,5,3,12,4
18,13,3,5,1
19,10,14,8,19
20,3,7,13,16
21,7,5,3,14
22,3,1,12,10
23,6,0,13,4
24,17,9,10,7
25,2,2,2,5
