5
Grid:
20,20
............@.......
...@..@.......@.....
@.@...@.............
........@.@@........
....@..@............
.........@..........
@@...........@...@..
......@........@@...
...@........@.......
.......@..........@.
..............@..@..
...@............@@.@
.....@@.............
.....@@........@....
...........@..@.....
......@.............
....................
....................
....................
...@...@............
Agents:
34
0,13,19,11,0
1,19,19,7,5
2,12,19,17,2
3,15,17,7,18
4,14,1,6,16
5,1,15,11,2
6,10,16,5,8
7,10,12,16,10
8,6,6,17,18
9,11,12,17,6
10,10,15,4,10
11,8,11,9,14
12,13,18,16,19
13,19,2,17,8
14,8,14,13,9
15,14,8,6,18
16,0,10,1,8
17,12,12,15,17
18,18,11,15,18
19,12,4,10,9
20,12,13,10,11
21,13,11,3,18
22,10,7,5,1
23,13,14,7,4
24,10,2,0,8
25,7,13,19,2
26,10,18,17,4
27,10,8,4,16
28,6,14,9,15
29,19,12,4,0
30,9,19,4,15
31,15,0,16,0
32,4,17,11,13
33,14,15,13,2
