1
Grid:
20,20
................@...
...@......@........@
..........@.........
.....@@.............
..@....@............
....@...............
..@.@.......@.......
....@...@....@....@.
....................
@.......@@...@......
.........@...@..@...
.......@....@.......
........@....@......
.........@..........
.......@............
...@................
..........@...@.....
....@....@...@..@@..
....................
...........@.......@
Agents:
42
0,1,1,14,10
1,19,4,19,15
2,9,5,8,6
3,0,11,9,5
4,10,4,10,0
5,11,13,15,7
6,12,5,18,11
7,0,15,9,10
8,8,2,19,14
9,11,18,2,11
10,3,16,7,14
11,3,18,0,5
12,17,6,13,17
13,0,18,1,16
14,5,18,0,1
15,14,2,0,3
16,13,4,12,4
17,4,14,3,18
18,13,8,3,0
19,1,5,5,10
20,6,1,13,16
21,8,8,9,15
22,13,16,3,15
23,12,10,0,14
24,8,11,4,12
25,7,5,16,16
26,13,6,15,13
27,18,13,0,13
28,7,12,10,18
29,14,18,11,3
30,1,7,5,13
31,8,13,14,0
32,15,17,0,0
33,5,14,8,9
34,14,17,16,2
35,12,15,18,5
36,17,11,3,7
37,5,16,4,13
38,5,1,9,19
39,4,3,8,18
40,0,10,7,16
41,15,12,15,18
