1
Grid:
20,20
.....@..............
....@..........@...@
.........@@.....@...
........@@..........
.@....@.............
.........@..........
....@............@..
.............@......
..@...@..@.......@..
..............@.....
.........@......@...
..@.@.............@.
.............@......
........@....@......
....................
.........@.....@....
..@............@....
..@..............@.@
...............@.@..
...@@...........@...
Agents:
38
0,12,19,5,10
1,0,15,1,16
2,8,16,18,7
3,11,8,9,3
4,10,8,15,11
5,9,16,16,14
6,3,19,9,11
7,9,3,3,17
8,15,1,17,13
9,14,13,12,0
10,0,0,9,10
11,2,5,1,0
12,16,9,18,0
13,17,14,12,10
14,8,5,2,3
15,6,10,9,0
16,7,15,5,4
17,4,14,11,0
18,6,0,19,6
19,4,18,0,9
20,3,2,14,5
21,0,12,13,18
22,9,4,12,8
23,13,11,0,16
24,14,8,4,11
25,14,0,4,4
26,6,11,6,13
27,17,16,7,7
28,10,12,7,5
29,11,12,19,10
30,16,0,3,3
31,16,19,11,13
32,15,3,5,16
33,1,13,8,19
34,8,10,11,3
35,0,17,14,9
36,0,19,10,6
37,2,6,15,1
