5
Grid:
20,20
............@.@@....
@........@.....@..@@
...@.@.....@........
.....@..............
@...................
...@.@@.............
........@..........@
....................
....@............@@.
...@...@@...........
.....@..............
..@.......@....@.@..
.................@..
....@....@..@@......
...............@...@
....................
....................
........@...........
........@.........@.
..@.................
Agents:
48
0,6,0,15,7
1,6,1,5,16
2,12,18,1,16
3,13,17,16,10
4,10,0,3,12
5,10,14,3,7
6,10,4,16,5
7,0,3,10,4
8,15,15,17,18
9,4,12,13,3
10,17,11,2,7
11,17,15,4,17
12,16,18,5,1
13,15,17,16,4
14,13,18,18,4
15,17,10,11,4
16,18,7,11,1
17,2,4,19,7
18,14,4,15,17
19,14,11,2,18
20,12,8,15,1
21,0,8,11,3
22,17,18,8,14
23,4,15,18,1
24,11,8,6,7
25,16,14,18,6
26,3,11,4,15
27,4,14,16,1
28,3,16,4,1
29,3,0,5,13
30,15,3,1,6
31,9,11,9,17
32,1,11,8,7
33,8,5,10,15
34,16,5,13,10
35,2,8,19,0
36,17,7,12,9
37,19,15,16,6
38,13,1,12,7
39,18,9,1,5
40,10,8,13,16
41,1,2,2,10
42,19,19,0,5
43,8,1,1,13
44,8,12,16,7
45,12,16,14,13
46,7,2,7,5
47,8,13,11,12
