7
Grid:
20,20
@...@........@......
@...............@...
......@........@....
....................
..............@.....
......@........@.@@.
............@.......
..................@.
..............@@....
............@@.@....
....@..........@..@@
...@..@....@....@...
@..@............@...
..@.@...............
.........@.........@
.........@...@....@.
@.....@......@......
....................
....................
....................
Agents:
38
0,7,14,17,14
1,5,14,12,19
2,6,4,4,10
3,17,16,16,5
4,0,9,4,5
5,13,17,7,3
6,7,4,12,6
7,16,4,11,5
8,0,18,3,0
9,1,6,6,7
10,1,4,1,3
11,6,10,18,4
12,4,18,9,3
13,10,5,13,6
14,6,7,17,8
15,0,6,4,19
16,14,3,18,5
17,1,19,18,12
18,9,5,8,16
19,0,3,19,2
20,0,10,1,10
21,16,3,9,7
22,17,6,0,18
23,13,12,16,11
24,13,8,1,12
25,14,5,14,15
26,2,12,15,3
27,9,9,15,8
28,6,14,2,4
29,13,0,4,18
30,4,10,14,5
31,11,1,10,1
32,9,14,5,7
33,19,18,11,17
34,6,11,12,17
35,8,2,5,16
36,12,18,2,10
37,11,17,17,9
