4
Grid:
20,20
@.............@....@
............@.......
........@..........@
.......@.......@....
....@..@........@...
@........@.@@.......
....................
....@.....@@...@....
...................@
....................
.....@..............
....@......@@...@...
........@...........
@.....@.@...........
@..........@........
......@...@.........
............@..@....
.........@..........
.@....@..@..........
...................@
Agents:
26
0,19,7,12,19
1,8,2,18,16
2,4,9,0,5
3,6,19,2,6
4,12,10,5,7
5,15,19,15,14
6,13,1,14,18
7,5,7,19,12
8,17,7,3,1
9,1,13,17,17
10,15,0,14,3
11,7,1,13,16
12,11,18,1,9
13,10,6,11,6
14,8,12,2,2
15,10,12,2,9
16,2,1,4,11
17,12,3,17,16
18,0,4,11,10
19,11,14,8,15
20,13,13,15,3
21,15,3,19,0
22,1,5,8,4
23,11,15,18,3
24,17,12,8,5
25,15,18,9,18
