2
Grid:
20,20
.........@..........
.......@...........@
...@......@@........
....@...............
......@....@........
.@...........@....@.
@...@...............
........@.@...@.....
.@..................
...@...............@
....................
....................
.............@......
..@..@..............
........@........@..
@..@..@.@.@....@....
@.@...@.......@.....
...................@
...@........@....@..
..............@.....
Agents:
30
0,0,7,9,14
1,15,1,10,5
2,3,8,18,18
3,12,3,1,16
4,10,2,0,17
5,5,3,6,9
6,7,4,16,7
7,18,5,5,7
8,18,11,8,5
9,7,12,13,10
10,10,5,2,1
11,7,5,19,10
12,11,13,6,13
13,2,0,15,13
14,17,16,6,19
15,15,18,5,3
16,17,17,19,12
17,3,1,17,8
18,11,10,1,3
19,11,17,5,10
20,4,13,3,5
21,6,18,9,16
22,12,15,16,17
23,0,15,3,1
24,19,9,12,18
25,9,10,10,12
26,5,11,2,19
27,6,14,10,8
28,7,6,7,15
29,16,12,11,7
