2
Grid:
20,20
....@.....@........@
....................
............@.......
.......@............
.............@.@....
.@........@.....@...
.....@....@........@
@......@..@@........
...........@........
......@.............
......@.............
..@.............@...
.....@....@.....@..@
@........@..........
..@.............@...
@......@@@..........
.......@..........@.
.........@..@.......
.....@.........@....
....................
Agents:
34
0,2,5,16,11
1,7,2,9,9
2,19,12,8,0
3,19,7,15,5
4,1,19,4,19
5,0,1,18,17
6,18,16,1,12
7,13,3,5,15
8,9,2,0,8
9,8,14,15,3
10,11,11,17,3
11,2,11,10,15
12,15,19,18,10
13,10,4,15,12
14,1,6,3,1
15,13,6,14,12
16,15,17,11,6
17,11,19,13,1
18,19,11,4,17
19,3,8,3,16
20,9,4,2,10
21,12,18,5,4
22,14,5,14,5
23,16,2,18,2
24,5,13,7,4
25,2,16,3,8
26,17,0,17,17
27,16,17,13,10
28,17,14,6,17
29,5,11,10,17
30,10,8,8,5
31,7,14,16,0
32,1,3,1,19
33,17,17,12,2
