2
Grid:
20,20
.....@..............
.@......@....@...@..
.........@........@.
...............@.@..
.@.....@.....@......
...@......@.........
............@.@.....
........@.@..@......
....................
...................@
........@.........@.
..@..@.....@........
.................@..
......@.............
....@.....@.........
.....@....@...@.@...
.............@......
..@....@.......@....
....@....@.@........
....................
Agents:
46
0,2,17,12,3
1,18,6,7,11
2,6,5,5,13
3,1,10,2,2
4,17,4,5,19
5,15,7,14,17
6,18,3,5,2
7,14,16,9,6
8,2,1,14,14
9,9,8,0,16
10,11,16,8,10
11,7,16,19,14
12,6,7,3,9
13,11,3,10,0
14,4,19,13,0
15,1,14,13,2
16,1,16,4,14
17,5,16,10,11
18,3,7,9,8
19,14,1,19,12
20,14,17,5,12
21,15,6,17,16
22,14,5,15,15
23,18,1,5,15
24,5,5,16,18
25,12,6,6,4
26,10,1,6,7
27,0,18,2,10
28,18,13,0,11
29,19,13,16,14
30,0,15,8,9
31,10,6,12,5
32,4,3,2,14
33,2,6,13,15
34,12,0,14,2
35,5,2,12,13
36,14,15,9,2
37,1,15,10,13
38,6,4,16,10
39,15,4,7,19
40,9,10,0,2
41,8,0,14,8
42,0,19,8,0
43,4,16,14,9
44,15,11,13,11
45,1,9,13,7
