4
Grid:
20,20
................@..@
.................@..
....@...............
..........@.........
@.@.................
@.@.................
...@@............@..
...........@........
.@..................
@..@.@..............
.......@@....@..@.@.
@.........@.@..@@...
..........@.........
@........@.@........
....................
@..............@....
.................@..
.@...@..............
.........@..........
...@......@........@
Agents:
36
0,5,5,12,17
1,18,1,19,13
2,8,15,19,2
3,3,18,6,6
4,19,11,18,18
5,4,10,4,3
6,8,13,14,15
7,5,9,7,2
8,19,18,1,11
9,8,12,9,19
10,19,0,4,7
11,17,10,1,18
12,0,12,2,15
13,1,16,0,2
14,13,13,4,17
15,12,8,13,2
16,18,15,7,16
17,6,12,3,11
18,15,14,18,1
19,11,19,12,12
20,16,19,7,6
21,9,19,1,3
22,0,9,0,14
23,15,19,9,17
24,18,3,13,13
25,5,19,11,18
26,12,16,19,9
27,16,3,2,8
28,0,8,2,10
29,13,8,16,16
30,16,15,11,8
31,1,1,9,11
32,9,9,2,5
33,3,12,12,14
34,6,5,4,5
35,7,9,12,1
