7
Grid:
20,20
.......@............
.@.@..@.............
....................
..@@.@..............
...............@....
..........@.........
...............@.@@@
......@.............
...@.....@...@@.....
..@@@..@............
........@........@..
....................
....@.@..@..........
..............@.....
.....@..............
......@......@.@@@..
..@.................
.............@......
...........@........
......@.......@@....
Agents:
32
0,3,18,4,7
1,0,16,8,17
2,0,6,19,2
3,12,11,18,8
4,3,0,7,10
5,3,6,18,5
6,18,1,18,0
7,0,2,5,17
8,13,8,6,0
9,16,10,14,1
10,1,2,4,6
11,4,17,12,13
12,6,14,9,6
13,0,3,15,10
14,19,7,13,0
15,17,18,3,7
16,14,18,8,19
17,2,1,6,9
18,5,12,15,14
19,12,17,13,15
20,10,2,13,17
21,5,13,10,13
22,4,0,0,9
23,18,7,18,1
24,12,14,16,8
25,2,10,4,1
26,15,18,3,0
27,1,15,13,13
28,2,6,11,7
29,7,8,19,3
30,0,0,2,5
31,6,10,2,17
