9
Grid:
20,20
....@.@@@........@..
..@........@........
.@.......@..@.....@.
....................
@..@....@@@.........
..@..........@......
........@......@@...
...............@....
...@................
.................@..
..........@.....@...
.........@.@........
....................
...........@........
....@...............
......@...........@.
.@...@.......@......
...........@..@.....
.............@..@...
..................@.
Agents:
22
0,10,6,17,3
1,18,15,5,15
2,11,2,15,17
3,5,14,19,3
4,16,14,2,8
5,12,17,15,8
6,8,18,6,11
7,13,10,0,0
8,6,19,17,13
9,14,15,9,11
10,19,14,18,6
11,10,2,14,5
12,14,16,13,2
13,0,13,3,12
14,7,6,1,5
15,15,1,18,11
16,13,1,3,9
17,8,16,9,15
18,11,19,11,15
19,4,6,4,19
20,8,19,5,14
21,8,15,14,9
