6
Grid:
20,20
........@.......@...
.@.........@..@.....
....................
.....@...@.......@..
@.........@@..@.....
........@...........
@......@...@........
.........@..........
.............@....@.
.@..........@..@....
..........@.......@.
......@........@....
.........@.....@....
..@..........@......
...........@..@.....
............@.......
..@................@
.@..................
................@.@.
@...........@.......
Agents:
46
0,11,10,3,11
1,0,12,6,1
2,7,13,12,0
3,15,15,15,18
4,2,16,2,2
5,18,10,3,19
6,9,7,1,0
7,18,7,11,11
8,8,5,15,2
9,10,1,8,10
10,9,0,15,7
11,5,14,7,8
12,19,17,11,3
13,2,0,4,15
14,8,7,3,13
15,5,4,4,5
16,5,16,17,14
17,15,9,14,7
18,5,12,7,14
19,13,0,8,1
20,11,2,19,5
21,1,19,10,8
22,1,10,18,15
23,4,6,5,15
24,13,10,19,4
25,11,14,1,18
26,7,4,11,13
27,15,7,2,5
28,2,1,6,4
29,1,13,15,16
30,14,12,10,16
31,0,13,6,16
32,0,19,19,8
33,9,5,19,14
34,9,9,13,11
35,6,15,8,3
36,19,6,4,7
37,2,14,14,9
38,4,1,19,18
39,17,6,12,4
40,18,4,17,15
41,18,17,14,10
42,8,0,15,4
43,12,7,11,14
44,12,1,5,6
45,15,11,6,14
