5
Grid:
20,20
......@.......@.....
@............@@.....
....@.........@.....
.....@..@...........
..@..@.....@........
.................@..
..@...@...@..@......
.....@@.............
.........@....@.....
.......@.@..........
@.......@......@....
.......@....@@......
..@.................
........@....@....@.
....................
.@..................
.@.............@@...
......@.....@.......
.@..................
....................
Agents:
36
0,4,4,15,5
1,0,17,1,6
2,11,4,1,7
3,15,7,13,7
4,4,18,15,13
5,17,5,18,19
6,15,10,15,15
7,4,3,5,11
8,5,16,7,15
9,3,3,11,15
10,6,5,3,7
11,5,19,8,2
12,14,10,11,17
13,8,3,12,7
14,13,7,17,17
15,13,3,11,3
16,14,6,14,18
17,18,8,19,19
18,8,16,14,16
19,18,13,14,1
20,14,16,17,1
21,12,10,12,4
22,5,1,9,17
23,17,15,5,1
24,9,4,5,0
25,11,17,10,2
26,9,14,18,7
27,18,9,2,17
28,14,1,3,14
29,9,19,9,19
30,11,18,17,10
31,5,18,7,1
32,16,8,3,15
33,0,0,17,4
34,16,19,18,9
35,14,18,4,6
