2
Grid:
20,20
........@..........@
......@@..@.........
....................
...........@...@....
...................@
....@......@.@......
....................
@............@......
..@.....@..........@
..........@.........
@...@.@@............
.....@..@...@...@...
......@......@......
...........@........
....@...............
...................@
....@...............
.....@..@...........
....@..@....@.......
........@.@.@....@..
Agents:
42
0,3,19,11,0
1,2,15,11,11
2,19,16,3,9
3,17,0,1,0
4,14,3,0,2
5,11,14,13,9
6,3,1,7,18
7,2,18,18,16
8,7,12,8,4
9,9,13,14,0
10,12,3,12,8
11,0,13,7,15
12,4,7,3,5
13,5,3,6,18
14,3,18,13,18
15,2,16,18,6
16,13,1,18,17
17,14,1,18,19
18,1,17,13,4
19,15,2,11,14
20,3,6,4,1
21,14,9,14,16
22,19,9,12,2
23,15,6,8,16
24,17,17,16,5
25,17,3,8,14
26,16,10,5,12
27,16,8,15,8
28,2,3,9,13
29,10,15,6,13
30,0,1,8,0
31,17,2,3,19
32,4,18,14,7
33,8,14,4,12
34,10,13,17,1
35,13,18,12,12
36,4,10,12,3
37,6,5,8,15
38,17,13,3,17
39,19,5,9,17
40,0,11,17,6
41,6,12,15,2
