6
Grid:
20,20
...@........@.......
..................@.
.@..................
..@@............@...
...........@....@.@.
.................@@.
..@.......@...@@@...
............@.......
..@....@@....@......
..............@.....
......@.............
...@................
.................@..
...@..@@....@...@...
.@......@@.........@
....................
....................
.........@.@........
.@............@.....
....@...............
Agents:
34
0,4,8,18,19
1,13,15,4,6
2,6,18,3,6
3,10,12,5,7
4,8,12,6,1
5,4,6,6,18
6,11,0,15,3
7,1,4,7,3
8,12,5,19,8
9,10,18,11,9
10,5,19,13,15
11,6,17,10,14
12,13,13,2,15
13,15,15,11,2
14,7,11,1,13
15,9,5,3,11
16,11,11,18,10
17,3,1,4,3
18,18,19,3,13
19,13,18,7,11
20,3,7,4,4
21,18,0,0,9
22,1,9,2,4
23,1,6,19,12
24,3,14,5,6
25,8,9,10,18
26,4,17,11,15
27,16,13,15,11
28,12,12,0,18
29,19,17,19,10
30,15,8,19,18
31,10,15,13,11
32,12,0,17,5
33,0,5,4,1
