9
Grid:
20,20
..@...@@...@......@.
@....@....@.........
..............@.....
....................
......@.@...@.....@.
......@..@...@.....@
..............@.....
.............@......
.........@..@@......
.@@..@.............@
.....@...@..........
....................
......@...........@.
.........@..........
..@.......@.........
....................
....................
@.@......@......@...
@...................
@.....@.............
Agents:
42
0,3,0,6,6
1,1,6,6,5
2,18,18,13,0
3,15,19,17,15
4,8,8,0,14
5,17,8,4,14
6,4,17,2,9
7,8,3,11,8
8,4,11,1,12
9,16,18,3,0
10,7,14,16,17
11,12,15,5,15
12,4,7,1,7
13,1,9,18,17
14,16,17,5,10
15,6,5,15,11
16,14,8,13,15
17,18,2,3,18
18,10,3,13,17
19,11,10,12,13
20,4,14,4,0
21,1,18,11,2
22,16,16,15,6
23,2,3,10,17
24,12,5,8,15
25,18,8,16,8
26,13,6,19,10
27,13,3,17,13
28,14,11,14,19
29,3,11,1,14
30,1,12,6,16
31,14,15,15,5
32,19,5,15,9
33,13,1,3,5
34,13,12,3,2
35,13,14,14,16
36,19,7,15,0
37,16,10,17,6
38,19,18,9,12
39,16,9,14,7
40,15,11,16,5
41,8,6,5,17
