5
Grid:
20,20
.....@@.............
..................@.
...@.....@....@.....
....................
..............@.....
......@.......@.@...
.@.....@@.....@.@...
....................
...................@
................@...
.........@.@........
..........@.@.......
.@.@..@.............
...@..@...@.........
..........@......@..
.@....@.........@...
.........@......@@..
.................@..
.@.....@............
........@.........@.
Agents:
20
0,5,8,16,0
1,8,9,13,0
2,16,13,7,5
3,14,0,3,12
4,16,19,2,12
5,11,15,9,17
6,10,3,1,1
7,1,11,1,15
8,4,6,15,8
9,0,19,2,16
10,9,18,3,18
11,8,0,10,18
12,18,15,13,18
13,12,0,16,13
14,18,16,4,6
15,1,4,19,7
16,13,5,10,4
17,8,15,2,6
18,1,12,6,0
19,6,15,7,8
