5
Grid:
20,20
..................@.
......@......@..@...
@............@......
....................
..@................@
....................
...............@....
......@..@..........
.........@..........
.........@..........
.................@..
........@@......@@@.
....................
............@.......
...@................
...........@...@....
.@.................@
.@...@.......@.@.@..
@@..@@.....@@....@..
@..@...........@....
Agents:
22
0,2,15,5,4
1,2,7,19,14
2,4,5,3,6
3,0,9,1,17
4,13,1,11,12
5,4,13,12,6
6,9,3,9,17
7,6,16,13,19
8,15,4,7,16
9,11,12,17,12
10,15,6,13,16
11,10,2,3,16
12,10,9,7,1
13,8,6,1,1
14,5,11,5,8
15,18,14,0,8
16,1,12,15,0
17,5,18,19,13
18,16,16,4,16
19,9,8,11,14
20,6,12,10,12
21,5,10,18,7
