3
Grid:
20,20
..@...@...........@.
...............@....
......@.......@..@..
@@..................
.......@............
.............@...@..
.....@....@.....@...
..@...............@.
@...................
....................
....................
..........@..@......
.............@..@...
.........@..........
....@....@.....@..@.
..@.@............@..
....................
.@..............@...
..@...@........@..@.
......@......@.@..@.
Agents:
36
0,0,8,8,1
1,10,12,18,11
2,10,19,15,10
3,18,19,18,7
4,9,1,14,3
5,14,1,13,10
6,13,8,9,15
7,9,9,4,12
8,4,0,5,12
9,17,18,3,8
10,2,19,12,11
11,3,12,1,7
12,8,5,1,14
13,5,11,15,18
14,16,7,3,12
15,13,12,13,5
16,7,19,12,7
17,14,19,3,4
18,5,19,15,12
19,14,6,2,19
20,0,15,17,4
21,8,7,10,14
22,16,16,9,9
23,10,10,6,14
24,15,6,11,8
25,8,10,18,3
26,16,1,8,15
27,11,1,13,6
28,15,12,1,8
29,3,14,7,13
30,12,14,2,0
31,10,0,11,2
32,12,12,14,5
33,15,0,19,0
34,1,16,6,17
35,3,8,6,18
