4
Grid:
20,20
.@.....@......@.....
.........@..........
..............@@...@
....................
...@............@@..
..@.@...............
....@.....@.........
....@.....@.........
..........@.........
.@.@..@@..@.....@...
........@..........@
.@....@..@.@........
.@......@...........
..........@........@
....................
...@................
...........@........
.....@..............
.....@..............
...@.............@@.
Agents:
50
0,14,5,17,0
1,3,5,19,5
2,10,11,18,9
3,0,17,5,10
4,10,10,3,9
5,2,3,15,14
6,5,19,11,0
7,3,0,13,13
8,11,10,16,5
9,17,2,15,18
10,7,13,14,4
11,8,9,0,11
12,1,19,8,2
13,15,15,19,0
14,6,13,4,11
15,18,17,11,3
16,3,19,18,12
17,19,4,3,0
18,8,18,13,16
19,0,13,10,16
20,19,9,18,3
21,1,13,14,15
22,19,0,18,11
23,16,1,5,7
24,4,12,6,2
25,18,10,3,7
26,17,1,2,5
27,10,1,11,12
28,1,14,14,3
29,3,8,8,15
30,5,13,10,7
31,8,6,8,17
32,19,19,10,18
33,11,13,7,13
34,2,17,7,1
35,12,15,19,15
36,0,15,9,2
37,17,17,1,8
38,13,11,18,15
39,0,9,19,4
40,7,7,5,11
41,7,19,11,4
42,12,5,2,12
43,7,6,11,16
44,1,11,16,4
45,11,0,3,15
46,12,3,13,0
47,0,6,19,10
48,9,5,16,12
49,5,9,18,8
