6
Grid:
20,20
........@@..........
...@......@..@......
......@.....@.......
....................
..@..@.......@....@.
....@.....@.........
..............@.....
........@....@...@..
....................
............@.......
...............@.@..
...............@....
.@....@..@@....@....
....................
......@...@@........
....................
..@........@....@...
......@@..@..@.....@
...............@.@..
............@.......
Agents:
40
0,4,17,1,11
1,4,10,4,14
2,0,14,2,19
3,15,5,15,7
4,1,6,9,10
5,5,14,4,11
6,7,15,13,8
7,5,1,12,16
8,3,12,9,9
9,14,2,1,2
10,0,15,3,4
11,18,6,7,6
12,17,16,18,2
13,5,6,0,14
14,6,7,2,10
15,18,1,4,10
16,11,13,8,7
17,8,2,10,2
18,12,7,8,3
19,5,9,18,8
20,8,13,19,0
21,3,2,8,2
22,11,9,13,19
23,6,4,12,3
24,11,4,15,17
25,18,8,3,1
26,9,0,7,9
27,8,18,15,8
28,2,1,11,13
29,0,0,6,2
30,14,3,7,1
31,17,1,14,7
32,5,7,4,17
33,6,11,14,9
34,7,4,6,15
35,13,3,18,6
36,2,7,3,2
37,16,1,8,5
38,10,2,11,18
39,7,3,11,10
