1
Grid:
20,20
....@..@.....@.....@
.@...............@..
....@...............
..........@.........
@.......@...........
...........@.@......
.@............@@....
..................@.
....@..............@
..............@.....
...........@@.......
....................
.................@..
.........@....@.....
@.....@.@.......@...
@...@.@.....@.......
......@.............
.@......@.....@.....
....................
....@@.@..........@.
Agents:
48
0,7,5,6,4
1,11,0,11,11
2,4,16,16,16
3,18,16,1,0
4,7,15,2,5
5,15,1,11,19
6,9,4,3,16
7,15,11,2,11
8,0,3,17,9
9,14,18,6,18
10,9,6,16,7
11,4,5,0,1
12,2,6,4,16
13,0,18,14,14
14,10,13,7,8
15,13,13,18,12
16,8,3,13,15
17,4,13,6,3
18,6,12,6,17
19,12,2,0,2
20,6,3,11,9
21,19,9,10,6
22,4,19,8,7
23,5,4,2,15
24,1,12,6,19
25,1,0,0,16
26,1,5,14,3
27,17,18,13,4
28,16,19,14,10
29,6,13,11,1
30,2,2,5,4
31,12,5,11,0
32,0,1,7,17
33,5,7,19,0
34,11,11,19,10
35,7,14,5,6
36,10,18,2,10
37,2,0,5,18
38,13,5,14,12
39,7,10,4,10
40,12,16,1,9
41,2,3,3,18
42,12,1,10,8
43,14,14,11,6
44,5,6,15,3
45,17,5,9,7
46,12,18,13,18
47,19,3,19,13
