4
Grid:
20,20
.@...@......@.......
..........@.........
....................
@...................
...@......@.........
......@.............
....@@..............
.@..@..@.@@.........
......@..@.......@.@
............@.@.....
@...@..............@
..@.......@.........
.................@..
....................
@...@.........@.....
.@........@..@......
....................
..........@...@.....
@...........@......@
..@.....@...........
Agents:
22
0,18,13,9,7
1,13,9,4,1
2,9,7,14,8
3,4,4,14,15
4,12,18,8,12
5,1,18,17,6
6,7,16,19,0
7,13,4,2,7
8,15,6,10,16
9,2,17,16,16
10,16,18,6,9
11,19,10,19,7
12,19,11,4,9
13,19,0,15,19
14,6,8,8,2
15,19,19,2,17
16,4,14,15,9
17,16,14,16,0
18,13,15,18,17
19,16,9,19,15
20,5,7,3,17
21,17,17,18,4
