1
Grid:
20,20
.@..................
...@.........@......
.@......@....@.@....
.............@...@@.
...........@.....@..
.........@........@.
.......@@.......@...
.@..................
@...@.@.............
..@....@.....@......
.....@..............
.@.............@....
.@..........@.......
....................
.........@..@.......
....................
.......@.......@...@
.........@@......@..
....@....@..........
....@...............
Agents:
20
0,2,17,1,17
1,8,16,2,11
2,13,7,14,8
3,14,13,17,18
4,4,10,0,2
5,16,9,6,2
6,5,17,18,3
7,17,1,1,2
8,1,11,14,18
9,0,2,19,14
10,8,11,0,4
11,14,16,0,14
12,17,7,19,9
13,16,0,6,18
14,4,7,7,13
15,13,19,8,8
16,3,16,17,4
17,8,18,6,12
18,19,12,13,6
19,7,5,2,3
