7
Grid:
20,20
................@...
@......@...@........
................@@@.
...@................
.........@.....@....
..................@@
.@..........@..@....
..........@.......@.
..........@.........
@.........@.........
....................
........@....@..@...
....................
@@................@.
@...................
...........@.@......
...@@.@........@....
..................@.
......@.....@.......
........@...@....@@.
Agents:
36
0,16,9,6,3
1,1,14,10,10
2,19,19,2,2
3,1,8,8,17
4,9,3,9,8
5,8,12,11,10
6,6,4,5,9
7,13,2,13,4
8,13,8,11,3
9,13,15,10,3
10,2,2,2,10
11,19,2,10,13
12,15,8,2,4
13,17,17,18,19
14,18,7,18,11
15,16,12,12,12
16,7,17,4,14
17,3,8,4,0
18,4,2,13,6
19,7,16,5,16
20,7,9,10,11
21,11,17,5,12
22,1,9,6,16
23,8,7,13,12
24,8,19,4,2
25,15,9,4,19
26,10,17,1,3
27,4,0,17,19
28,10,5,1,9
29,12,4,7,14
30,12,0,12,16
31,16,19,4,12
32,3,14,18,1
33,9,16,11,5
34,7,8,3,5
35,6,7,17,0
