2
Grid:
20,20
........@........@..
..........@....@.@..
....................
......@..@..........
....................
...........@......@.
....@.......@.@.....
.............@@...@.
.......@@..@..@.....
.....@....@.........
.@..................
@..........@........
........@...........
..@.................
@.@......@.....@.@..
...............@....
....................
...@...........@@...
......@.......@.@...
...........@.@......
Agents:
20
0,8,5,10,2
1,10,0,12,4
2,7,16,4,2
3,1,3,2,1
4,12,13,3,16
5,14,7,2,4
6,8,16,16,9
7,12,0,7,4
8,7,7,10,14
9,6,15,9,17
10,17,11,12,7
11,1,14,17,14
12,10,6,10,16
13,13,15,7,1
14,19,2,11,10
15,3,19,1,4
16,7,12,16,1
17,10,2,0,5
18,12,14,4,13
19,5,7,11,4
