5
Grid:
18,18
........@...@..@..
....@..@..........
..................
@...........@.....
...@.....@........
..@..@.........@..
...........@......
.......@.........@
..................
........@......@..
.@.@........@.....
.......@..........
........@....@....
...........@..@...
..@...............
.@....@.....@.....
......@...........
..@@..............
Agents:
15
0,11,11,5,3
1,1,11,7,9
2,13,15,13,0
3,10,6,4,13
4,14,7,0,16
5,15,10,8,1
6,6,3,17,15
7,1,5,5,9
8,9,7,8,13
9,13,2,11,6
10,13,6,14,1
11,4,2,14,4
12,1,15,4,14
13,6,0,11,1
14,2,1,15,9
