1
Grid:
30,30
..............................
@....@.....@..................
........@............@@.@.....
................@.....@.......
..........@...............@@@.
..............................
.....@............@...........
........@................@...@
...........@@.................
............@@.............@..
..@........@...@@.....@...@.@.
....@.@.@........@............
............@.................
....................@.........
@..............@.@............
.................@..@.@...@...
.........@.@..@......@......@.
@.................@...........
....................@....@....
....................@.........
........@.....................
.......@........@...@.........
..........@@@.................
....@..@..@...................
@..@@.@.......@...............
..@......@....................
......@...@....@.....@........
........@@@.......@..@..@.....
....@.........@.........@.....
....@....@..@...@..@@.....@...
Agents:
15
0,12,22,17,6
1,13,7,9,7
2,20,15,9,28
3,20,4,7,28
4,0,28,20,18
5,27,15,18,9
6,3,15,22,8
7,4,20,18,10
8,23,14,8,4
9,14,9,22,18
10,7,3,20,19
11,18,13,14,2
12,25,26,6,28
13,25,1,20,27
14,22,1,8,15
