6
Grid:
30,30
.........@....................
.................@............
..@......@@.@..@..@...........
@................@.......@....
...@...@@............@.@....@.
.......................@.@..@@
.................@............
..@.......@......@....@.......
...............@...@...@......
@..........@.......@.@........
......@.@...@..@@.............
........@...............@.....
....@..............@.....@....
@.....................@.@.....
...........................@..
.....@...@.@...@..............
........@..@.......@..........
.........@@..........@...@....
...@..........@...............
................@..@..........
..................@........@..
...@.@....@.......@...........
........@.....@...............
......@...@...................
...@..........................
..................@@@..@....@.
...............@..............
..................@.......@@..
.........@.......@...........@
.....@..........@@..@...@.....
Agents:
15
0,5,24,10,9
1,16,2,28,26
2,5,9,26,26
3,18,23,0,29
4,12,10,16,24
5,24,15,5,16
6,27,14,9,14
7,14,7,28,4
8,15,20,5,22
9,25,21,1,26
10,6,28,19,18
11,14,15,5,5
12,13,17,15,27
13,7,12,20,21
14,24,22,20,2
