2
Grid:
24,24
...@....................
...@..@...@@...........@
..........@.............
.@..........@.....@.....
......@.................
.....................@..
...@..@.................
..@.......@......@......
..........@.............
..........@.....@.....@@
.........@..............
@............@.........@
.@...@.....@...........@
......@....@@...@.......
.......@................
...@..@@................
....@...@.............@.
...........@........@...
.@............@........@
.........@....@.........
.@......@...............
..@......@.........@....
....................@..@
...........@.@..........
Agents:
15
0,5,22,19,12
1,8,3,10,5
2,12,21,19,10
3,15,2,4,1
4,8,8,18,7
5,15,5,8,14
6,20,10,19,11
7,8,23,11,5
8,8,4,18,3
9,8,7,2,8
10,20,21,1,4
11,10,7,21,16
12,5,8,16,0
13,17,15,13,2
14,20,18,20,21
