1
Grid:
24,24
........................
...@...@....@....@@.....
...........@@@..........
..................@....@
..................@.....
....@....@@.......@.....
@..........@...........@
........................
....@...@...............
...@.@.@................
..@.....................
......@.....@...........
........................
...@..@................@
...............@.......@
................@.@.....
........@@..............
..@..............@....@.
.......@................
...........@....@.@....@
.@.....@.....@.........@
.....@.....@.....@....@@
..........@.........@...
@.......@.....@.........
Agents:
15
0,23,20,3,7
1,17,9,21,19
2,21,13,4,8
3,2,1,18,1
4,17,1,9,22
5,17,16,14,7
6,3,22,14,9
7,2,18,3,13
8,23,11,3,12
9,10,22,21,14
10,23,10,0,17
11,0,20,13,16
12,22,19,17,11
13,13,8,9,15
14,15,11,3,8
