6
Grid:
18,18
..@...............
.@........@.......
........@@...@@..@
..@.......@.......
................@.
...........@......
..................
......@@.....@....
.@@...@...........
......@...........
.........@........
.......@@.......@.
..@...@....@......
..................
@.................
.@.............@..
.....@@...........
..............@...
Agents:
15
0,10,15,12,10
1,15,11,0,13
2,3,0,10,11
3,13,14,4,3
4,17,15,6,7
5,0,7,3,8
6,5,14,3,14
7,4,11,12,13
8,10,1,7,4
9,11,5,16,14
10,16,3,6,9
11,3,1,9,13
12,11,10,1,8
13,14,2,7,15
14,4,14,10,3
