7
Grid:
30,30
@.............@...............
..@.........................@.
.......@.@..@.....@...........
....@.@.@.....................
..........@@..................
....@.......................@.
.........@...@..........@...@.
@........@..........@...@.....
........@.....................
............@.@.@@............
..............................
.@..@......................@..
..........@.........@........@
..@...............@......@....
......@.................@.@...
....@......@..................
...............@@...@@........
..@.................@..@......
.....@.....................@..
..........@@@...@.@......@....
.....@.......................@
...@...@...@............@...@.
.............@..@..@..........
.......@........@...@....@....
.......@.......@..........@..@
............@@......@..@......
.........@....@..@...@........
.....................@........
.................@.@..@.......
@....................@....@...
Agents:
15
0,1,24,21,9
1,23,1,8,21
2,17,27,7,28
3,0,20,23,26
4,8,20,10,3
5,23,19,16,25
6,26,10,17,18
7,4,3,29,28
8,3,18,13,13
9,7,19,17,3
10,22,27,16,0
11,26,3,28,6
12,27,20,6,23
13,23,2,10,17
14,3,21,14,18
