8
Grid:
24,24
........@..@...@.....@..
........................
.....@...........@......
....................@...
..@...............@.....
@.@.....................
........................
..........@.............
....@........@@.........
@........@.........@....
...........@..@....@....
.@.......@..............
........................
....@...@......@........
..............@.....@...
@.....@.@.@....@.@......
....@................@..
@@......@...............
.@...@..@..@..........@.
........@.........@@....
..........@.....@....@@.
..@.................@@..
........@....@..........
......................@.
Agents:
15
0,21,3,2,7
1,12,0,8,16
2,4,19,17,19
3,8,18,1,4
4,1,12,5,11
5,21,12,6,14
6,1,16,1,5
7,2,6,16,1
8,9,8,8,3
9,3,3,22,15
10,7,19,13,19
11,22,6,10,10
12,8,20,16,5
13,11,13,3,12
14,11,5,13,21
