7
Grid:
12,12
.....@......
...@....@..@
@.........@.
.@.@........
.........@..
............
..........@.
@.....@.....
........@...
............
.@.@........
...@@..@.@@@
Agents:
30
0,4,7,2,3
1,2,11,5,0
2,5,5,9,0
3,2,9,9,5
4,7,5,10,7
5,8,6,0,2
6,2,8,3,11
7,4,1,2,1
8,5,2,9,2
9,3,2,8,10
10,10,7,0,0
11,1,2,3,2
12,2,2,8,6
13,2,4,10,4
14,9,7,2,7
15,0,11,2,8
16,3,4,5,5
17,6,5,9,8
18,0,9,7,4
19,4,6,9,7
20,11,5,5,9
21,0,0,5,7
22,3,9,2,4
23,8,5,9,11
24,5,1,5,4
25,4,0,4,4
26,6,4,3,6
27,4,11,7,5
28,10,10,0,7
29,5,0,0,11
