6
Grid:
12,12
............
...@.@...@@.
@........@..
.@..........
..@@@.......
..@.@.......
.....@...@..
......@.....
.....@......
...@.......@
..@.........
.....@....@.
Agents:
28
0,11,0,8,7
1,2,3,1,11
2,11,7,7,11
3,0,11,10,10
4,4,0,8,0
5,8,2,1,2
6,4,1,7,8
7,1,4,5,8
8,4,9,0,0
9,7,1,5,7
10,11,3,1,7
11,10,3,11,9
12,3,4,7,4
13,10,7,5,1
14,3,2,10,8
15,2,5,3,11
16,8,10,7,2
17,8,9,0,4
18,7,8,2,3
19,7,11,0,6
20,7,2,5,10
21,3,3,0,2
22,10,9,6,10
23,8,7,9,7
24,8,11,10,9
25,11,1,8,3
26,3,8,1,0
27,0,1,6,7
