8
Grid:
12,12
............
......@@....
...@.......@
@...........
...@.@..@...
.@@.........
...@.@......
.@.......@..
.....@...@.@
............
....@.......
@..@..@.....
Agents:
30
0,10,2,9,3
1,11,5,7,11
2,10,10,8,0
3,3,1,2,4
4,6,2,0,2
5,5,8,0,4
6,10,9,11,8
7,3,5,2,10
8,5,9,6,4
9,7,0,5,9
10,10,7,4,7
11,4,0,1,11
12,1,0,0,7
13,6,0,0,3
14,1,8,10,11
15,4,10,10,9
16,9,11,9,6
17,6,8,11,4
18,9,1,1,1
19,9,6,6,2
20,4,4,8,2
21,2,7,10,3
22,0,1,7,6
23,7,10,10,7
24,8,3,5,6
25,7,6,6,7
26,7,3,6,6
27,6,1,3,5
28,10,11,0,10
29,0,3,1,0
