9
Grid:
12,12
..@@........
............
....@.....@.
.......@....
........@..@
...@....@@..
.....@.@....
@......@....
...@........
..........@.
...@.@@.@...
...@........
Agents:
30
0,3,10,9,0
1,4,7,2,7
2,7,6,11,11
3,11,5,10,2
4,9,0,2,6
5,1,1,3,4
6,5,2,7,10
7,7,8,9,1
8,0,10,5,4
9,0,9,4,3
10,11,8,1,7
11,6,9,0,6
12,8,0,5,6
13,10,7,2,3
14,9,3,6,9
15,9,9,3,6
16,1,7,6,11
17,5,11,11,4
18,8,5,5,0
19,2,1,1,6
20,7,10,9,11
21,7,2,7,2
22,1,11,9,7
23,3,0,0,1
24,1,4,10,10
25,9,8,4,2
26,3,1,7,6
27,1,2,11,1
28,10,0,3,5
29,10,9,3,9
