4
Grid:
12,12
..........@@
...@...@....
...@.@......
............
............
..@.........
@..@......@.
..@....@....
.....@@....@
........@...
...@@.....@.
........@@..
Agents:
30
0,4,5,10,0
1,9,10,8,8
2,6,11,8,1
3,2,7,4,9
4,9,9,2,8
5,9,3,6,8
6,9,2,3,0
7,8,7,9,4
8,11,3,9,2
9,2,8,3,7
10,7,5,10,6
11,5,8,2,10
12,0,7,0,7
13,9,5,9,10
14,8,0,9,1
15,2,1,2,1
16,4,2,7,9
17,6,1,4,1
18,7,6,4,6
19,4,6,10,7
20,3,9,7,4
21,5,10,1,8
22,5,0,3,1
23,1,2,0,4
24,9,11,5,5
25,5,3,1,10
26,11,4,5,6
27,7,8,9,3
28,0,4,11,3
29,9,0,0,2
