2
Grid:
12,12
.....@...@..
........@...
............
..@@.@..@@@.
............
.....@......
....@.......
............
...@........
.@.@....@..@
.@.........@
@.......@@..
Agents:
28
0,3,1,4,0
1,1,11,5,10
2,5,6,9,9
3,6,2,7,11
4,0,11,11,2
5,4,3,7,6
6,7,2,7,3
7,2,6,5,1
8,10,9,9,6
9,2,1,5,7
10,6,7,6,8
11,5,4,11,11
12,11,10,0,1
13,0,3,6,2
14,5,9,4,9
15,11,1,7,9
16,5,1,8,5
17,11,3,10,0
18,4,9,6,10
19,7,7,8,10
20,1,1,2,6
21,11,2,2,2
22,9,6,10,10
23,10,0,1,1
24,0,10,4,6
25,9,9,4,10
26,3,0,0,3
27,4,4,2,7
