9
Grid:
20,20
...@@@@@@.....@@@.@.
@.@....@@....@@.....
@.@.@@@.@@@@....@..@
........@...@.@.@@@@
.@..@@.@@.@@....@@.@
@..@@@@@@....@@.....
..@.@@.@@.@@...@@..@
@.@.@@..@....@.@@..@
@...@@@..@@@.....@..
@...@@@@.@@@.@@@.@.@
..@@.@.@.....@@.@@.@
.@@..@....@@.....@@@
...@.......@@@@@.@.@
@.@@@.@@...@@@......
@....@...@@@.@.@@@@@
....@.@......@@...@@
.@@...@@..@@.@@@.@..
.@........@....@...@
@..@.@@@@........@.@
@@@@..@@@@.@.@@..@@@
Agents:
20
0,7,3,11,4
1,2,7,15,9
2,18,14,12,8
3,6,17,6,12
4,8,16,3,2
5,13,9,3,3
6,10,8,15,17
7,3,6,16,12
8,9,8,7,6
9,16,0,1,16
10,8,19,12,7
11,14,4,12,9
12,11,9,2,7
13,8,12,9,12
14,13,5,12,2
15,12,18,15,0
16,7,12,1,6
17,17,4,3,9
18,19,15,17,7
19,11,14,0,10
