2
Grid:
20,20
.@..............@...
.........@.@.......@
....@......@.....@..
..@...........@@...@
.......@..@...@@....
@.......@.@.........
@......@....@.@.....
..............@.@.@.
@...................
.....@@.....@.......
@@.....@............
....................
.@.....@...@........
.@..@....@......@.@.
....@@@@@....@.@.@@.
...............@....
@...............@...
..@.....@.@.........
........@....@...@..
...................@
Agents:
20
0,13,5,16,4
1,18,2,13,3
2,7,13,5,2
3,11,15,10,10
4,0,13,15,11
5,17,0,11,8
6,19,0,14,9
7,19,5,6,9
8,15,19,9,1
9,11,11,15,8
10,14,16,19,14
11,15,18,7,8
12,8,12,12,17
13,17,12,18,4
14,15,14,7,12
15,13,8,7,2
16,1,16,17,5
17,15,13,1,2
18,9,11,17,15
19,9,19,1,0
