0
Grid:
20,20
@.@@..@.@@@@.@..@.@.
..@........@........
.@.@..@.@@.@...@.@@.
....@@@.@....@.@@.@@
@.@...@....@@@@@..@@
@.@@@.@.......@..@@.
..@@......@@@@...@..
....@.@..@....@.@@.@
.@..@.@.@@.@@@@.@@.@
.@...@.......@..@@..
..@..@.@@@.@...@.@.@
...@.@.@..@...@@....
..@.@...@...@.@.@@.@
@@...@@..@@@@...@...
..@@.@@.@@.@@......@
.@@@...@.......@.@.@
.@@..@..@@.@....@@@@
....@....@.@.@.@@...
..@@...@...@.@....@.
....@@@@....@@@@@@..
Agents:
20
0,9,12,1,12
1,9,11,13,7
2,11,1,1,9
3,6,18,15,0
4,16,4,19,19
5,10,1,15,10
6,3,10,19,0
7,10,6,16,12
8,16,0,4,9
9,18,17,1,17
10,6,19,9,15
11,18,19,17,0
12,14,10,6,5
13,17,6,1,16
14,3,0,11,11
15,5,8,12,0
16,8,0,0,1
17,4,5,17,17
18,17,1,5,16
19,12,0,11,2
