9
Grid:
20,20
...@..@.........@...
...@....@.........@.
.@....@@........@...
@@@...@@...@......@.
@.....@.........@...
.@...@@..........@.@
.....@@@............
.....@.........@..@.
@@@.......@..@......
..@.....@.....@.@...
.@.@.@.@.......@....
......@.@...........
..@.@.@...@..@@@....
@.........@.@.......
@.......@...@@@.....
...@...@...@........
..@.......@.@....@..
..@..@......@....@.@
.......@...@.@.....@
..@.............@...
Agents:
20
0,1,2,18,4
1,0,2,16,18
2,16,3,19,6
3,2,8,16,9
4,11,13,8,19
5,11,15,17,8
6,9,1,15,16
7,7,1,14,2
8,17,14,18,18
9,17,4,8,9
10,17,11,11,3
11,6,17,4,4
12,17,0,3,5
13,18,4,11,1
14,12,9,19,9
15,6,0,1,0
16,4,18,2,3
17,18,2,6,10
18,11,14,5,9
19,12,0,1,9
