9
Grid:
20,20
....................
....................
....................
....................
....................
....................
....................
....................
....................
....................
....................
....................
....................
....................
....................
....................
....................
....................
....................
....................
Agents:
20
0,8,7,10,4
1,2,5,11,17
2,4,8,14,4
3,7,2,19,11
4,10,3,8,12
5,11,19,4,7
6,5,19,4,18
7,16,15,5,10
8,11,3,8,10
9,16,1,3,8
10,4,18,13,4
11,2,3,9,11
12,11,0,1,5
13,11,14,12,5
14,3,19,2,5
15,7,5,16,5
16,7,19,17,0
17,8,0,5,7
18,1,16,16,15
19,6,17,18,4
