0
Grid:
20,20
........@...........
..............@.....
..@.....@...@......@
.@@.................
........@...........
....@...@........@..
...@.....@.....@.@.@
........@@..@.@.....
...@................
....@.............@.
.....@.......@......
....................
.........@.....@....
..@..............@..
..............@.....
....................
.................@..
@@..@........@@.....
.........@.....@....
...............@....
Agents:
20
0,0,13,3,7
1,4,13,10,2
2,14,5,12,19
3,6,4,11,12
4,4,16,8,2
5,8,16,1,15
6,3,6,9,14
7,8,1,15,15
8,14,18,9,10
9,0,15,0,5
10,3,9,13,3
11,10,10,9,6
12,1,6,1,1
13,16,18,15,11
14,19,10,4,18
15,15,0,15,16
16,18,13,14,16
17,6,13,9,7
18,0,19,2,4
19,15,6,19,9
