2
Grid:
20,20
@...@@@....@@.....@@
@...@.....@@.....@@@
@.@.@.@..@@.....@...
......@.@.@@@.@@@.@.
.@@...@...@@..@....@
.@.@@@@@.@@......@..
@@...@...@@.@@@...@.
@.......@@@..@..@@@.
.@...@@@@.....@@..@@
...@@.@...@@.....@@.
..@.......@...@@@@..
....@..@@@@@..@....@
@.@.@@@....@@..@.@..
@.@...@.@@..@.@...@.
.@@...@.@...@...@..@
....@...@.@@@..@@@@@
@..@..@.@@.@..@..@@@
.....@@.@..@.@@..@@.
.@.@.@@..@.@........
.@.@.@@@...@.@...@..
Agents:
20
0,4,15,4,15
1,1,9,17,2
2,3,4,18,14
3,0,3,10,0
4,8,16,13,10
5,3,5,3,7
6,3,1,18,10
7,12,13,17,12
8,19,2,6,15
9,6,16,1,2
10,6,2,19,15
11,12,14,6,19
12,17,10,9,9
13,10,8,5,15
14,14,15,4,13
15,8,0,1,7
16,10,6,18,18
17,14,7,0,14
18,15,1,11,2
19,17,19,14,4
