9
Grid:
20,20
..@@..@@.@@@.......@
@..@.@......@@.@.@@@
.........@@@.@.@....
@@.@...@......@.@@@.
@@@...@......@@.....
..@.@...@@..@....@@.
@...@.@@@.@......@@@
@.@@@...@.@..@.@.@..
..@...@@@....@@@...@
@..@@..@.@@@@@...@@@
.....@...@@...@..@@@
...@@..@@.@.@...@.@.
.@@@@.@@..@.@.......
.@@@..@@.@@@@....@.@
@.....@.....@@@@@@.@
@..@.........@....@@
..@@.@@@..@@...@@...
...@@..@@.@@.@@@@@.@
@@.@@....@.@@.@.....
...@..............@.
Agents:
20
0,15,11,0,12
1,6,13,19,1
2,1,7,2,1
3,17,2,3,4
4,4,5,3,8
5,0,5,10,15
6,6,15,0,16
7,10,7,3,12
8,13,14,4,16
9,3,6,7,9
10,6,11,18,13
11,7,11,4,11
12,12,15,0,5
13,4,8,19,0
14,11,13,18,10
15,9,1,8,5
16,2,7,9,6
17,14,18,5,19
18,15,12,10,0
19,12,11,0,4
