2
Grid:
20,20
.@.......@.....@@...
..@.@@..@.....@.....
@..@....@@@@..@@.@..
.@.@..@@..@..@...@@.
...@@.@..@.....@...@
@.@.@......@....@@@.
....@@.@@@.......@..
.@....@.....@@@.....
...@@.@.....@...@...
...@@..@@....@@..@.@
@...@.@.............
@....@........@@....
......@..@...@..@@.@
@.....@@@......@@.@@
@.@.@...@.@@..@.@...
@@...@.@.@@@..@....@
.............@.@@@..
.@.....@.@..........
@@....@..@.@.....@.@
@.....@......@@..@..
Agents:
20
0,17,8,14,5
1,0,11,14,15
2,5,6,19,9
3,15,16,17,18
4,6,19,3,12
5,16,14,7,17
6,12,5,11,3
7,17,5,2,2
8,11,2,7,3
9,6,6,17,5
10,4,2,3,4
11,5,8,18,2
12,10,16,0,11
13,17,15,5,9
14,2,19,15,18
15,1,7,12,14
16,16,11,1,13
17,2,13,13,11
18,6,2,5,7
19,11,10,1,17
