9
Grid:
20,20
@@.........@..@@....
.....@....@........@
@.......@.......@@..
.@....@.@@@@........
.@..@@@@.@@.........
..@..@@@.@.......@.@
@.@..@....@...@@.@@.
.......@@@@@@.@.@...
...@...@...@.@....@.
.........@@...@...@.
@..@...@..@.@.......
@.....@..@.@....@...
.@....@......@@@..@.
....@@..@..@@......@
..@.@....@@......@.@
.@...@.....@@.@.@.@.
.....@..@@@...@...@.
..@..@...@@.@@@.@...
@...@..@.....@.....@
@.@..@.@@@..@@..@...
Agents:
20
0,10,17,13,2
1,11,19,10,4
2,15,7,14,11
3,16,0,11,18
4,0,18,8,5
5,11,10,19,14
6,17,17,13,3
7,0,2,15,15
8,7,1,6,7
9,17,3,9,4
10,13,2,0,3
11,5,3,9,5
12,10,4,15,19
13,4,17,17,0
14,16,15,7,13
15,1,18,18,6
16,11,14,7,18
17,9,0,12,4
18,1,9,0,7
19,18,12,8,14
