8
Grid:
20,20
....................
....................
....................
....................
....................
....................
....................
....................
....................
....................
....................
....................
....................
....................
....................
....................
....................
....................
....................
....................
Agents:
20
0,13,5,9,3
1,13,16,18,2
2,19,0,8,16
3,9,7,13,17
4,16,5,10,7
5,3,18,17,3
6,3,7,7,11
7,18,18,14,1
8,19,15,5,16
9,1,15,14,2
10,19,14,6,10
11,9,0,0,17
12,4,4,18,1
13,5,15,14,18
14,10,12,6,5
15,16,0,2,18
16,2,17,17,9
17,1,9,13,7
18,5,4,17,18
19,0,16,8,9
