0
Grid:
20,20
........@@....@.@@.@
@..@................
.....@..........@...
.@.........@.@......
....@........@.@..@.
.....@..@......@....
@........@....@.@...
......@.@.....@.....
...@......@....@....
.........@..@.@..@..
..@..@....@.........
....@.....@.......@.
........@.@.........
.....@..@....@@.....
.......@.........@..
.................@..
@.........@...@..@..
@............@.@...@
...........@........
.@........@.........
Agents:
20
0,18,18,8,12
1,4,9,10,9
2,3,17,16,8
3,10,3,6,18
4,10,19,0,12
5,13,7,7,13
6,1,10,14,3
7,18,2,11,14
8,18,7,14,18
9,10,16,1,11
10,16,9,11,6
11,12,18,16,12
12,19,16,15,14
13,4,17,19,15
14,10,7,11,1
15,6,4,12,3
16,16,11,1,15
17,6,5,18,4
18,4,10,14,4
19,16,13,4,12
