5
Grid:
20,20
..........@.@...@...
.@@..@...@....@.....
..@.........@.......
@@................@.
....@.....@...@..@..
....................
@@.@..@......@.@....
..@.@...@.......@@..
.....@....@..@....@.
..@@.......@......@@
...........@..@@....
.......@@.@.......@.
......@.@.....@.@@..
@.@@@........@......
@@@.........@..@....
.@.......@@@@@.@@@..
.@....@@.....@.@....
.@..@.........@.@...
...................@
@.@.................
Agents:
20
0,19,15,14,8
1,17,19,19,7
2,8,14,18,0
3,12,0,15,2
4,10,10,11,12
5,1,15,2,4
6,0,11,7,5
7,16,18,4,13
8,12,3,0,0
9,2,11,3,15
10,10,7,1,7
11,19,19,16,9
12,18,0,17,9
13,13,7,3,13
14,1,6,1,16
15,0,15,17,0
16,1,3,10,9
17,3,15,12,5
18,12,2,10,18
19,7,1,19,18
