7
Grid:
20,20
...@.......@.@...@@@
..@...@.............
..@.@..@......@..@..
.@..@@...@@.....@...
..@.@..@.....@..@@..
.@..@..@@...@.@.....
........@.@@.....@..
.@@.......@.........
@....@....@.@.....@.
.......@....@.......
@.....@..@@@@.....@.
@..@.....@....@.@...
....@.....@......@@.
...@@@@..@...@......
.@@....@@....@.@@.@.
@.@@..@......@@@...@
.......@...........@
.@@..@...@......@@..
.@.@............@...
@.....@.@..@@...@...
Agents:
20
0,4,8,6,1
1,3,17,9,16
2,16,10,10,5
3,12,14,5,0
4,13,19,10,15
5,7,12,0,8
6,0,14,0,1
7,6,12,18,4
8,2,12,17,19
9,18,4,13,19
10,6,18,7,8
11,10,2,16,0
12,7,18,13,11
13,6,1,9,15
14,1,7,14,10
15,14,10,11,15
16,8,1,2,19
17,18,8,2,6
18,8,3,11,4
19,10,4,5,19
