3
Grid:
20,20
@.@@.@@@.@.@...@.@@@
@.@@.....@...@......
@...@@@.@...@..@@@@.
.@@.....@@...@..@@..
.....@...@.@@.@...@.
.@.@..@@.@@....@@.@@
@..@..@.@@@@@.......
@@@..@@....@@.@...@@
..@@....@@@@@.@@@.@@
@.@...@.@@@@@.@@@.@@
@......@@..@@...@@.@
@...@@.@@.@@.@...@..
@@.@...@@..@...@...@
@..@.@@.@@....@@@.@@
.@@@....@.....@@@..@
..@@@..@@..@...@@...
..@@......@.@@.@@..@
.@....@@@@@.@....@.@
...@.@@........@.@@.
@@.@.@@.@@@.@@@@....
Agents:
20
0,3,4,10,3
1,18,10,13,2
2,7,3,14,10
3,7,13,12,10
4,17,4,9,13
5,6,2,3,15
6,11,18,0,1
7,12,17,7,4
8,6,7,8,17
9,1,14,13,10
10,6,1,6,15
11,16,4,9,1
12,11,1,18,7
13,15,6,16,17
14,19,2,8,4
15,5,0,1,7
16,12,9,18,12
17,16,14,7,17
18,6,17,9,4
19,14,12,5,8
