1
Grid:
20,20
..............@..@..
...........@....@...
...@......@@.....@.@
..@.@.@@..@...@.....
.@@...@.....@@@.@...
..@@.....@@.........
.@.....@.@.@....@.@.
.@@..@............@@
.@.@........@.@.....
.......@@...........
@............@...@@.
....@.....@....@...@
@.@..@...@@...@.....
..@@..@..........@@.
...@..@.@@.@..@..@@.
.@..@@....@@........
..@@@....@....@..@@.
.....@@..@@.@...@@@.
.....@@@@.......@...
......@.....@@..@@..
Agents:
20
0,12,18,15,16
1,10,5,14,1
2,11,18,8,11
3,1,18,16,1
4,0,18,9,17
5,4,0,5,14
6,14,16,19,7
7,1,14,12,13
8,18,19,2,1
9,6,19,12,6
10,16,1,16,19
11,19,1,3,12
12,17,1,11,7
13,4,17,10,2
14,19,5,3,0
15,5,13,10,15
16,13,1,17,14
17,14,12,8,17
18,9,14,12,11
19,5,14,19,4
