4
Grid:
20,20
...@..@.....@@@..@.@
@....@@..@.@@......@
.@..@@..@@@.@..@.@..
..@....@.@@...@...@@
...@...@.@@.@...@...
.@.@.....@@.@.......
.@.@..@.....@@@.@.@.
@......@.@@@.....@@@
..@..@.@....@.@.....
@.....@@@....@.@.@@.
.@.......@.....@@@@.
..@@............@..@
..@@..@@.@.@@@@....@
@..@.@@.@......@.@.@
.@..@@..@...@.@.@..@
.....@@.@....@......
..@@@@@..@......@@@.
@......@..@@..@@@...
..@.@@@@......@.....
@@@......@.@..@..@@.
Agents:
20
0,5,0,15,11
1,11,13,10,5
2,18,8,8,16
3,19,10,3,4
4,6,7,5,17
5,3,11,5,5
6,0,0,5,15
7,8,19,1,15
8,1,13,0,11
9,7,4,12,5
10,8,13,18,9
11,0,5,3,13
12,16,12,18,12
13,5,7,10,8
14,9,3,19,3
15,14,3,17,19
16,0,10,11,1
17,8,3,1,17
18,14,13,1,16
19,15,7,16,11
