3
Grid:
20,20
........@...@.@...@@
...@...@.@....@.@..@
....................
...@.....@..........
.....@.....@...@...@
.@@.@..@.........@@.
....@..@@...........
....................
.@...@.....@........
..@...@...........@.
.....@..............
.@@@..@..@..@.......
@.............@.@..@
.@.@........@.@.....
....................
....@.@...@.@.......
......@.......@@....
....................
..@.....@.....@....@
.......@....@.......
Agents:
20
0,9,17,2,4
1,15,16,19,15
2,18,3,18,3
3,3,18,11,19
4,19,10,4,16
5,18,12,3,1
6,1,12,10,18
7,1,11,9,13
8,5,11,9,9
9,10,12,11,10
10,9,16,12,10
11,13,11,17,14
12,1,5,16,19
13,13,2,14,14
14,12,4,11,0
15,15,11,3,6
16,3,4,4,7
17,13,9,6,1
18,8,14,6,19
19,14,1,10,0
