3
Grid:
20,20
....................
....................
....................
....................
....................
....................
....................
....................
....................
....................
....................
....................
....................
....................
....................
....................
....................
....................
....................
....................
Agents:
20
0,17,13,12,6
1,11,15,1,13
2,2,2,10,11
3,16,9,9,6
4,4,1,10,16
5,6,19,15,1
6,6,14,0,11
7,15,9,1,18
8,5,2,2,16
9,1,9,6,3
10,0,15,7,17
11,11,8,7,14
12,17,4,2,10
13,3,13,17,7
14,10,10,18,19
15,18,2,18,16
16,13,9,14,11
17,17,3,13,8
18,15,16,9,11
19,13,12,9,4
