0
Grid:
20,20
@............@.@....
..@@..@....@.......@
..@..@@.............
..@...@@@.@....@....
.@@..@@......@...@..
@@..@.........@@.@..
..@......@@....@....
....@@..........@@@.
@........@....@.@.@.
...........@@.......
@......@.@....@.....
...@...@.@.......@@@
...@.....@...@@.@@.@
@@.@@..@.....@@..@..
..@@@..@@@........@.
.@@..@.....@.@......
.............@.....@
.@@@.....@.......@.@
......@....@......@@
@.@........@.@@.@...
Agents:
20
0,19,4,14,12
1,5,6,14,5
2,15,15,15,6
3,7,8,0,6
4,19,8,12,2
5,2,10,2,10
6,7,3,17,5
7,10,12,10,18
8,10,19,16,1
9,3,9,1,8
10,4,15,19,8
11,9,4,6,3
12,15,7,7,13
13,13,15,6,11
14,1,18,9,8
15,15,6,3,9
16,8,2,3,0
17,17,12,16,15
18,6,17,5,16
19,13,12,13,2
