9
Grid:
20,20
..............@.....
.................@..
....................
...................@
............@.......
......@..@..........
.......@............
...................@
.....@..............
@.............@.....
..@.................
....................
@...................
@...................
....@...............
..........@.........
......@.............
...@................
..........@......@..
....................
Agents:
20
0,19,3,13,2
1,6,17,2,2
2,3,3,10,8
3,2,1,2,1
4,19,19,10,7
5,9,19,13,16
6,11,4,11,8
7,7,7,18,12
8,13,14,0,10
9,6,19,14,2
10,16,3,15,13
11,9,17,10,17
12,1,19,10,10
13,17,15,16,7
14,16,9,9,7
15,7,18,1,18
16,16,13,6,18
17,6,3,12,10
18,13,16,10,19
19,17,14,4,2
