1
Grid:
20,20
....................
......@...@....@@.@.
.........@..@.....@.
....................
..........@......@..
@@@..........@......
....................
...........@.@.@....
@@........@.........
.....@...@@.....@...
..................@.
...............@....
............@@......
.@@.......@.........
.........@...@......
.......@........@@..
.......@......@.....
...........@........
.....@..............
....................
Agents:
20
0,9,19,9,4
1,1,13,3,9
2,9,15,7,17
3,16,8,6,18
4,4,14,16,11
5,7,0,4,12
6,8,17,12,8
7,16,5,3,1
8,19,7,6,9
9,16,19,12,4
10,4,6,12,15
11,3,2,18,0
12,3,0,3,3
13,11,10,19,0
14,9,0,11,4
15,13,12,8,3
16,11,5,10,6
17,19,13,18,12
18,6,19,16,16
19,13,6,5,3
