3
Grid:
20,20
..@....@..@......@@.
.@@........@...@@...
...@@....@..@..@.@..
....@@...@@...@.....
..@.@........@....@.
...@........@.......
@.......@@..@@.@@...
..@.@.....@..@...@@.
.@..@@.....@........
......@....@........
@......@...@..@.@@..
@....@....@@...@..@.
..@.................
.@..@....@.....@....
.@...@..............
..@..........@......
......@..@...@.....@
@@............@....@
.......@...@@.......
...........@@.......
Agents:
20
0,15,18,11,3
1,11,17,18,4
2,0,0,8,8
3,19,19,11,13
4,14,9,2,2
5,12,7,15,10
6,14,14,14,0
7,19,18,4,17
8,6,18,14,13
9,0,4,16,18
10,13,2,16,17
11,7,9,16,3
12,5,18,18,9
13,16,14,8,19
14,6,19,10,9
15,5,16,14,14
16,12,1,10,18
17,2,19,13,12
18,12,6,8,9
19,15,12,17,13
