9
Grid:
20,20
..@..@...@..@..@..@.
....@.@....@.@......
..@@...@.@.......@..
...@.@.....@.@......
.@.@....@.@..@..@...
@....@@.......@@....
.@@......@@...@@.@..
..@....@.@......@...
.@..@..@......@.@@..
.@....@@...@..@.@...
.@.....@.@......@@..
.@.......@.@......@@
.@....@.@...@.....@@
......@..@....@@.@..
@.@.@....@@.@@......
...@@..........@....
.@...........@.@..@.
.@.@@.....@@..@.....
...@.....@.....@@...
..............@....@
Agents:
20
0,19,5,18,1
1,19,7,14,7
2,9,19,11,8
3,16,3,8,3
4,3,15,7,5
5,18,19,13,5
6,13,19,2,4
7,19,10,16,2
8,6,19,18,10
9,6,7,12,2
10,11,13,7,15
11,0,4,3,18
12,6,18,7,18
13,2,19,18,6
14,1,15,7,0
15,17,18,6,6
16,18,1,9,4
17,4,5,17,0
18,11,8,8,12
19,7,14,17,7
