5
Grid:
20,20
.@@.@.@......@@@@@@.
..........@@.@..@.@.
..@.@.@...@@.@..@...
.@.@.@..@..@@@@...@.
@....@@.@....@.....@
@...@@@@@....@@@.@..
@@.......@@....@.@.@
@@..@..@@.@@.....@..
.@.@....@..@.@..@@@.
...@@.@...@@....@@..
@@@@..@@@@..@..@.@.@
@@@@....@......@.@..
.@.@@@.@..@@..@...@.
....@..@...@..@.@@@.
@@...@...@..@@@..@@@
@@@..@@@....@...@@@@
@.....@..@@....@..@.
@..@@.....@.@@.@@.@.
@...@..@..@..@..@...
@@...@@...@..@......
Agents:
20
0,6,3,19,8
1,6,16,5,19
2,16,3,10,4
3,2,12,17,2
4,0,12,18,12
5,1,6,4,16
6,2,5,0,9
7,0,3,1,14
8,1,12,7,6
9,18,1,6,13
10,2,17,13,1
11,3,15,14,6
12,13,3,14,8
13,6,18,17,8
14,19,17,6,8
15,7,16,15,13
16,18,2,15,3
17,19,18,6,6
18,1,0,8,19
19,15,14,13,6
