7
Grid:
20,20
....................
....................
....................
....................
....................
....................
....................
....................
....................
....................
....................
....................
....................
....................
....................
....................
....................
....................
....................
....................
Agents:
20
0,10,7,17,11
1,10,10,13,14
2,11,5,15,9
3,4,19,5,0
4,15,10,14,2
5,10,19,14,16
6,14,3,2,18
7,13,0,16,17
8,6,10,1,3
9,6,4,7,18
10,15,0,9,0
11,16,13,18,17
12,14,6,13,5
13,5,13,12,11
14,9,15,12,10
15,11,0,19,13
16,19,1,9,12
17,1,2,19,6
18,12,5,0,18
19,0,13,11,17
