4
Grid:
20,20
....................
...@.......@...@....
....@.......@.......
..@.......@....@....
....................
...................@
..@.....@..@........
...@.@..........@@@.
...........@.....@..
..@....@@..@....@...
........@...........
...@.@...........@..
.........@...@......
.................@..
...............@....
...@......@.........
.........@...@......
..................@.
@......@............
@...................
Agents:
20
0,5,1,17,3
1,19,11,12,2
2,7,11,8,15
3,12,3,8,7
4,9,17,8,18
5,0,3,5,3
6,16,15,10,18
7,12,0,12,8
8,0,1,14,6
9,7,0,14,14
10,16,3,15,16
11,5,3,15,15
12,0,15,16,6
13,12,7,13,15
14,9,9,17,19
15,6,5,18,9
16,14,11,0,4
17,13,19,4,12
18,13,10,6,16
19,15,6,4,1
