1
Grid:
20,20
..@.....@@..........
..@@@.@...@.@.@@.@..
...@......@.@....@@.
........@..@@.@.@..@
...@...@@..@........
.@.@...@@........@@.
...@...@@...@..@@..@
@.@.@@....@@.@@@..@.
.@.....@@....@.@@...
....@....@@@...@..@.
....@.....@.@..@...@
.@..@@...@....@.....
.@@.@..@..@.@@@.....
.@...@@......@..@@..
@@@@.....@@@.@...@..
...@@@..@..@@.@.....
@........@..@...@..@
..@...........@...@.
......@.@..@@..@@...
.....@...@....@...@.
Agents:
20
0,16,15,14,15
1,2,6,2,11
2,18,17,4,6
3,8,17,15,7
4,10,17,10,3
5,17,9,3,4
6,13,2,11,16
7,2,0,5,11
8,19,16,4,10
9,19,3,4,13
10,19,17,11,7
11,4,19,10,8
12,6,5,12,11
13,1,7,7,8
14,16,1,14,4
15,9,0,17,5
16,7,16,16,13
17,5,5,16,4
18,12,8,12,0
19,2,16,18,19
