3
Grid:
20,20
......@.............
....................
....@...............
.@..................
.@..................
.............@......
....................
.....@........@...@.
....@............@..
....................
..........@.........
@.............@.....
...............@....
..@...............@.
@...................
@...................
....................
....@...............
....................
...@................
Agents:
20
0,5,5,15,3
1,2,14,19,13
2,7,19,6,5
3,19,10,3,12
4,18,13,17,2
5,15,10,8,5
6,11,17,9,3
7,1,17,10,9
8,5,7,17,10
9,10,14,16,11
10,11,5,0,9
11,2,11,9,6
12,16,18,1,14
13,6,2,19,4
14,18,12,3,3
15,9,17,8,2
16,18,2,12,10
17,2,0,5,10
18,12,13,15,11
19,19,0,0,1
