8
Grid:
20,20
@.@@@@..@@@@.@@..@.@
@.@.@.@....@.....@.@
@.@....@..@.@@@..@..
@.@..@@@@.....@....@
@...@@.......@@.@.@@
@@@.@.....@@.@@@@...
....@.@@@..@@@.@.@.@
.@@...@@@..@.@.@...@
.@..@.@@.....@.....@
.@@@@..@...@.@@.@@.@
.@@@@@..@....@@...@@
.@@@@...@..@..@@@..@
.@.@..@@@...@..@...@
@........@..@....@.@
@@...@.@@@@@..@@@.@@
.@...@..@@.@@.@.@.@@
...@.@..@..@@......@
@@.@.@@@..@@@...@..@
@..@@@@@@..@@..@@.@@
@@......@.....@.....
Agents:
20
0,16,4,12,10
1,12,5,8,2
2,8,5,7,4
3,13,11,9,15
4,14,4,13,3
5,11,0,1,15
6,16,2,17,13
7,3,4,4,9
8,0,7,6,9
9,9,15,18,9
10,17,17,5,12
11,8,8,16,2
12,12,18,4,2
13,1,8,3,10
14,9,6,9,8
15,10,6,11,13
16,16,6,5,5
17,2,18,7,3
18,0,12,11,12
19,18,17,10,6
