2
Grid:
20,20
@..@...@..@@.@@@@@..
........@.@.........
.@........@..@@...@.
.....@.@..@.@.@.@.@.
.@...@@@..@...@@@.@.
@...@@@.@.@...@@@...
@..@@.@.....@.@..@..
@@.....@@@@..@@.....
..@@..@....@@..@....
.@.@..@.@.@@@..@@@.@
....@.@..@..@..@@...
..@........@.....@..
@......@.@@.@..@.@..
@.@.@..@@...@@@@..@.
@.@@@@...@.@@.@@....
@.@@........@....@.@
.......@..@@..@..@@.
..@.@.@@.@@..@.@.@..
........@@..@.......
@@@......@.@.....@..
Agents:
20
0,3,3,8,4
1,15,8,8,17
2,8,19,5,7
3,0,18,8,0
4,12,11,18,1
5,16,6,18,17
6,15,18,10,18
7,17,16,15,16
8,1,5,12,4
9,3,15,10,19
10,4,17,19,16
11,4,9,7,11
12,13,3,18,16
13,18,5,11,3
14,7,3,13,9
15,8,7,13,11
16,19,5,18,18
17,7,17,7,16
18,4,13,2,16
19,13,11,11,7
