3
Grid:
64,64
................................................................
................................................................
................................................................
................................................................
................................................................
................................................................
................................................................
................................................................
................................................................
................................................................
................................................................
................................................................
................................................................
................................................................
................................................................
................................................................
................................................................
................................................................
................................................................
................................................................
................................................................
................................................................
................................................................
................................................................
................................................................
................................................................
................................................................
................................................................
................................................................
................................................................
................................................................
................................................................
................................................................
................................................................
................................................................
................................................................
................................................................
................................................................
................................................................
................................................................
................................................................
................................................................
................................................................
................................................................
................................................................
................................................................
................................................................
................................................................
................................................................
................................................................
................................................................
................................................................
................................................................
................................................................
................................................................
................................................................
................................................................
................................................................
................................................................
................................................................
................................................................
................................................................
................................................................
................................................................
Agents:
212
0,12,41,36,36
1,24,54,51,6
2,15,27,39,6
3,24,39,46,18
4,36,52,25,41
5,25,22,20,62
6,59,63,33,3
7,49,57,28,59
8,31,50,14,60
9,46,17,57,30
10,60,1,60,32
11,52,48,54,14
12,13,2,19,42
13,15,23,52,24
14,17,13,46,19
15,13,17,41,49
16,59,0,44,22
17,59,50,41,56
18,23,31,36,12
19,11,46,11,2
20,40,2,1,10
21,52,59,54,27
22,1,38,61,7
23,34,40,7,46
24,14,34,18,60
25,13,37,23,38
26,50,20,41,37
27,1,10,34,27
28,52,39,43,24
29,41,13,18,37
30,11,1,20,16
31,22,23,22,20
32,38,8,23,25
33,26,58,13,38
34,3,63,11,39
35,33,63,22,39
36,38,63,11,27
37,41,58,40,28
38,13,56,45,53
39,46,38,39,9
40,31,39,14,9
41,8,47,52,17
42,0,39,13,42
43,31,38,10,60
44,62,49,5,12
45,61,47,9,5
46,54,62,41,18
47,35,38,2,46
48,44,29,12,17
49,20,57,33,4
50,11,40,33,40
51,36,14,54,43
52,0,13,28,1
53,62,50,62,10
54,43,7,39,51
55,61,60,62,28
56,56,2,50,43
57,45,35,35,16
58,56,38,27,14
59,23,63,58,11
60,40,51,54,6
61,59,18,57,56
62,1,49,61,53
63,8,40,6,57
64,28,2,29,22
65,13,48,35,24
66,36,53,1,47
67,27,55,53,48
68,3,58,13,22
69,46,50,42,30
70,40,44,1,28
71,59,55,15,51
72,52,1,3,1
73,55,52,36,32
74,16,63,48,41
75,45,5,33,57
76,6,21,60,53
77,16,24,11,29
78,44,17,37,0
79,12,15,6,43
80,5,22,32,40
81,22,41,43,21
82,57,13,39,22
83,24,3,42,12
84,39,54,47,46
85,31,62,55,35
86,56,37,53,45
87,22,59,61,43
88,56,4,11,53
89,30,0,29,37
90,58,20,9,44
91,24,28,5,24
92,20,8,25,26
93,41,14,47,16
94,37,2,24,35
95,10,49,28,54
96,45,31,6,49
97,44,18,16,47
98,22,18,19,37
99,61,39,59,46
100,41,51,46,37
101,12,25,21,32
102,31,47,57,54
103,13,33,25,16
104,62,20,52,39
105,31,40,31,55
106,51,12,46,34
107,20,48,39,55
108,62,57,2,56
109,20,49,22,54
110,35,9,37,42
111,30,36,44,20
112,44,46,17,63
113,17,25,31,63
114,37,38,58,53
115,7,55,39,29
116,23,6,37,56
117,8,62,62,19
118,60,37,60,52
119,58,8,38,15
120,15,16,60,1
121,35,34,47,62
122,62,32,1,53
123,10,59,25,44
124,19,28,1,13
125,61,11,45,47
126,3,31,27,5
127,21,39,21,56
128,45,49,43,59
129,29,52,63,54
130,40,58,55,41
131,47,56,26,31
132,32,60,12,40
133,53,14,49,16
134,40,0,62,23
135,61,46,0,34
136,54,26,51,15
137,1,9,44,54
138,47,48,5,18
139,14,60,1,18
140,49,8,42,6
141,40,59,32,61
142,51,55,55,37
143,49,32,20,42
144,16,10,50,33
145,7,6,17,37
146,32,21,16,11
147,33,42,36,62
148,1,1,30,25
149,43,60,13,15
150,18,19,40,26
151,31,15,10,39
152,21,41,6,29
153,38,35,37,17
154,2,45,54,37
155,37,44,19,44
156,8,39,20,37
157,15,37,9,42
158,9,61,15,12
159,29,8,9,14
160,47,50,7,3
161,38,47,36,28
162,58,35,29,46
163,44,22,58,23
164,8,45,26,6
165,5,18,9,39
166,41,29,34,44
167,40,25,20,17
168,38,9,8,21
169,17,40,61,29
170,57,44,30,13
171,8,26,50,25
172,33,52,49,23
173,12,57,40,16
174,26,28,30,51
175,56,45,63,4
176,31,10,26,9
177,35,44,23,57
178,41,37,9,40
179,47,2,29,60
180,28,16,5,55
181,27,20,56,12
182,39,19,55,61
183,2,43,47,61
184,62,54,46,32
185,63,63,15,4
186,44,52,57,15
187,15,2,40,50
188,42,11,17,54
189,14,5,30,41
190,22,50,33,26
191,59,43,3,6
192,53,23,48,60
193,51,31,19,33
194,58,59,54,58
195,47,0,1,25
196,25,14,48,21
197,16,51,8,28
198,51,13,6,52
199,49,33,28,18
200,59,35,27,52
201,28,57,56,56
202,0,43,0,27
203,59,32,2,27
204,2,29,60,44
205,43,41,11,42
206,32,34,21,42
207,48,3,45,14
208,6,62,25,4
209,37,30,9,57
210,39,37,51,9
211,50,54,18,12
