3
Grid:
64,64
................................................................
................................................................
................................................................
................................................................
................................................................
................................................................
................................................................
................................................................
................................................................
................................................................
................................................................
................................................................
................................................................
................................................................
................................................................
................................................................
................................................................
................................................................
................................................................
................................................................
................................................................
................................................................
................................................................
................................................................
................................................................
................................................................
................................................................
................................................................
................................................................
................................................................
................................................................
................................................................
................................................................
................................................................
................................................................
................................................................
................................................................
................................................................
................................................................
................................................................
................................................................
................................................................
................................................................
................................................................
................................................................
................................................................
................................................................
................................................................
................................................................
................................................................
................................................................
................................................................
................................................................
................................................................
................................................................
................................................................
................................................................
................................................................
................................................................
................................................................
................................................................
................................................................
................................................................
................................................................
Agents:
74
0,7,24,9,44
1,39,8,26,27
2,1,18,8,53
3,11,2,57,3
4,33,31,36,47
5,38,26,44,45
6,62,35,45,61
7,36,39,31,34
8,43,11,52,34
9,62,28,47,50
10,58,59,23,8
11,20,48,53,40
12,4,1,54,29
13,22,53,61,50
14,14,13,36,3
15,23,44,20,1
16,8,8,3,54
17,25,3,61,17
18,42,42,30,29
19,54,5,51,49
20,39,30,1,5
21,56,3,0,41
22,58,32,17,14
23,27,37,27,50
24,25,0,12,7
25,36,35,46,24
26,6,4,24,59
27,34,12,23,58
28,3,55,55,48
29,3,63,26,60
30,60,21,13,31
31,52,20,54,41
32,8,57,25,23
33,18,53,37,1
34,10,33,50,0
35,60,1,34,42
36,21,57,11,17
37,52,27,45,52
38,3,17,43,55
39,53,36,37,0
40,37,48,25,13
41,27,13,59,26
42,40,52,9,35
43,37,3,24,34
44,37,12,20,43
45,63,51,25,61
46,38,54,57,16
47,9,18,10,22
48,42,35,22,36
49,58,1,43,21
50,14,38,24,55
51,27,56,30,11
52,3,35,39,37
53,13,13,19,0
54,15,7,61,22
55,9,50,28,10
56,1,31,10,4
57,26,11,47,16
58,57,38,51,55
59,43,20,14,40
60,20,14,3,51
61,15,61,31,2
62,34,8,44,59
63,26,31,39,42
64,48,34,42,55
65,49,31,44,4
66,23,52,4,60
67,21,63,2,23
68,21,35,50,36
69,10,5,13,2
70,38,24,41,57
71,52,30,51,60
72,3,12,29,58
73,50,6,28,23
