3
Grid:
64,64
................................................................
................................................................
................................................................
................................................................
................................................................
................................................................
................................................................
................................................................
................................................................
................................................................
................................................................
................................................................
................................................................
................................................................
................................................................
................................................................
................................................................
................................................................
................................................................
................................................................
................................................................
................................................................
................................................................
................................................................
................................................................
................................................................
................................................................
................................................................
................................................................
................................................................
................................................................
................................................................
................................................................
................................................................
................................................................
................................................................
................................................................
................................................................
................................................................
................................................................
................................................................
................................................................
................................................................
................................................................
................................................................
................................................................
................................................................
................................................................
................................................................
................................................................
................................................................
................................................................
................................................................
................................................................
................................................................
................................................................
................................................................
................................................................
................................................................
................................................................
................................................................
................................................................
................................................................
................................................................
Agents:
90
0,1,23,34,14
1,59,55,32,7
2,27,14,12,16
3,39,6,27,57
4,10,48,15,17
5,9,56,48,14
6,28,37,59,16
7,61,48,21,34
8,50,7,20,31
9,59,54,47,40
10,17,55,40,50
11,27,45,12,4
12,47,18,20,3
13,1,17,46,54
14,51,59,17,60
15,19,46,9,15
16,10,63,37,7
17,30,31,13,27
18,28,46,10,28
19,35,26,58,8
20,23,4,62,34
21,38,38,19,29
22,35,21,45,7
23,24,62,55,12
24,4,26,44,51
25,45,38,43,43
26,16,61,9,44
27,62,10,41,23
28,59,13,62,44
29,8,9,6,39
30,12,22,18,56
31,18,14,7,24
32,29,26,14,17
33,45,29,55,2
34,6,29,51,47
35,19,4,48,26
36,36,32,10,45
37,31,12,12,30
38,17,53,4,34
39,9,26,29,41
40,58,2,62,2
41,13,24,39,1
42,14,44,16,21
43,30,12,35,17
44,0,20,62,24
45,36,15,21,13
46,38,26,36,25
47,13,1,15,9
48,49,23,59,41
49,9,9,34,36
50,39,58,14,21
51,56,38,63,24
52,6,40,17,40
53,2,47,34,4
54,30,49,34,26
55,56,6,45,37
56,4,45,7,4
57,15,10,31,63
58,9,58,26,45
59,63,48,30,32
60,60,32,61,62
61,28,50,45,49
62,57,4,12,35
63,30,10,7,46
64,18,29,47,27
65,27,57,56,19
66,43,0,20,41
67,50,63,62,5
68,10,38,41,60
69,18,37,38,42
70,42,46,32,60
71,46,15,29,57
72,27,29,46,21
73,10,56,30,30
74,10,3,6,44
75,56,55,49,45
76,24,24,15,15
77,13,6,20,37
78,30,5,62,6
79,45,1,7,44
80,28,1,51,31
81,22,62,37,4
82,26,4,56,39
83,59,16,38,28
84,0,34,59,31
85,40,25,13,47
86,6,13,0,63
87,50,13,29,29
88,22,27,36,9
89,58,38,42,13
