0
Grid:
64,64
................................................................
................................................................
................................................................
................................................................
................................................................
................................................................
................................................................
................................................................
................................................................
................................................................
................................................................
................................................................
................................................................
................................................................
................................................................
................................................................
................................................................
................................................................
................................................................
................................................................
................................................................
................................................................
................................................................
................................................................
................................................................
................................................................
................................................................
................................................................
................................................................
................................................................
................................................................
................................................................
................................................................
................................................................
................................................................
................................................................
................................................................
................................................................
................................................................
................................................................
................................................................
................................................................
................................................................
................................................................
................................................................
................................................................
................................................................
................................................................
................................................................
................................................................
................................................................
................................................................
................................................................
................................................................
................................................................
................................................................
................................................................
................................................................
................................................................
................................................................
................................................................
................................................................
................................................................
................................................................
Agents:
58
0,33,5,20,40
1,58,6,14,13
2,34,31,37,11
3,62,25,63,12
4,49,56,49,48
5,58,10,16,18
6,13,11,34,2
7,13,18,5,38
8,19,10,54,61
9,43,1,33,30
10,18,11,42,46
11,54,19,26,39
12,39,32,23,14
13,13,2,54,24
14,62,38,20,41
15,31,58,60,6
16,37,54,60,55
17,28,51,23,41
18,16,32,22,15
19,19,36,52,14
20,42,51,8,28
21,7,42,51,57
22,58,33,18,58
23,27,28,32,54
24,9,39,39,19
25,17,19,36,28
26,0,48,22,19
27,0,22,15,11
28,15,38,16,24
29,30,2,56,29
30,17,59,52,36
31,27,10,29,38
32,25,63,6,14
33,36,23,36,30
34,46,25,52,29
35,1,50,29,58
36,55,6,39,37
37,22,31,56,20
38,3,12,18,7
39,25,6,24,7
40,5,49,23,30
41,57,22,51,17
42,21,11,3,56
43,58,52,21,54
44,53,6,18,28
45,36,41,36,25
46,2,17,18,30
47,19,46,37,14
48,23,61,25,29
49,60,3,5,44
50,45,47,0,53
51,37,30,49,35
52,28,58,45,19
53,25,32,45,56
54,18,3,53,48
55,13,24,52,19
56,61,32,45,43
57,2,4,41,57
