2
Grid:
64,64
................................................................
................................................................
................................................................
................................................................
................................................................
................................................................
................................................................
................................................................
................................................................
................................................................
................................................................
................................................................
................................................................
................................................................
................................................................
................................................................
................................................................
................................................................
................................................................
................................................................
................................................................
................................................................
................................................................
................................................................
................................................................
................................................................
................................................................
................................................................
................................................................
................................................................
................................................................
................................................................
................................................................
................................................................
................................................................
................................................................
................................................................
................................................................
................................................................
................................................................
................................................................
................................................................
................................................................
................................................................
................................................................
................................................................
................................................................
................................................................
................................................................
................................................................
................................................................
................................................................
................................................................
................................................................
................................................................
................................................................
................................................................
................................................................
................................................................
................................................................
................................................................
................................................................
................................................................
................................................................
Agents:
68
0,55,0,32,5
1,58,46,39,10
2,36,59,19,0
3,22,33,21,18
4,2,15,18,23
5,62,41,7,38
6,41,58,1,2
7,30,32,43,26
8,51,42,2,3
9,59,9,44,50
10,12,53,10,36
11,43,22,6,15
12,8,15,49,11
13,3,26,45,36
14,21,30,25,56
15,18,22,39,34
16,62,12,14,14
17,51,36,48,49
18,21,36,5,33
19,12,20,13,11
20,18,15,32,24
21,8,10,53,34
22,62,20,24,31
23,26,48,20,15
24,49,51,63,58
25,42,14,12,17
26,34,61,43,34
27,51,1,50,41
28,20,36,52,30
29,38,20,48,3
30,55,59,58,62
31,12,36,60,52
32,60,40,11,56
33,43,28,16,22
34,7,58,35,17
35,11,15,60,47
36,30,39,56,24
37,54,60,27,44
38,45,32,24,13
39,24,51,50,63
40,53,18,21,46
41,41,34,41,3
42,52,4,51,29
43,51,0,53,32
44,24,49,49,6
45,15,49,8,5
46,61,55,48,38
47,28,23,11,52
48,3,36,43,38
49,13,22,25,20
50,40,61,58,53
51,40,54,3,23
52,39,27,7,49
53,47,59,6,20
54,6,54,28,19
55,20,52,38,7
56,11,50,34,30
57,31,36,12,13
58,18,42,59,41
59,47,56,28,45
60,52,42,44,2
61,4,22,59,10
62,43,26,0,29
63,17,39,59,28
64,10,31,57,58
65,57,8,15,32
66,18,2,25,15
67,11,55,60,50
