3
Grid:
64,64
................................................................
................................................................
................................................................
................................................................
................................................................
................................................................
................................................................
................................................................
................................................................
................................................................
................................................................
................................................................
................................................................
................................................................
................................................................
................................................................
................................................................
................................................................
................................................................
................................................................
................................................................
................................................................
................................................................
................................................................
................................................................
................................................................
................................................................
................................................................
................................................................
................................................................
................................................................
................................................................
................................................................
................................................................
................................................................
................................................................
................................................................
................................................................
................................................................
................................................................
................................................................
................................................................
................................................................
................................................................
................................................................
................................................................
................................................................
................................................................
................................................................
................................................................
................................................................
................................................................
................................................................
................................................................
................................................................
................................................................
................................................................
................................................................
................................................................
................................................................
................................................................
................................................................
................................................................
................................................................
Agents:
42
0,9,31,52,47
1,46,55,23,8
2,22,31,13,33
3,11,37,37,22
4,16,49,24,51
5,20,41,42,57
6,5,12,46,1
7,62,8,40,31
8,42,21,56,49
9,21,43,34,23
10,55,34,22,39
11,53,43,25,46
12,30,20,18,53
13,37,59,17,23
14,53,40,31,19
15,27,29,5,19
16,1,36,26,36
17,2,36,30,40
18,45,39,60,11
19,54,20,8,17
20,41,51,56,25
21,47,38,59,56
22,36,12,56,59
23,3,32,44,41
24,1,21,22,16
25,34,54,9,6
26,9,51,21,19
27,40,38,33,34
28,41,2,31,28
29,24,1,51,26
30,58,15,2,61
31,47,39,32,50
32,22,55,5,23
33,40,33,8,31
34,9,26,23,49
35,26,2,52,41
36,30,1,52,4
37,1,4,33,47
38,51,14,58,35
39,6,18,18,11
40,17,4,48,57
41,57,31,32,53
