3
Grid:
64,64
................................................................
................................................................
................................................................
................................................................
................................................................
................................................................
................................................................
................................................................
................................................................
................................................................
................................................................
................................................................
................................................................
................................................................
................................................................
................................................................
................................................................
................................................................
................................................................
................................................................
................................................................
................................................................
................................................................
................................................................
................................................................
................................................................
................................................................
................................................................
................................................................
................................................................
................................................................
................................................................
................................................................
................................................................
................................................................
................................................................
................................................................
................................................................
................................................................
................................................................
................................................................
................................................................
................................................................
................................................................
................................................................
................................................................
................................................................
................................................................
................................................................
................................................................
................................................................
................................................................
................................................................
................................................................
................................................................
................................................................
................................................................
................................................................
................................................................
................................................................
................................................................
................................................................
................................................................
................................................................
Agents:
112
0,21,57,39,50
1,45,43,33,18
2,38,12,57,38
3,45,6,22,40
4,12,28,32,61
5,35,19,51,50
6,59,11,2,0
7,40,8,7,56
8,11,29,8,56
9,5,49,63,29
10,3,13,45,54
11,9,39,12,46
12,17,21,51,40
13,58,43,58,31
14,2,10,60,50
15,13,11,59,22
16,48,31,25,16
17,14,12,2,41
18,23,36,4,54
19,52,17,22,53
20,19,34,13,58
21,36,43,16,19
22,39,33,40,36
23,6,31,39,17
24,2,16,26,32
25,59,2,43,48
26,13,12,26,15
27,2,7,50,46
28,48,5,43,43
29,25,17,36,9
30,18,1,5,20
31,3,1,36,27
32,15,24,25,52
33,35,28,18,59
34,60,28,20,42
35,49,39,44,55
36,41,51,54,45
37,29,32,61,51
38,41,29,26,21
39,63,47,40,28
40,14,27,46,27
41,41,50,32,54
42,15,10,16,27
43,61,36,41,43
44,29,7,30,63
45,28,18,20,13
46,10,34,2,56
47,63,18,41,29
48,30,34,29,14
49,28,15,28,18
50,62,42,35,63
51,34,38,33,10
52,31,20,32,49
53,25,26,18,55
54,46,33,57,29
55,30,18,17,31
56,6,41,27,52
57,2,55,54,13
58,23,17,0,14
59,50,4,39,23
60,26,62,48,20
61,62,53,0,5
62,63,31,61,27
63,28,6,53,1
64,51,10,29,46
65,1,48,42,32
66,49,36,5,49
67,56,3,17,7
68,19,58,52,41
69,49,35,45,61
70,53,60,14,49
71,40,10,55,39
72,12,32,34,43
73,32,8,27,13
74,58,13,61,41
75,47,23,54,23
76,52,63,19,9
77,44,44,11,1
78,39,0,31,56
79,55,18,27,16
80,38,35,41,45
81,31,23,59,41
82,16,21,1,20
83,56,30,40,22
84,62,20,46,37
85,61,56,33,44
86,19,55,14,63
87,9,2,33,24
88,12,52,30,17
89,18,60,41,47
90,38,43,48,60
91,16,52,50,26
92,23,42,13,48
93,59,49,55,14
94,55,12,18,49
95,27,19,2,4
96,2,30,5,19
97,61,17,34,5
98,29,17,13,32
99,58,54,46,3
100,39,2,29,9
101,9,37,59,58
102,15,55,61,20
103,3,61,2,46
104,54,42,53,29
105,32,50,8,36
106,45,59,34,59
107,44,58,35,39
108,19,42,62,15
109,63,37,37,55
110,26,6,59,8
111,38,50,42,38
