0
Grid:
64,64
................................................................
................................................................
................................................................
................................................................
................................................................
................................................................
................................................................
................................................................
................................................................
................................................................
................................................................
................................................................
................................................................
................................................................
................................................................
................................................................
................................................................
................................................................
................................................................
................................................................
................................................................
................................................................
................................................................
................................................................
................................................................
................................................................
................................................................
................................................................
................................................................
................................................................
................................................................
................................................................
................................................................
................................................................
................................................................
................................................................
................................................................
................................................................
................................................................
................................................................
................................................................
................................................................
................................................................
................................................................
................................................................
................................................................
................................................................
................................................................
................................................................
................................................................
................................................................
................................................................
................................................................
................................................................
................................................................
................................................................
................................................................
................................................................
................................................................
................................................................
................................................................
................................................................
................................................................
................................................................
Agents:
152
0,2,21,52,18
1,38,12,30,62
2,51,47,42,39
3,52,25,27,10
4,52,26,25,6
5,31,31,27,39
6,43,57,0,51
7,53,16,40,16
8,18,10,47,31
9,19,55,33,25
10,33,16,43,34
11,20,26,61,61
12,26,3,61,14
13,56,25,47,17
14,42,32,38,13
15,57,17,0,9
16,33,4,42,45
17,8,51,2,42
18,24,59,38,7
19,49,48,60,14
20,39,61,13,41
21,9,0,54,26
22,4,32,9,2
23,56,40,38,11
24,31,51,61,25
25,35,46,52,43
26,60,16,6,26
27,45,50,17,23
28,1,11,16,7
29,50,48,35,35
30,54,26,36,45
31,46,20,35,62
32,33,13,47,6
33,61,38,46,28
34,48,2,56,3
35,56,22,57,58
36,24,34,32,21
37,16,35,5,12
38,6,19,58,38
39,22,57,51,13
40,10,15,55,33
41,58,55,9,36
42,60,10,57,42
43,21,16,33,62
44,23,22,8,42
45,49,12,58,9
46,9,1,16,44
47,58,12,16,17
48,15,53,8,41
49,31,54,58,44
50,34,18,33,22
51,56,28,16,10
52,21,26,57,11
53,0,9,31,21
54,43,45,29,36
55,53,57,28,45
56,37,38,2,27
57,32,54,45,55
58,56,45,54,33
59,14,26,7,9
60,16,43,32,6
61,13,23,55,61
62,39,3,7,30
63,20,16,35,37
64,52,31,16,54
65,22,56,25,60
66,23,29,55,56
67,60,48,57,32
68,53,58,27,34
69,16,13,25,45
70,42,4,41,18
71,22,15,51,10
72,27,19,20,59
73,44,24,27,3
74,30,8,43,14
75,62,53,25,23
76,3,30,7,41
77,11,15,4,6
78,63,61,32,13
79,50,61,19,53
80,53,27,36,56
81,35,45,6,12
82,14,2,10,12
83,58,39,50,42
84,32,61,35,42
85,29,1,61,4
86,47,12,23,49
87,20,61,27,56
88,59,19,56,21
89,22,59,52,51
90,50,43,12,8
91,32,32,43,1
92,52,57,42,14
93,17,45,19,40
94,48,55,4,51
95,8,18,41,20
96,24,15,43,58
97,11,0,47,48
98,44,46,5,17
99,4,41,5,8
100,30,55,10,18
101,40,1,44,32
102,24,2,24,61
103,46,63,59,44
104,58,1,34,60
105,2,30,30,17
106,38,57,31,9
107,41,13,21,36
108,53,2,0,57
109,57,21,10,62
110,54,41,13,2
111,52,10,49,14
112,40,32,35,20
113,1,19,46,61
114,17,13,17,46
115,15,45,16,15
116,28,58,16,52
117,3,31,52,11
118,7,50,36,31
119,11,18,21,24
120,50,47,52,33
121,53,42,13,54
122,44,31,35,34
123,38,62,29,26
124,11,41,57,20
125,53,47,13,4
126,56,18,50,7
127,0,62,53,47
128,12,14,31,32
129,25,13,53,29
130,47,53,59,42
131,15,57,41,23
132,28,46,46,21
133,9,21,36,28
134,59,6,20,23
135,10,30,55,15
136,25,6,10,4
137,51,10,61,49
138,29,9,46,15
139,58,3,59,23
140,8,39,30,33
141,23,31,2,13
142,53,10,15,6
143,58,4,15,24
144,18,57,56,28
145,24,61,42,62
146,20,12,36,27
147,63,0,36,6
148,26,51,1,50
149,2,55,28,61
150,52,53,57,44
151,46,46,33,23
