0
Grid:
64,64
................................................................
................................................................
................................................................
................................................................
................................................................
................................................................
................................................................
................................................................
................................................................
................................................................
................................................................
................................................................
................................................................
................................................................
................................................................
................................................................
................................................................
................................................................
................................................................
................................................................
................................................................
................................................................
................................................................
................................................................
................................................................
................................................................
................................................................
................................................................
................................................................
................................................................
................................................................
................................................................
................................................................
................................................................
................................................................
................................................................
................................................................
................................................................
................................................................
................................................................
................................................................
................................................................
................................................................
................................................................
................................................................
................................................................
................................................................
................................................................
................................................................
................................................................
................................................................
................................................................
................................................................
................................................................
................................................................
................................................................
................................................................
................................................................
................................................................
................................................................
................................................................
................................................................
................................................................
................................................................
Agents:
174
0,44,10,47,1
1,31,55,50,38
2,18,23,23,56
3,18,51,41,54
4,16,53,4,28
5,13,45,9,7
6,60,62,56,3
7,36,28,15,21
8,11,34,57,10
9,48,33,43,36
10,28,35,9,62
11,14,44,24,41
12,62,35,40,56
13,7,50,62,35
14,53,23,50,10
15,31,19,25,2
16,37,41,31,45
17,55,51,43,34
18,59,55,50,14
19,8,36,41,60
20,11,54,40,59
21,24,63,51,58
22,38,13,50,47
23,9,54,19,53
24,12,37,21,14
25,60,57,3,12
26,35,6,9,54
27,58,9,8,51
28,59,51,25,6
29,57,47,16,48
30,16,31,4,50
31,61,57,16,10
32,22,57,25,48
33,8,19,35,6
34,7,48,46,7
35,32,20,8,17
36,26,12,7,18
37,21,38,13,58
38,11,14,44,39
39,5,48,6,60
40,26,16,2,4
41,38,16,13,35
42,27,37,63,45
43,48,30,43,63
44,46,46,62,61
45,55,8,29,40
46,61,24,25,63
47,19,44,10,40
48,57,31,56,24
49,41,45,38,34
50,4,54,56,27
51,47,27,30,9
52,4,39,13,63
53,31,22,31,26
54,48,20,37,44
55,61,44,63,10
56,45,8,28,38
57,20,63,39,54
58,57,45,58,55
59,29,48,13,24
60,9,41,5,56
61,37,25,44,6
62,57,24,62,21
63,22,1,31,55
64,56,41,13,7
65,45,44,47,51
66,37,23,25,11
67,44,36,14,14
68,33,10,30,36
69,11,51,52,1
70,6,25,17,39
71,45,25,54,54
72,48,10,62,51
73,26,53,31,60
74,4,20,3,46
75,51,11,29,6
76,1,57,51,5
77,35,27,20,31
78,16,21,46,53
79,34,44,42,9
80,17,30,60,51
81,30,7,26,60
82,39,17,22,6
83,7,22,21,46
84,28,48,43,1
85,29,46,14,44
86,34,41,14,34
87,42,48,1,7
88,59,11,24,9
89,40,46,58,38
90,62,33,59,8
91,61,36,23,2
92,54,33,21,38
93,42,44,62,1
94,52,17,57,40
95,19,11,57,30
96,39,30,6,50
97,34,39,61,23
98,59,38,31,31
99,50,31,48,16
100,3,4,15,25
101,25,19,47,25
102,54,4,61,44
103,41,24,48,25
104,14,51,33,31
105,31,4,12,0
106,45,52,41,39
107,46,47,54,60
108,33,57,4,26
109,17,5,48,36
110,38,27,57,26
111,33,11,10,19
112,29,18,18,49
113,6,3,36,56
114,6,2,35,16
115,53,21,31,17
116,25,9,28,7
117,43,57,53,4
118,8,41,40,47
119,45,49,58,56
120,56,17,35,15
121,29,0,6,10
122,49,14,26,21
123,30,51,50,16
124,48,51,7,6
125,6,1,36,33
126,20,44,37,47
127,56,39,48,52
128,34,14,2,34
129,53,36,35,46
130,61,37,30,44
131,17,12,26,11
132,61,9,60,63
133,43,35,34,63
134,8,52,19,35
135,39,55,24,53
136,12,32,27,28
137,13,20,3,58
138,61,33,9,22
139,25,15,6,29
140,51,19,53,15
141,19,19,54,31
142,60,52,5,41
143,0,45,32,11
144,17,3,38,26
145,23,58,1,27
146,52,8,6,48
147,51,18,53,12
148,0,16,32,27
149,3,39,18,59
150,35,58,15,0
151,42,59,32,24
152,52,52,56,53
153,30,35,62,24
154,42,1,30,29
155,52,38,28,57
156,49,42,43,18
157,18,62,38,21
158,16,9,28,50
159,9,61,34,25
160,18,5,33,30
161,29,45,54,26
162,44,59,53,2
163,30,49,12,59
164,43,56,53,21
165,7,45,3,62
166,0,11,30,39
167,15,45,56,28
168,25,21,45,55
169,5,13,19,34
170,23,9,55,28
171,0,1,15,29
172,0,57,0,41
173,30,37,56,62
