3
Grid:
64,64
................................................................
................................................................
................................................................
................................................................
................................................................
................................................................
................................................................
................................................................
................................................................
................................................................
................................................................
................................................................
................................................................
................................................................
................................................................
................................................................
................................................................
................................................................
................................................................
................................................................
................................................................
................................................................
................................................................
................................................................
................................................................
................................................................
................................................................
................................................................
................................................................
................................................................
................................................................
................................................................
................................................................
................................................................
................................................................
................................................................
................................................................
................................................................
................................................................
................................................................
................................................................
................................................................
................................................................
................................................................
................................................................
................................................................
................................................................
................................................................
................................................................
................................................................
................................................................
................................................................
................................................................
................................................................
................................................................
................................................................
................................................................
................................................................
................................................................
................................................................
................................................................
................................................................
................................................................
................................................................
Agents:
164
0,6,25,14,39
1,14,47,6,36
2,29,34,2,62
3,20,15,6,25
4,22,5,6,31
5,28,42,3,40
6,42,60,25,42
7,4,31,46,4
8,26,1,37,19
9,28,31,12,53
10,61,35,48,40
11,22,48,47,40
12,46,35,12,8
13,54,33,25,0
14,59,19,24,1
15,10,41,8,61
16,20,9,43,1
17,63,22,29,62
18,1,48,49,34
19,52,4,47,38
20,4,33,15,49
21,46,4,53,55
22,21,38,13,23
23,53,63,56,32
24,27,57,25,51
25,11,9,54,60
26,63,63,17,21
27,13,35,1,19
28,3,30,18,31
29,1,58,57,52
30,44,50,35,21
31,20,3,32,63
32,59,50,63,47
33,21,33,61,18
34,61,46,59,5
35,30,41,61,47
36,13,24,0,61
37,26,28,43,63
38,52,18,31,28
39,27,8,7,63
40,46,54,7,50
41,6,1,21,45
42,7,1,12,57
43,42,21,42,63
44,59,27,17,47
45,19,35,42,55
46,47,58,54,41
47,24,18,40,15
48,12,43,38,55
49,8,34,26,58
50,17,20,25,24
51,1,45,44,3
52,27,33,33,60
53,60,38,8,40
54,36,49,11,4
55,47,49,5,5
56,2,57,8,41
57,12,53,27,1
58,44,18,32,17
59,60,58,34,35
60,8,0,54,46
61,37,34,45,11
62,27,58,37,54
63,57,18,29,48
64,0,8,42,16
65,15,9,46,63
66,9,56,53,61
67,55,25,29,30
68,53,24,23,49
69,38,37,27,57
70,4,3,38,1
71,48,10,34,56
72,44,33,16,23
73,32,54,21,31
74,46,34,14,35
75,37,57,27,3
76,46,14,30,20
77,26,17,7,28
78,47,31,16,33
79,18,32,26,16
80,39,41,7,15
81,38,27,51,0
82,34,38,49,60
83,40,9,53,37
84,2,50,43,47
85,63,20,28,41
86,44,22,28,25
87,53,5,35,52
88,15,26,6,52
89,53,57,50,49
90,26,2,16,8
91,36,29,23,6
92,35,21,44,63
93,26,58,63,31
94,30,37,0,46
95,42,22,33,36
96,5,5,56,44
97,61,27,46,11
98,28,21,63,46
99,40,6,57,25
100,56,22,38,13
101,52,59,28,53
102,34,17,55,7
103,25,21,22,16
104,1,20,33,19
105,41,24,38,52
106,6,36,44,12
107,4,9,23,12
108,56,12,33,2
109,12,45,42,23
110,43,28,45,34
111,8,41,50,37
112,14,38,6,15
113,24,26,61,0
114,40,58,1,27
115,50,47,21,21
116,0,3,30,55
117,14,41,57,41
118,58,18,63,57
119,33,9,7,35
120,36,22,11,1
121,44,44,59,6
122,63,25,53,12
123,22,19,8,50
124,29,27,61,41
125,58,11,7,10
126,43,24,59,21
127,51,57,18,20
128,2,39,6,34
129,0,63,62,42
130,44,7,13,34
131,33,58,44,49
132,23,3,31,22
133,22,27,36,7
134,14,37,6,45
135,4,10,36,31
136,12,33,24,15
137,55,49,59,7
138,60,33,46,17
139,38,63,7,4
140,3,20,47,48
141,28,23,52,18
142,53,53,6,13
143,23,53,44,42
144,53,1,38,8
145,15,32,23,60
146,0,34,7,60
147,28,28,16,39
148,52,50,13,63
149,20,60,27,23
150,2,59,20,49
151,4,55,22,14
152,22,47,19,36
153,63,10,39,43
154,32,1,35,34
155,60,32,33,28
156,0,1,22,23
157,59,23,11,54
158,42,10,38,20
159,5,34,38,15
160,37,13,61,1
161,21,36,23,26
162,9,41,59,62
163,4,27,19,60
