4
Grid:
64,64
................................................................
................................................................
................................................................
................................................................
................................................................
................................................................
................................................................
................................................................
................................................................
................................................................
................................................................
................................................................
................................................................
................................................................
................................................................
................................................................
................................................................
................................................................
................................................................
................................................................
................................................................
................................................................
................................................................
................................................................
................................................................
................................................................
................................................................
................................................................
................................................................
................................................................
................................................................
................................................................
................................................................
................................................................
................................................................
................................................................
................................................................
................................................................
................................................................
................................................................
................................................................
................................................................
................................................................
................................................................
................................................................
................................................................
................................................................
................................................................
................................................................
................................................................
................................................................
................................................................
................................................................
................................................................
................................................................
................................................................
................................................................
................................................................
................................................................
................................................................
................................................................
................................................................
................................................................
................................................................
Agents:
200
0,51,48,37,54
1,32,19,1,46
2,61,13,13,23
3,30,0,33,34
4,42,43,8,61
5,26,3,41,63
6,38,52,40,38
7,20,21,15,62
8,52,7,26,51
9,59,49,59,18
10,15,24,19,49
11,11,15,41,27
12,4,3,53,53
13,24,38,40,24
14,40,42,41,6
15,36,36,41,61
16,9,9,12,32
17,48,10,12,13
18,3,14,9,10
19,4,37,59,23
20,14,50,29,17
21,18,8,30,38
22,28,0,41,62
23,57,60,51,24
24,48,36,25,20
25,33,56,27,46
26,20,26,3,18
27,26,27,8,2
28,36,17,33,38
29,15,57,22,32
30,53,55,26,9
31,23,0,57,57
32,6,54,59,54
33,58,29,16,42
34,3,10,2,44
35,18,37,17,30
36,2,21,33,48
37,34,28,45,3
38,5,3,52,6
39,51,3,22,19
40,10,28,39,25
41,54,4,47,17
42,8,44,52,18
43,15,46,30,53
44,46,20,28,44
45,38,49,18,47
46,62,10,35,31
47,48,22,50,12
48,26,18,22,57
49,1,37,7,45
50,6,28,40,21
51,56,37,19,22
52,17,59,60,1
53,53,62,25,39
54,55,62,16,59
55,22,32,25,59
56,30,11,15,18
57,47,25,31,42
58,1,18,28,35
59,55,26,20,25
60,38,11,35,38
61,46,47,38,19
62,36,32,54,4
63,39,55,5,13
64,37,12,23,62
65,1,51,47,21
66,2,13,40,52
67,61,46,30,54
68,35,16,59,59
69,51,13,1,33
70,54,17,14,10
71,54,48,22,14
72,62,5,15,12
73,19,50,2,47
74,27,23,43,19
75,21,7,13,49
76,26,39,9,37
77,62,58,52,8
78,45,9,15,53
79,1,48,24,22
80,20,61,16,20
81,25,43,9,15
82,60,34,35,23
83,30,16,33,16
84,14,1,9,8
85,53,49,21,61
86,31,42,47,12
87,35,21,60,2
88,20,62,20,57
89,48,30,25,22
90,13,52,22,44
91,28,13,27,14
92,55,58,46,1
93,24,26,8,17
94,14,2,39,9
95,0,25,61,31
96,56,56,2,28
97,55,11,43,13
98,52,28,43,46
99,38,2,62,21
100,36,26,63,31
101,33,35,60,16
102,40,48,54,46
103,3,40,19,27
104,38,46,7,4
105,25,35,1,31
106,35,32,17,10
107,33,11,30,32
108,52,2,9,51
109,9,3,51,9
110,1,11,56,29
111,0,27,20,19
112,34,29,3,42
113,49,42,10,55
114,30,9,57,46
115,10,20,53,5
116,56,10,41,40
117,16,2,58,44
118,43,19,29,52
119,18,40,23,29
120,23,37,60,10
121,28,18,57,55
122,0,43,43,6
123,31,24,6,56
124,23,43,41,10
125,22,49,49,60
126,18,34,28,0
127,0,24,12,17
128,25,6,27,53
129,0,10,31,1
130,62,25,11,15
131,10,29,59,14
132,36,4,18,42
133,42,24,55,43
134,16,31,18,18
135,32,33,6,39
136,47,33,34,29
137,44,27,34,32
138,47,46,20,30
139,26,55,11,13
140,61,25,45,59
141,18,50,54,40
142,50,24,1,36
143,1,21,56,63
144,9,55,57,15
145,40,37,40,53
146,18,7,21,36
147,41,62,6,54
148,27,63,30,44
149,45,60,22,4
150,0,6,38,52
151,8,56,4,13
152,11,53,12,33
153,2,48,22,47
154,54,36,48,48
155,40,43,48,11
156,43,9,48,45
157,13,37,16,4
158,6,24,46,14
159,42,11,33,46
160,3,21,2,62
161,14,24,8,56
162,54,58,44,24
163,14,40,52,41
164,55,46,26,59
165,0,48,62,39
166,0,30,15,38
167,54,54,43,27
168,17,26,56,43
169,39,61,25,8
170,22,16,1,51
171,30,37,4,49
172,15,61,52,52
173,57,9,22,35
174,58,4,48,1
175,56,3,47,59
176,20,34,42,51
177,57,42,20,52
178,56,47,50,38
179,1,17,31,48
180,38,25,63,55
181,56,7,51,40
182,36,56,14,40
183,42,13,54,52
184,18,22,10,7
185,19,43,47,30
186,49,45,59,32
187,53,50,21,43
188,54,41,24,11
189,0,5,11,53
190,46,51,54,41
191,54,61,6,59
192,27,30,8,62
193,62,33,16,36
194,24,22,56,27
195,22,60,47,25
196,23,23,37,10
197,0,22,63,63
198,19,44,8,44
199,54,35,39,33
