4
Grid:
64,64
................................................................
................................................................
................................................................
................................................................
................................................................
................................................................
................................................................
................................................................
................................................................
................................................................
................................................................
................................................................
................................................................
................................................................
................................................................
................................................................
................................................................
................................................................
................................................................
................................................................
................................................................
................................................................
................................................................
................................................................
................................................................
................................................................
................................................................
................................................................
................................................................
................................................................
................................................................
................................................................
................................................................
................................................................
................................................................
................................................................
................................................................
................................................................
................................................................
................................................................
................................................................
................................................................
................................................................
................................................................
................................................................
................................................................
................................................................
................................................................
................................................................
................................................................
................................................................
................................................................
................................................................
................................................................
................................................................
................................................................
................................................................
................................................................
................................................................
................................................................
................................................................
................................................................
................................................................
................................................................
Agents:
72
0,5,12,55,29
1,37,41,26,62
2,7,30,26,51
3,56,26,14,51
4,40,49,19,37
5,7,17,15,61
6,51,56,31,44
7,42,5,54,0
8,53,15,37,20
9,5,20,44,40
10,20,35,50,24
11,9,2,43,30
12,9,23,52,13
13,44,38,63,4
14,5,50,0,5
15,29,56,23,15
16,15,10,0,39
17,30,58,51,4
18,16,18,36,30
19,3,34,39,52
20,17,2,16,28
21,20,2,31,31
22,1,44,0,45
23,2,25,31,59
24,16,50,16,37
25,12,12,39,6
26,63,16,24,45
27,14,33,8,22
28,2,35,50,2
29,32,47,23,16
30,50,18,24,22
31,21,53,29,35
32,20,14,34,18
33,2,40,54,14
34,25,47,62,32
35,52,35,22,4
36,12,34,61,40
37,3,18,29,21
38,15,7,10,26
39,0,29,0,53
40,21,18,37,30
41,37,17,32,1
42,57,62,12,42
43,60,60,4,10
44,56,44,40,26
45,50,19,28,49
46,48,63,57,8
47,44,30,7,0
48,46,51,2,27
49,41,25,46,9
50,63,33,26,38
51,61,41,35,11
52,63,28,24,38
53,13,59,42,35
54,18,59,29,40
55,35,3,15,24
56,26,31,18,50
57,60,3,24,8
58,16,2,30,19
59,21,4,12,0
60,44,29,3,19
61,55,7,9,8
62,48,57,20,25
63,50,4,45,20
64,37,48,4,27
65,24,12,19,8
66,51,59,50,55
67,19,52,23,21
68,20,60,54,3
69,18,28,55,4
70,49,0,9,10
71,41,61,13,40
