2
Grid:
64,64
................................................................
................................................................
................................................................
................................................................
................................................................
................................................................
................................................................
................................................................
................................................................
................................................................
................................................................
................................................................
................................................................
................................................................
................................................................
................................................................
................................................................
................................................................
................................................................
................................................................
................................................................
................................................................
................................................................
................................................................
................................................................
................................................................
................................................................
................................................................
................................................................
................................................................
................................................................
................................................................
................................................................
................................................................
................................................................
................................................................
................................................................
................................................................
................................................................
................................................................
................................................................
................................................................
................................................................
................................................................
................................................................
................................................................
................................................................
................................................................
................................................................
................................................................
................................................................
................................................................
................................................................
................................................................
................................................................
................................................................
................................................................
................................................................
................................................................
................................................................
................................................................
................................................................
................................................................
................................................................
Agents:
178
0,56,59,61,16
1,49,3,63,53
2,51,21,56,45
3,43,1,61,8
4,49,55,58,33
5,49,50,51,33
6,54,51,7,11
7,1,44,60,63
8,12,52,55,26
9,37,48,40,3
10,40,41,3,3
11,0,30,61,32
12,40,18,55,59
13,32,9,22,16
14,54,25,9,13
15,7,12,57,21
16,2,45,57,14
17,39,52,48,49
18,25,37,21,11
19,0,13,7,54
20,50,22,55,42
21,60,28,46,54
22,13,57,60,49
23,52,29,46,41
24,48,5,40,18
25,34,54,39,43
26,1,14,4,49
27,52,15,53,14
28,58,19,46,36
29,26,32,12,26
30,53,34,14,12
31,11,23,11,44
32,47,37,45,23
33,47,8,10,6
34,12,12,56,56
35,19,38,51,28
36,51,24,58,63
37,61,18,8,28
38,44,36,60,34
39,17,46,56,20
40,30,3,46,52
41,24,48,9,17
42,55,17,61,25
43,10,51,12,38
44,56,24,45,38
45,57,5,59,23
46,11,32,7,0
47,24,15,10,50
48,10,37,10,12
49,44,39,28,20
50,10,43,32,30
51,16,35,2,58
52,50,59,45,1
53,3,41,38,34
54,16,34,25,49
55,34,22,31,51
56,2,43,16,55
57,1,49,48,42
58,10,26,31,60
59,32,30,61,36
60,26,59,49,23
61,16,52,55,62
62,19,13,25,17
63,27,19,16,48
64,63,46,18,12
65,8,7,1,1
66,55,41,21,28
67,36,51,4,30
68,50,53,61,4
69,62,59,56,22
70,14,33,3,22
71,35,22,8,5
72,53,35,38,2
73,3,31,48,37
74,30,38,11,20
75,5,47,19,8
76,5,14,8,18
77,13,14,59,53
78,26,28,61,35
79,16,36,17,1
80,32,47,52,25
81,41,34,36,35
82,26,27,35,9
83,30,25,58,15
84,7,14,22,4
85,63,20,48,60
86,27,36,43,19
87,16,56,19,34
88,24,57,17,60
89,62,48,49,11
90,10,60,62,60
91,53,25,5,60
92,40,24,47,11
93,2,41,4,9
94,27,22,37,8
95,24,21,20,63
96,36,26,30,62
97,26,30,31,15
98,56,1,1,55
99,60,26,60,25
100,4,41,15,18
101,24,16,43,27
102,39,48,55,32
103,19,32,46,53
104,61,20,15,49
105,54,32,39,21
106,29,31,16,39
107,26,36,60,39
108,58,16,47,27
109,57,1,25,2
110,24,52,34,6
111,61,48,19,51
112,53,41,27,55
113,48,1,40,29
114,9,49,57,51
115,0,22,33,59
116,61,36,3,32
117,43,32,50,5
118,35,36,48,31
119,49,56,6,16
120,4,34,9,48
121,44,6,37,28
122,32,55,4,51
123,56,4,27,21
124,63,54,50,8
125,35,40,16,3
126,7,58,58,43
127,1,16,28,53
128,26,62,18,2
129,0,18,28,63
130,22,11,30,5
131,20,31,18,31
132,35,56,50,54
133,52,57,46,30
134,0,21,41,42
135,30,0,19,12
136,60,54,14,31
137,8,54,10,51
138,16,61,45,48
139,48,43,15,42
140,1,19,4,52
141,13,24,22,2
142,14,3,40,0
143,35,27,15,7
144,52,60,41,12
145,55,50,26,59
146,50,1,11,8
147,20,63,45,25
148,16,6,53,47
149,53,14,57,44
150,9,7,6,41
151,61,10,7,49
152,7,53,1,6
153,22,29,18,63
154,13,21,28,58
155,16,3,53,48
156,61,59,40,14
157,16,32,34,50
158,21,24,36,59
159,5,3,61,34
160,11,42,52,27
161,8,10,34,21
162,43,39,62,56
163,4,15,22,5
164,41,49,51,37
165,29,63,1,21
166,14,7,17,21
167,5,24,14,23
168,19,63,43,34
169,37,44,22,32
170,37,34,45,7
171,34,7,24,20
172,48,52,15,58
173,42,55,9,26
174,0,50,6,50
175,2,30,27,17
176,62,51,25,7
177,31,31,43,55
