4
Grid:
64,64
................................................................
................................................................
................................................................
................................................................
................................................................
................................................................
................................................................
................................................................
................................................................
................................................................
................................................................
................................................................
................................................................
................................................................
................................................................
................................................................
................................................................
................................................................
................................................................
................................................................
................................................................
................................................................
................................................................
................................................................
................................................................
................................................................
................................................................
................................................................
................................................................
................................................................
................................................................
................................................................
................................................................
................................................................
................................................................
................................................................
................................................................
................................................................
................................................................
................................................................
................................................................
................................................................
................................................................
................................................................
................................................................
................................................................
................................................................
................................................................
................................................................
................................................................
................................................................
................................................................
................................................................
................................................................
................................................................
................................................................
................................................................
................................................................
................................................................
................................................................
................................................................
................................................................
................................................................
................................................................
Agents:
48
0,46,61,44,49
1,48,34,28,47
2,0,42,24,11
3,61,24,23,25
4,47,63,10,52
5,62,46,7,50
6,33,31,44,9
7,53,31,37,51
8,30,14,44,24
9,49,46,12,63
10,53,34,6,47
11,37,39,42,20
12,12,38,6,61
13,61,35,62,25
14,54,60,22,26
15,30,31,14,3
16,18,31,60,16
17,36,20,7,10
18,6,18,58,38
19,42,59,16,2
20,47,21,52,39
21,44,41,44,30
22,44,26,45,0
23,14,54,0,0
24,40,28,51,5
25,18,17,24,42
26,10,12,63,57
27,23,8,2,16
28,22,26,49,10
29,44,25,49,2
30,34,51,37,56
31,32,31,0,37
32,27,2,4,49
33,59,32,61,50
34,24,11,28,28
35,35,53,41,0
36,63,31,10,61
37,3,22,31,7
38,59,34,35,27
39,58,35,38,32
40,21,63,19,56
41,19,1,55,22
42,12,1,30,31
43,20,23,37,23
44,60,61,56,29
45,59,16,57,37
46,15,21,39,51
47,51,43,33,62
