0
Grid:
64,64
................................................................
................................................................
................................................................
................................................................
................................................................
................................................................
................................................................
................................................................
................................................................
................................................................
................................................................
................................................................
................................................................
................................................................
................................................................
................................................................
................................................................
................................................................
................................................................
................................................................
................................................................
................................................................
................................................................
................................................................
................................................................
................................................................
................................................................
................................................................
................................................................
................................................................
................................................................
................................................................
................................................................
................................................................
................................................................
................................................................
................................................................
................................................................
................................................................
................................................................
................................................................
................................................................
................................................................
................................................................
................................................................
................................................................
................................................................
................................................................
................................................................
................................................................
................................................................
................................................................
................................................................
................................................................
................................................................
................................................................
................................................................
................................................................
................................................................
................................................................
................................................................
................................................................
................................................................
................................................................
Agents:
186
0,11,43,44,2
1,24,32,20,17
2,8,19,5,23
3,58,63,1,22
4,12,8,48,52
5,21,28,52,3
6,35,57,29,5
7,56,1,47,40
8,29,18,37,60
9,39,30,12,4
10,18,39,49,34
11,17,34,49,2
12,17,4,46,26
13,24,55,10,47
14,3,39,18,49
15,1,35,24,63
16,61,41,39,22
17,50,6,61,19
18,3,43,41,29
19,0,33,26,43
20,13,57,32,3
21,12,53,12,15
22,14,21,2,24
23,17,25,1,58
24,0,53,6,57
25,47,12,34,46
26,36,12,29,36
27,8,35,20,25
28,25,54,26,33
29,15,4,20,41
30,59,3,4,39
31,59,36,49,55
32,7,49,62,32
33,31,57,25,52
34,6,49,12,60
35,61,50,55,13
36,18,5,57,41
37,16,25,39,27
38,26,28,57,4
39,19,60,51,62
40,51,62,25,43
41,54,14,10,35
42,56,53,20,9
43,63,48,48,49
44,33,14,39,55
45,44,13,48,43
46,27,60,41,9
47,38,9,59,22
48,61,40,48,23
49,45,28,61,1
50,53,23,22,61
51,19,14,0,30
52,55,61,2,9
53,57,31,20,59
54,60,46,21,63
55,9,61,19,53
56,34,18,25,49
57,17,60,1,54
58,13,45,8,41
59,43,18,31,29
60,50,46,57,8
61,23,55,22,24
62,5,48,14,13
63,22,22,0,46
64,30,6,44,25
65,27,50,57,15
66,46,54,60,4
67,6,27,39,39
68,43,39,61,13
69,22,58,37,4
70,59,32,33,37
71,52,50,7,19
72,5,47,59,51
73,42,8,41,50
74,43,42,62,41
75,60,16,41,42
76,60,27,19,33
77,42,7,12,53
78,0,27,52,35
79,9,6,45,31
80,38,35,38,25
81,19,22,6,59
82,14,44,3,42
83,17,37,0,24
84,22,48,37,3
85,23,18,21,38
86,58,36,52,33
87,50,21,30,36
88,6,13,47,31
89,43,52,33,53
90,10,11,29,20
91,53,19,41,2
92,12,63,55,26
93,26,15,53,11
94,29,15,9,11
95,20,23,6,52
96,31,63,37,1
97,31,46,31,52
98,32,62,26,35
99,60,53,1,41
100,24,23,14,10
101,57,12,52,47
102,4,24,5,29
103,12,27,0,43
104,41,52,37,14
105,0,25,24,27
106,56,12,54,1
107,43,7,29,1
108,33,59,49,30
109,31,13,58,42
110,27,2,16,19
111,7,7,36,30
112,28,63,60,20
113,50,59,57,11
114,5,3,14,14
115,52,8,8,6
116,17,54,61,32
117,28,50,26,25
118,17,41,6,11
119,14,52,36,52
120,50,63,26,23
121,38,41,58,43
122,15,58,31,49
123,31,19,31,9
124,19,23,33,20
125,13,37,24,15
126,30,47,54,61
127,25,22,41,54
128,15,50,6,18
129,47,5,13,53
130,37,17,50,19
131,22,38,50,45
132,63,56,46,23
133,8,1,32,34
134,48,56,25,31
135,53,55,28,58
136,44,43,56,37
137,27,27,61,3
138,28,30,34,18
139,55,33,40,15
140,31,30,57,47
141,39,45,5,4
142,53,15,19,2
143,41,33,62,9
144,28,5,12,1
145,35,31,59,44
146,58,9,4,26
147,14,32,36,14
148,41,63,16,35
149,41,23,53,37
150,50,30,11,1
151,35,27,31,34
152,34,21,42,22
153,56,50,53,49
154,20,62,56,3
155,58,49,25,29
156,58,13,20,2
157,37,6,7,12
158,42,41,7,32
159,48,48,23,47
160,14,38,20,20
161,37,42,56,54
162,21,22,56,60
163,61,35,27,14
164,29,58,26,40
165,50,28,22,56
166,52,32,27,35
167,46,1,1,52
168,59,11,17,20
169,10,31,3,0
170,13,29,55,28
171,11,50,59,58
172,36,44,25,60
173,35,7,36,61
174,54,0,36,55
175,15,57,50,30
176,9,12,43,27
177,56,56,15,35
178,6,11,49,27
179,24,21,18,35
180,21,25,19,19
181,12,30,53,34
182,60,26,59,28
183,30,36,37,49
184,11,30,35,11
185,30,17,41,44
