0
Grid:
64,64
................................................................
................................................................
................................................................
................................................................
................................................................
................................................................
................................................................
................................................................
................................................................
................................................................
................................................................
................................................................
................................................................
................................................................
................................................................
................................................................
................................................................
................................................................
................................................................
................................................................
................................................................
................................................................
................................................................
................................................................
................................................................
................................................................
................................................................
................................................................
................................................................
................................................................
................................................................
................................................................
................................................................
................................................................
................................................................
................................................................
................................................................
................................................................
................................................................
................................................................
................................................................
................................................................
................................................................
................................................................
................................................................
................................................................
................................................................
................................................................
................................................................
................................................................
................................................................
................................................................
................................................................
................................................................
................................................................
................................................................
................................................................
................................................................
................................................................
................................................................
................................................................
................................................................
................................................................
................................................................
Agents:
32
0,49,34,61,19
1,52,3,8,46
2,15,10,61,3
3,16,37,14,27
4,27,45,18,20
5,44,14,40,7
6,37,1,9,11
7,63,63,16,42
8,19,41,18,55
9,36,16,28,57
10,37,27,52,4
11,61,31,25,10
12,0,57,27,18
13,14,55,38,46
14,17,18,29,1
15,34,49,46,17
16,46,22,47,40
17,32,59,29,37
18,26,24,6,58
19,0,63,52,2
20,1,26,45,1
21,61,63,15,10
22,43,14,57,32
23,46,61,15,8
24,13,62,10,50
25,0,35,55,3
26,60,56,2,52
27,34,22,15,59
28,36,21,57,22
29,3,22,22,45
30,60,24,3,13
31,19,8,61,15
