1
Grid:
64,64
................................................................
................................................................
................................................................
................................................................
................................................................
................................................................
................................................................
................................................................
................................................................
................................................................
................................................................
................................................................
................................................................
................................................................
................................................................
................................................................
................................................................
................................................................
................................................................
................................................................
................................................................
................................................................
................................................................
................................................................
................................................................
................................................................
................................................................
................................................................
................................................................
................................................................
................................................................
................................................................
................................................................
................................................................
................................................................
................................................................
................................................................
................................................................
................................................................
................................................................
................................................................
................................................................
................................................................
................................................................
................................................................
................................................................
................................................................
................................................................
................................................................
................................................................
................................................................
................................................................
................................................................
................................................................
................................................................
................................................................
................................................................
................................................................
................................................................
................................................................
................................................................
................................................................
................................................................
................................................................
Agents:
188
0,20,40,56,58
1,27,8,31,44
2,60,27,5,55
3,32,26,48,43
4,52,35,9,12
5,55,51,50,38
6,51,36,59,3
7,52,47,6,17
8,47,49,56,55
9,20,51,26,12
10,6,45,16,22
11,42,6,47,15
12,3,26,25,20
13,46,14,41,54
14,0,53,11,44
15,35,21,21,44
16,11,27,33,15
17,2,1,35,9
18,9,21,16,36
19,27,42,31,58
20,51,28,19,27
21,30,0,42,63
22,57,36,46,5
23,41,20,25,55
24,17,23,49,55
25,57,30,33,34
26,56,36,13,29
27,57,39,55,39
28,62,21,40,2
29,4,34,62,25
30,44,18,59,37
31,26,62,22,9
32,63,34,12,13
33,40,23,62,41
34,33,50,63,46
35,38,26,18,55
36,22,41,0,10
37,0,42,63,42
38,14,41,7,47
39,12,30,27,26
40,48,26,16,17
41,60,40,8,42
42,60,5,28,22
43,29,39,32,39
44,33,27,30,12
45,3,51,58,9
46,16,57,32,62
47,61,32,54,47
48,2,32,14,57
49,1,23,57,62
50,60,17,34,22
51,50,30,47,63
52,49,31,35,12
53,8,14,3,54
54,36,14,5,33
55,24,21,62,56
56,9,37,57,26
57,49,18,27,13
58,21,49,9,52
59,2,58,16,24
60,4,0,62,61
61,54,6,4,53
62,46,51,19,58
63,9,28,10,34
64,43,31,62,9
65,39,46,37,58
66,39,52,30,18
67,34,31,47,3
68,40,30,21,46
69,55,28,44,38
70,61,15,0,49
71,3,18,19,28
72,2,46,26,32
73,42,43,30,24
74,7,43,52,19
75,10,17,16,34
76,29,7,18,3
77,18,59,43,23
78,27,43,20,61
79,47,61,24,16
80,21,43,58,45
81,34,4,31,38
82,39,41,36,6
83,45,20,15,10
84,3,17,51,49
85,41,55,2,34
86,57,37,51,51
87,60,53,46,13
88,61,35,54,61
89,3,0,57,58
90,9,30,38,28
91,20,0,24,41
92,21,22,50,2
93,17,32,34,37
94,33,38,49,29
95,4,60,12,40
96,46,57,8,11
97,6,17,16,40
98,44,62,24,35
99,43,24,52,62
100,1,21,17,27
101,40,54,27,46
102,1,19,23,34
103,23,55,6,6
104,10,29,38,27
105,61,56,8,39
106,39,47,19,15
107,52,55,50,47
108,22,34,50,62
109,46,17,38,12
110,24,12,44,20
111,50,28,4,27
112,13,44,5,56
113,9,63,2,39
114,31,42,45,45
115,9,62,36,37
116,55,42,32,41
117,62,51,46,10
118,54,30,62,5
119,62,2,52,47
120,62,25,15,48
121,22,4,57,57
122,40,11,17,47
123,21,62,60,10
124,5,14,7,27
125,59,10,42,15
126,16,26,10,55
127,35,11,33,1
128,40,21,2,6
129,9,23,26,43
130,24,31,50,3
131,20,62,35,21
132,0,60,4,8
133,49,0,6,58
134,1,55,33,17
135,35,44,24,28
136,18,63,8,26
137,53,46,12,6
138,52,1,61,7
139,23,10,23,8
140,58,16,24,25
141,47,62,1,52
142,46,29,11,7
143,42,9,22,6
144,16,43,11,39
145,53,41,41,29
146,56,39,15,45
147,0,55,60,53
148,47,41,46,1
149,11,24,36,15
150,13,5,37,28
151,13,3,48,26
152,38,35,1,60
153,7,0,1,14
154,63,52,12,2
155,22,39,62,23
156,61,63,36,62
157,29,8,51,8
158,47,21,17,13
159,16,35,41,11
160,17,39,14,51
161,47,22,4,28
162,51,43,22,29
163,63,62,63,28
164,62,10,62,33
165,54,63,33,20
166,61,53,36,26
167,2,44,39,52
168,24,11,44,26
169,21,42,63,3
170,10,27,8,30
171,20,14,18,21
172,43,57,13,58
173,9,55,40,42
174,7,26,49,4
175,25,39,53,39
176,6,37,53,36
177,21,55,58,10
178,1,43,63,37
179,47,28,49,58
180,0,1,13,34
181,54,12,25,38
182,48,62,52,38
183,1,40,61,32
184,5,3,35,55
185,14,39,39,25
186,29,19,36,18
187,1,51,24,46
