4
Grid:
64,64
................................................................
................................................................
................................................................
................................................................
................................................................
................................................................
................................................................
................................................................
................................................................
................................................................
................................................................
................................................................
................................................................
................................................................
................................................................
................................................................
................................................................
................................................................
................................................................
................................................................
................................................................
................................................................
................................................................
................................................................
................................................................
................................................................
................................................................
................................................................
................................................................
................................................................
................................................................
................................................................
................................................................
................................................................
................................................................
................................................................
................................................................
................................................................
................................................................
................................................................
................................................................
................................................................
................................................................
................................................................
................................................................
................................................................
................................................................
................................................................
................................................................
................................................................
................................................................
................................................................
................................................................
................................................................
................................................................
................................................................
................................................................
................................................................
................................................................
................................................................
................................................................
................................................................
................................................................
................................................................
Agents:
170
0,48,43,48,15
1,9,11,34,46
2,26,39,51,39
3,38,48,36,26
4,60,28,39,29
5,6,9,31,14
6,15,38,43,48
7,36,26,57,60
8,39,18,43,7
9,21,9,16,44
10,0,30,38,56
11,63,30,55,51
12,60,47,63,37
13,24,32,6,45
14,41,38,59,10
15,8,13,27,33
16,42,42,54,5
17,14,47,60,24
18,3,59,38,55
19,53,37,27,32
20,13,48,28,35
21,18,35,15,59
22,57,6,9,2
23,30,53,21,41
24,29,20,56,19
25,57,12,20,53
26,29,14,21,42
27,1,17,60,30
28,44,42,33,29
29,15,42,50,59
30,15,6,18,27
31,6,22,45,39
32,19,57,61,32
33,30,36,57,32
34,23,52,14,23
35,22,44,7,32
36,28,48,40,58
37,59,16,33,26
38,11,27,53,10
39,37,53,46,41
40,16,34,28,59
41,2,21,29,9
42,44,59,60,55
43,47,27,53,31
44,41,61,3,22
45,3,25,56,50
46,43,10,40,59
47,21,7,59,39
48,41,60,60,58
49,16,63,35,44
50,40,58,3,40
51,30,41,29,13
52,61,12,7,33
53,47,45,17,48
54,19,49,14,19
55,5,16,41,55
56,4,25,36,48
57,25,45,22,55
58,3,49,33,58
59,41,23,34,32
60,10,2,6,49
61,59,25,9,49
62,49,61,17,3
63,0,17,26,50
64,26,51,15,43
65,38,15,31,39
66,11,37,63,17
67,13,22,35,7
68,23,32,55,19
69,11,2,54,44
70,7,55,39,33
71,55,50,2,17
72,20,18,3,5
73,49,40,41,1
74,3,55,22,42
75,18,56,32,12
76,62,4,56,40
77,55,0,17,35
78,11,30,19,37
79,18,31,29,35
80,10,53,59,24
81,5,31,54,36
82,12,3,14,14
83,41,42,57,13
84,26,9,24,8
85,11,7,49,54
86,58,3,32,53
87,33,62,59,36
88,40,46,44,40
89,32,50,26,29
90,48,46,7,54
91,61,19,13,21
92,48,39,59,18
93,23,62,37,57
94,33,22,24,19
95,20,45,54,1
96,48,40,18,3
97,44,2,4,24
98,45,53,62,48
99,5,45,25,17
100,62,24,1,44
101,29,8,19,19
102,44,46,57,29
103,42,59,32,6
104,35,57,23,46
105,23,29,44,6
106,61,32,28,51
107,55,49,26,15
108,46,36,51,53
109,43,42,5,47
110,9,3,43,45
111,52,29,63,20
112,23,18,10,31
113,22,31,4,6
114,17,51,40,19
115,41,51,17,15
116,51,23,5,27
117,17,53,46,52
118,38,2,28,23
119,61,28,55,22
120,27,40,47,46
121,63,55,57,27
122,48,16,3,8
123,56,16,14,31
124,10,59,29,55
125,6,32,26,40
126,2,20,25,31
127,15,26,23,11
128,19,15,18,14
129,23,23,44,33
130,36,3,27,45
131,40,35,52,25
132,52,9,16,31
133,44,24,21,5
134,11,44,32,54
135,39,14,29,22
136,14,33,42,26
137,4,61,20,25
138,44,6,61,52
139,26,5,36,25
140,21,21,8,44
141,45,8,32,14
142,49,31,53,18
143,7,54,10,16
144,33,23,22,32
145,43,37,30,4
146,56,24,40,8
147,0,27,44,23
148,2,38,20,52
149,35,31,39,16
150,6,7,35,34
151,48,26,41,41
152,57,51,43,61
153,5,46,31,28
154,22,21,30,26
155,34,16,53,48
156,61,30,36,22
157,45,18,38,62
158,54,44,22,14
159,24,13,40,36
160,16,19,37,45
161,33,52,46,26
162,0,1,1,38
163,22,54,28,3
164,33,40,47,1
165,58,6,3,53
166,35,58,33,56
167,63,14,62,9
168,37,18,19,46
169,14,62,41,10
