4
Grid:
64,64
................................................................
................................................................
................................................................
................................................................
................................................................
................................................................
................................................................
................................................................
................................................................
................................................................
................................................................
................................................................
................................................................
................................................................
................................................................
................................................................
................................................................
................................................................
................................................................
................................................................
................................................................
................................................................
................................................................
................................................................
................................................................
................................................................
................................................................
................................................................
................................................................
................................................................
................................................................
................................................................
................................................................
................................................................
................................................................
................................................................
................................................................
................................................................
................................................................
................................................................
................................................................
................................................................
................................................................
................................................................
................................................................
................................................................
................................................................
................................................................
................................................................
................................................................
................................................................
................................................................
................................................................
................................................................
................................................................
................................................................
................................................................
................................................................
................................................................
................................................................
................................................................
................................................................
................................................................
................................................................
Agents:
134
0,28,57,5,36
1,63,9,27,18
2,25,31,20,27
3,49,30,35,36
4,41,28,31,52
5,17,52,1,59
6,60,51,62,26
7,5,19,18,31
8,3,49,20,30
9,51,7,27,28
10,4,22,35,50
11,21,12,0,24
12,23,5,0,33
13,50,6,18,49
14,42,3,46,16
15,60,28,56,6
16,54,6,49,42
17,40,10,29,24
18,3,3,31,7
19,41,47,9,40
20,26,58,47,54
21,12,40,60,60
22,35,12,18,29
23,18,47,54,30
24,29,19,47,28
25,44,30,30,56
26,36,6,38,59
27,36,51,48,9
28,49,19,29,29
29,44,43,5,49
30,51,37,27,4
31,31,52,41,47
32,61,53,40,17
33,11,59,10,7
34,15,0,1,36
35,7,4,61,37
36,44,9,31,49
37,10,44,6,26
38,41,11,12,33
39,51,2,15,2
40,40,23,30,47
41,18,30,61,15
42,48,23,10,50
43,34,34,7,42
44,38,16,14,44
45,17,21,61,35
46,3,47,57,5
47,7,38,27,0
48,8,46,9,31
49,14,28,29,9
50,36,34,21,23
51,22,40,32,31
52,49,26,50,28
53,59,55,2,34
54,10,38,62,11
55,31,41,3,32
56,2,28,26,38
57,19,1,41,36
58,4,38,14,13
59,19,41,4,52
60,20,63,18,52
61,46,49,44,14
62,1,61,14,5
63,2,35,31,45
64,35,59,2,45
65,60,23,39,51
66,30,6,0,8
67,19,32,37,29
68,7,8,29,59
69,37,8,34,6
70,38,47,6,38
71,6,42,41,19
72,54,25,60,13
73,19,7,5,34
74,41,39,17,53
75,8,58,8,16
76,14,4,40,39
77,2,36,2,10
78,39,52,15,30
79,23,24,56,25
80,19,14,26,28
81,41,7,42,40
82,10,60,24,38
83,8,50,20,45
84,58,60,22,33
85,0,11,24,37
86,3,37,41,24
87,56,3,7,59
88,59,39,63,36
89,16,23,29,62
90,15,28,10,6
91,17,20,11,28
92,14,36,33,63
93,56,14,41,61
94,29,35,48,42
95,32,49,45,2
96,48,13,28,6
97,27,55,61,32
98,0,46,1,47
99,14,48,3,7
100,34,32,58,59
101,13,44,17,49
102,39,61,37,42
103,55,40,23,41
104,11,63,5,43
105,41,63,10,55
106,35,0,51,39
107,8,54,11,54
108,61,21,35,60
109,57,38,37,8
110,4,57,27,47
111,20,22,36,14
112,27,15,26,37
113,26,53,19,24
114,9,1,56,47
115,2,12,28,39
116,24,32,51,13
117,52,46,4,24
118,15,36,25,34
119,45,16,19,15
120,45,15,32,5
121,2,30,12,3
122,58,33,46,23
123,13,48,24,33
124,5,36,19,28
125,58,43,53,17
126,53,40,63,60
127,43,41,42,17
128,11,54,0,43
129,17,23,42,33
130,34,1,5,56
131,31,10,10,56
132,39,2,6,17
133,11,25,42,10
