3
Grid:
64,64
................................................................
................................................................
................................................................
................................................................
................................................................
................................................................
................................................................
................................................................
................................................................
................................................................
................................................................
................................................................
................................................................
................................................................
................................................................
................................................................
................................................................
................................................................
................................................................
................................................................
................................................................
................................................................
................................................................
................................................................
................................................................
................................................................
................................................................
................................................................
................................................................
................................................................
................................................................
................................................................
................................................................
................................................................
................................................................
................................................................
................................................................
................................................................
................................................................
................................................................
................................................................
................................................................
................................................................
................................................................
................................................................
................................................................
................................................................
................................................................
................................................................
................................................................
................................................................
................................................................
................................................................
................................................................
................................................................
................................................................
................................................................
................................................................
................................................................
................................................................
................................................................
................................................................
................................................................
................................................................
Agents:
142
0,39,17,15,58
1,56,7,38,31
2,54,23,5,42
3,21,28,45,35
4,37,19,28,56
5,28,40,33,45
6,19,56,13,35
7,22,17,0,38
8,11,25,53,37
9,49,39,45,2
10,20,54,23,42
11,11,18,54,52
12,44,45,61,34
13,4,38,27,15
14,49,44,45,57
15,2,17,46,13
16,51,51,50,22
17,5,50,14,22
18,62,38,61,38
19,47,48,22,21
20,26,54,8,50
21,63,17,27,32
22,7,39,25,39
23,50,34,37,20
24,31,47,59,11
25,43,18,12,10
26,59,8,34,60
27,59,48,45,49
28,6,38,32,34
29,27,9,53,14
30,19,47,17,12
31,42,56,2,51
32,16,10,1,58
33,53,32,32,49
34,51,35,60,59
35,18,37,52,26
36,42,0,36,29
37,13,30,47,1
38,54,57,16,1
39,10,4,49,14
40,58,34,61,59
41,6,1,2,61
42,1,47,21,28
43,22,42,60,8
44,55,20,45,18
45,44,23,57,51
46,11,37,39,44
47,29,43,4,23
48,11,6,22,15
49,0,61,47,15
50,49,17,60,50
51,46,59,45,48
52,29,5,49,46
53,40,58,19,61
54,59,29,56,52
55,57,12,46,20
56,28,22,63,25
57,14,49,41,60
58,40,41,55,34
59,55,33,22,43
60,51,10,24,10
61,40,30,1,26
62,55,58,36,13
63,26,4,35,41
64,35,33,20,61
65,18,48,5,30
66,57,13,32,35
67,18,40,30,49
68,51,11,36,52
69,36,59,22,23
70,6,28,23,7
71,47,26,54,46
72,26,31,52,24
73,59,52,49,59
74,23,43,23,36
75,3,34,19,43
76,14,31,40,46
77,9,39,1,21
78,41,16,63,32
79,43,36,29,40
80,23,25,41,41
81,10,9,34,36
82,19,15,49,29
83,3,37,52,41
84,61,29,43,41
85,4,60,52,59
86,26,23,46,61
87,27,14,20,46
88,3,24,54,3
89,63,37,19,57
90,44,55,6,41
91,30,47,21,37
92,33,25,52,50
93,3,43,50,7
94,63,34,37,6
95,7,2,30,56
96,16,33,22,8
97,5,22,59,37
98,15,17,11,1
99,12,44,23,14
100,49,50,40,24
101,46,37,62,33
102,29,18,61,36
103,4,49,38,53
104,12,26,50,2
105,12,43,6,57
106,35,5,40,11
107,56,31,59,22
108,59,26,0,8
109,40,57,54,5
110,11,23,50,18
111,37,26,49,23
112,22,2,14,56
113,44,56,25,6
114,18,4,39,59
115,62,50,37,26
116,12,18,3,26
117,52,57,58,9
118,9,56,4,55
119,18,14,1,60
120,20,18,14,33
121,31,36,43,49
122,22,27,36,57
123,30,10,8,47
124,41,37,50,10
125,26,53,20,51
126,41,18,62,5
127,12,19,1,31
128,15,27,41,38
129,37,12,21,31
130,30,7,15,18
131,28,26,17,22
132,31,16,41,21
133,17,62,9,4
134,21,2,36,50
135,8,25,59,23
136,37,56,60,19
137,56,0,43,60
138,4,58,27,18
139,35,34,49,21
140,15,44,38,25
141,42,9,15,61
