0
Grid:
64,64
................................................................
................................................................
................................................................
................................................................
................................................................
................................................................
................................................................
................................................................
................................................................
................................................................
................................................................
................................................................
................................................................
................................................................
................................................................
................................................................
................................................................
................................................................
................................................................
................................................................
................................................................
................................................................
................................................................
................................................................
................................................................
................................................................
................................................................
................................................................
................................................................
................................................................
................................................................
................................................................
................................................................
................................................................
................................................................
................................................................
................................................................
................................................................
................................................................
................................................................
................................................................
................................................................
................................................................
................................................................
................................................................
................................................................
................................................................
................................................................
................................................................
................................................................
................................................................
................................................................
................................................................
................................................................
................................................................
................................................................
................................................................
................................................................
................................................................
................................................................
................................................................
................................................................
................................................................
................................................................
Agents:
182
0,16,8,4,54
1,44,20,32,33
2,11,25,24,29
3,1,3,25,27
4,54,11,36,7
5,20,15,1,18
6,34,23,42,56
7,39,16,43,10
8,46,29,15,6
9,26,12,48,61
10,10,13,55,24
11,9,28,25,6
12,47,25,63,24
13,58,58,29,34
14,59,52,58,24
15,3,18,22,2
16,32,49,28,47
17,41,4,61,8
18,8,41,47,8
19,43,59,26,27
20,23,29,30,55
21,56,16,18,41
22,45,25,34,8
23,16,34,1,13
24,7,20,52,35
25,18,31,54,5
26,0,37,62,60
27,19,3,29,55
28,62,16,43,53
29,36,50,61,58
30,30,6,31,31
31,7,2,52,56
32,46,49,36,6
33,46,34,0,48
34,7,4,38,48
35,50,30,32,54
36,53,44,55,1
37,20,57,14,50
38,47,22,34,42
39,8,24,51,50
40,51,38,12,49
41,33,35,37,19
42,17,58,60,31
43,29,37,44,4
44,6,56,10,32
45,5,57,38,45
46,29,16,11,45
47,22,54,5,7
48,8,43,34,2
49,42,30,6,38
50,51,36,49,8
51,13,14,53,36
52,45,34,35,8
53,48,38,59,41
54,46,4,55,28
55,32,13,53,62
56,41,6,7,56
57,19,32,25,0
58,32,36,11,56
59,48,52,16,51
60,20,8,22,42
61,28,14,42,26
62,63,56,61,62
63,1,36,35,46
64,22,29,24,2
65,48,3,57,49
66,43,42,28,26
67,36,14,39,9
68,25,19,39,3
69,53,47,7,54
70,10,54,41,53
71,54,1,32,48
72,23,55,48,43
73,15,22,22,38
74,61,53,9,31
75,21,36,3,4
76,59,54,48,3
77,10,42,33,7
78,8,62,21,56
79,14,52,62,22
80,32,12,20,36
81,16,17,0,1
82,19,29,18,46
83,34,63,44,0
84,33,5,45,48
85,6,13,63,43
86,46,0,61,32
87,41,29,31,15
88,17,26,60,5
89,54,8,39,41
90,41,42,54,38
91,39,32,45,58
92,8,12,6,49
93,8,53,63,34
94,31,57,21,55
95,6,27,35,32
96,4,1,27,46
97,14,62,39,1
98,38,37,12,36
99,45,58,52,54
100,21,16,29,48
101,53,56,46,14
102,47,7,46,42
103,53,58,57,36
104,12,45,37,59
105,25,46,20,13
106,7,6,61,44
107,11,54,59,43
108,37,47,11,50
109,8,7,45,38
110,20,44,21,30
111,31,39,15,5
112,62,43,55,48
113,9,44,10,22
114,50,43,22,56
115,54,43,39,60
116,44,60,7,30
117,50,24,17,41
118,53,46,31,7
119,49,0,36,10
120,22,14,58,11
121,40,50,57,28
122,32,24,36,32
123,20,61,45,11
124,54,24,21,40
125,24,54,9,32
126,28,38,33,32
127,37,40,55,47
128,48,13,17,3
129,57,3,18,50
130,62,8,16,55
131,8,33,3,61
132,54,45,4,5
133,1,10,59,55
134,19,50,9,34
135,0,54,8,35
136,48,6,2,7
137,3,45,28,13
138,6,38,38,59
139,22,11,5,39
140,54,25,1,60
141,18,63,39,56
142,14,5,50,41
143,22,10,12,18
144,40,39,4,34
145,53,45,51,26
146,1,14,44,2
147,6,7,14,7
148,59,51,30,10
149,22,9,28,36
150,42,3,57,1
151,23,34,58,38
152,56,20,11,41
153,54,31,48,41
154,37,3,54,58
155,7,18,63,14
156,45,51,18,34
157,17,46,35,49
158,14,55,32,45
159,30,59,61,22
160,52,9,32,60
161,10,25,19,57
162,0,17,57,57
163,6,34,61,11
164,0,59,61,23
165,50,19,51,30
166,15,13,13,0
167,33,51,11,53
168,1,47,45,36
169,7,58,32,16
170,15,55,8,7
171,36,36,48,39
172,32,35,2,19
173,0,14,22,29
174,60,23,4,11
175,57,4,19,8
176,20,27,32,62
177,21,32,50,52
178,57,61,4,58
179,34,39,18,25
180,13,20,22,34
181,31,41,11,6
