4
Grid:
64,64
................................................................
................................................................
................................................................
................................................................
................................................................
................................................................
................................................................
................................................................
................................................................
................................................................
................................................................
................................................................
................................................................
................................................................
................................................................
................................................................
................................................................
................................................................
................................................................
................................................................
................................................................
................................................................
................................................................
................................................................
................................................................
................................................................
................................................................
................................................................
................................................................
................................................................
................................................................
................................................................
................................................................
................................................................
................................................................
................................................................
................................................................
................................................................
................................................................
................................................................
................................................................
................................................................
................................................................
................................................................
................................................................
................................................................
................................................................
................................................................
................................................................
................................................................
................................................................
................................................................
................................................................
................................................................
................................................................
................................................................
................................................................
................................................................
................................................................
................................................................
................................................................
................................................................
................................................................
................................................................
Agents:
128
0,54,22,1,49
1,41,54,49,63
2,33,30,61,58
3,0,47,48,15
4,52,20,14,61
5,36,54,26,21
6,36,61,44,18
7,40,53,52,57
8,52,39,3,27
9,19,31,32,44
10,17,20,59,3
11,53,35,44,47
12,2,31,28,59
13,17,34,31,25
14,37,19,26,49
15,57,7,49,18
16,14,24,50,28
17,43,48,42,47
18,10,5,19,11
19,23,28,2,52
20,11,27,19,5
21,50,32,43,49
22,52,55,57,17
23,1,30,42,34
24,29,30,59,50
25,25,53,37,0
26,62,58,60,2
27,23,33,41,5
28,32,6,7,8
29,52,1,28,57
30,13,30,26,35
31,9,32,19,27
32,26,28,8,61
33,39,11,39,10
34,17,55,2,53
35,43,47,3,33
36,15,54,6,35
37,19,54,35,41
38,33,21,19,45
39,46,10,1,31
40,30,50,50,58
41,4,7,61,32
42,58,4,40,39
43,9,20,18,37
44,1,10,54,50
45,16,3,28,46
46,16,22,54,20
47,15,44,3,15
48,17,18,24,11
49,6,23,51,30
50,15,53,49,24
51,13,37,30,48
52,51,42,47,52
53,37,7,41,40
54,38,33,46,26
55,0,11,45,57
56,23,41,9,9
57,35,26,15,54
58,25,2,57,27
59,38,21,57,26
60,19,19,26,15
61,10,7,40,28
62,39,40,12,60
63,30,56,4,38
64,39,38,44,35
65,36,14,5,15
66,14,22,16,12
67,58,40,4,44
68,37,31,49,6
69,20,15,47,12
70,30,1,2,43
71,45,31,48,21
72,9,5,41,35
73,44,38,3,19
74,51,53,40,59
75,19,15,25,47
76,44,48,29,49
77,4,60,48,24
78,42,5,45,5
79,62,10,37,24
80,12,45,57,33
81,31,63,3,40
82,61,49,10,31
83,60,0,33,38
84,46,58,34,31
85,52,58,32,0
86,46,22,1,30
87,55,17,27,3
88,37,43,36,46
89,61,33,14,34
90,60,55,44,39
91,5,50,13,50
92,19,21,40,31
93,34,29,20,9
94,18,62,24,36
95,61,31,15,7
96,32,9,6,26
97,3,49,6,14
98,34,46,26,33
99,34,23,4,25
100,8,43,17,35
101,55,56,55,61
102,0,25,43,20
103,57,51,16,52
104,22,63,48,39
105,8,28,43,62
106,14,20,9,36
107,40,44,23,23
108,44,40,33,49
109,14,30,29,41
110,46,48,30,5
111,60,20,24,24
112,25,36,8,9
113,18,5,62,48
114,47,55,58,1
115,9,37,24,4
116,24,16,32,27
117,63,12,48,34
118,49,57,63,28
119,51,12,35,13
120,36,30,63,27
121,39,62,47,42
122,23,3,33,2
123,58,47,8,2
124,9,53,54,14
125,2,57,33,26
126,9,42,26,42
127,60,7,52,10
