1
Grid:
64,64
................................................................
................................................................
................................................................
................................................................
................................................................
................................................................
................................................................
................................................................
................................................................
................................................................
................................................................
................................................................
................................................................
................................................................
................................................................
................................................................
................................................................
................................................................
................................................................
................................................................
................................................................
................................................................
................................................................
................................................................
................................................................
................................................................
................................................................
................................................................
................................................................
................................................................
................................................................
................................................................
................................................................
................................................................
................................................................
................................................................
................................................................
................................................................
................................................................
................................................................
................................................................
................................................................
................................................................
................................................................
................................................................
................................................................
................................................................
................................................................
................................................................
................................................................
................................................................
................................................................
................................................................
................................................................
................................................................
................................................................
................................................................
................................................................
................................................................
................................................................
................................................................
................................................................
................................................................
................................................................
Agents:
108
0,17,38,21,61
1,47,57,51,2
2,29,0,33,63
3,56,60,42,60
4,1,2,9,18
5,22,46,11,57
6,24,56,47,22
7,13,0,12,58
8,48,10,54,44
9,52,62,4,15
10,12,56,55,29
11,54,53,33,55
12,16,61,25,33
13,57,15,5,36
14,2,12,49,4
15,13,8,17,10
16,33,54,14,5
17,51,5,29,43
18,59,17,13,36
19,11,58,31,52
20,23,4,9,4
21,1,0,19,43
22,50,46,62,53
23,3,58,51,7
24,2,4,56,29
25,15,63,30,61
26,17,15,1,44
27,22,24,58,3
28,48,58,24,57
29,40,31,46,14
30,6,41,57,20
31,58,52,29,30
32,53,13,61,15
33,12,33,33,40
34,5,7,38,62
35,4,30,11,17
36,63,57,2,14
37,38,7,23,49
38,3,34,57,56
39,57,62,25,45
40,12,61,27,6
41,60,13,16,29
42,55,18,38,60
43,32,26,0,18
44,21,1,33,11
45,40,43,52,41
46,51,46,60,17
47,10,12,14,32
48,11,36,4,11
49,33,33,43,47
50,52,58,31,45
51,0,49,56,16
52,0,23,58,59
53,40,14,22,44
54,33,58,5,38
55,54,6,55,27
56,37,7,8,31
57,28,60,25,47
58,56,39,63,24
59,22,58,44,35
60,1,42,19,55
61,50,3,12,55
62,53,19,0,60
63,6,55,63,0
64,61,42,53,6
65,42,30,16,10
66,0,24,25,46
67,10,17,60,9
68,61,11,56,37
69,13,31,37,56
70,41,17,17,54
71,57,26,21,39
72,10,34,8,6
73,5,43,0,54
74,18,14,36,4
75,20,35,8,48
76,13,39,31,13
77,31,10,11,7
78,8,60,25,2
79,59,44,24,43
80,16,48,51,42
81,17,55,24,3
82,15,24,6,26
83,6,13,16,46
84,61,10,59,29
85,62,45,1,52
86,26,54,13,19
87,49,24,46,40
88,57,19,16,28
89,14,26,17,13
90,37,47,50,7
91,21,7,48,11
92,17,25,53,13
93,56,0,42,39
94,9,0,46,20
95,15,32,52,52
96,15,57,44,18
97,63,1,31,8
98,10,50,2,35
99,28,55,46,4
100,46,8,10,11
101,15,38,34,34
102,8,22,43,16
103,23,47,62,29
104,24,47,61,7
105,3,39,51,31
106,30,53,26,63
107,11,34,29,38
