2
Grid:
64,64
................................................................
................................................................
................................................................
................................................................
................................................................
................................................................
................................................................
................................................................
................................................................
................................................................
................................................................
................................................................
................................................................
................................................................
................................................................
................................................................
................................................................
................................................................
................................................................
................................................................
................................................................
................................................................
................................................................
................................................................
................................................................
................................................................
................................................................
................................................................
................................................................
................................................................
................................................................
................................................................
................................................................
................................................................
................................................................
................................................................
................................................................
................................................................
................................................................
................................................................
................................................................
................................................................
................................................................
................................................................
................................................................
................................................................
................................................................
................................................................
................................................................
................................................................
................................................................
................................................................
................................................................
................................................................
................................................................
................................................................
................................................................
................................................................
................................................................
................................................................
................................................................
................................................................
................................................................
................................................................
Agents:
148
0,39,51,55,52
1,58,44,40,46
2,57,56,56,23
3,7,12,33,56
4,62,45,27,50
5,57,49,54,25
6,25,14,52,58
7,36,31,49,1
8,27,15,57,12
9,49,39,16,20
10,35,38,22,59
11,31,15,13,33
12,59,10,58,11
13,60,41,50,34
14,19,48,36,27
15,27,1,27,22
16,59,5,26,18
17,1,33,25,13
18,28,17,58,50
19,11,38,57,22
20,7,19,9,28
21,41,17,9,51
22,39,13,40,37
23,10,52,23,58
24,55,18,25,37
25,52,63,55,1
26,62,10,30,47
27,26,0,19,56
28,20,43,0,47
29,48,46,49,42
30,60,29,12,9
31,56,13,49,24
32,17,55,60,16
33,53,20,16,8
34,13,2,4,7
35,3,9,13,16
36,3,10,41,1
37,32,16,10,25
38,61,13,60,33
39,40,45,29,39
40,63,7,21,54
41,49,0,62,7
42,60,27,20,11
43,3,48,36,59
44,42,0,25,7
45,12,49,17,31
46,32,28,57,43
47,42,41,19,21
48,26,27,3,30
49,0,47,58,55
50,24,54,59,36
51,39,52,21,1
52,15,42,52,17
53,60,51,35,51
54,42,10,49,50
55,2,7,44,27
56,3,3,19,52
57,46,52,53,14
58,44,55,30,29
59,16,53,10,5
60,51,5,54,58
61,41,12,61,36
62,54,18,36,6
63,41,38,38,2
64,31,54,61,8
65,53,34,45,53
66,13,56,38,52
67,21,9,11,12
68,31,61,44,18
69,49,18,8,23
70,6,31,15,59
71,61,5,42,33
72,46,29,2,13
73,46,54,36,38
74,61,34,10,29
75,10,10,3,16
76,59,18,39,45
77,12,26,20,9
78,62,61,34,43
79,1,21,36,12
80,20,51,49,8
81,21,32,27,57
82,57,10,54,22
83,45,37,28,62
84,20,46,24,40
85,6,62,44,49
86,21,35,30,49
87,62,9,60,40
88,14,48,13,12
89,36,12,58,42
90,56,41,63,27
91,57,18,16,56
92,23,3,22,12
93,60,2,28,26
94,60,5,16,40
95,62,52,48,44
96,17,9,56,40
97,10,29,7,52
98,12,35,30,3
99,47,8,60,26
100,33,14,14,27
101,28,12,37,14
102,52,24,42,45
103,20,2,22,37
104,12,13,48,41
105,24,52,36,60
106,29,42,45,30
107,58,2,2,14
108,9,54,37,43
109,13,43,58,61
110,40,15,38,37
111,48,18,14,30
112,44,12,27,35
113,40,44,40,34
114,63,49,3,56
115,36,0,37,60
116,28,47,21,30
117,8,42,32,48
118,54,10,34,33
119,14,36,2,37
120,46,57,41,38
121,56,48,53,61
122,27,28,56,37
123,44,17,63,59
124,23,8,56,42
125,19,22,56,28
126,21,4,63,42
127,32,17,46,49
128,30,10,53,45
129,31,40,48,39
130,47,40,56,6
131,3,26,28,39
132,41,24,62,63
133,24,45,9,22
134,34,16,35,39
135,11,62,7,48
136,39,41,54,1
137,60,46,32,55
138,22,63,7,41
139,54,15,0,45
140,32,22,20,27
141,20,55,8,46
142,30,14,17,41
143,42,23,25,61
144,15,54,59,29
145,12,44,9,48
146,42,38,46,24
147,52,6,33,24
