0
Grid:
64,64
................................................................
................................................................
................................................................
................................................................
................................................................
................................................................
................................................................
................................................................
................................................................
................................................................
................................................................
................................................................
................................................................
................................................................
................................................................
................................................................
................................................................
................................................................
................................................................
................................................................
................................................................
................................................................
................................................................
................................................................
................................................................
................................................................
................................................................
................................................................
................................................................
................................................................
................................................................
................................................................
................................................................
................................................................
................................................................
................................................................
................................................................
................................................................
................................................................
................................................................
................................................................
................................................................
................................................................
................................................................
................................................................
................................................................
................................................................
................................................................
................................................................
................................................................
................................................................
................................................................
................................................................
................................................................
................................................................
................................................................
................................................................
................................................................
................................................................
................................................................
................................................................
................................................................
................................................................
................................................................
Agents:
144
0,11,58,15,38
1,32,3,22,20
2,18,54,33,5
3,18,24,37,58
4,13,35,45,36
5,18,19,52,46
6,19,0,8,56
7,35,33,30,28
8,29,11,58,40
9,28,30,2,35
10,50,53,55,29
11,56,22,62,9
12,11,16,53,21
13,55,4,14,29
14,58,20,49,53
15,21,52,59,30
16,30,42,42,43
17,59,30,49,24
18,51,14,19,43
19,12,60,42,26
20,23,8,34,45
21,61,45,5,61
22,27,44,53,44
23,26,56,46,56
24,5,50,24,38
25,8,45,54,28
26,2,44,27,43
27,7,42,31,2
28,11,60,1,55
29,42,2,44,30
30,63,13,2,9
31,29,56,50,9
32,13,29,45,58
33,52,41,8,49
34,5,5,13,17
35,46,14,55,56
36,63,32,40,20
37,55,10,57,44
38,59,31,4,4
39,53,62,13,20
40,62,8,48,53
41,12,39,60,35
42,50,50,8,18
43,35,16,37,47
44,19,55,41,45
45,36,10,15,54
46,60,9,61,59
47,42,5,55,54
48,32,61,35,45
49,56,49,32,29
50,51,0,2,57
51,3,57,62,48
52,46,34,30,31
53,37,28,35,27
54,51,1,13,34
55,0,11,42,13
56,12,1,31,12
57,14,21,49,45
58,43,38,4,51
59,43,2,51,50
60,6,53,5,17
61,50,55,40,45
62,42,53,12,43
63,35,61,58,11
64,63,50,28,7
65,42,61,5,7
66,39,3,29,23
67,11,62,46,15
68,4,18,30,26
69,56,15,40,37
70,12,6,61,12
71,29,18,5,57
72,54,24,45,62
73,61,59,46,34
74,59,21,6,9
75,25,58,40,32
76,17,54,54,61
77,43,62,44,25
78,14,12,21,18
79,15,57,40,62
80,62,39,53,59
81,28,0,44,16
82,22,2,17,37
83,36,8,58,62
84,53,15,0,60
85,16,25,28,39
86,45,27,38,44
87,53,63,4,2
88,23,32,53,56
89,1,17,14,63
90,56,40,13,48
91,2,42,52,2
92,25,48,31,53
93,44,48,29,14
94,24,12,23,15
95,48,56,32,22
96,3,63,39,43
97,17,37,47,54
98,41,28,53,18
99,59,51,63,46
100,52,52,31,46
101,5,43,59,33
102,4,0,38,0
103,12,53,44,56
104,1,43,18,19
105,38,46,42,44
106,1,22,37,39
107,36,50,10,57
108,39,38,19,50
109,22,51,26,11
110,48,41,6,24
111,31,24,27,1
112,21,45,36,29
113,10,15,28,49
114,22,59,24,37
115,36,13,44,10
116,28,3,16,30
117,34,23,17,32
118,38,24,51,59
119,35,54,42,40
120,47,44,45,44
121,38,1,55,26
122,45,4,56,37
123,61,58,10,25
124,0,55,3,38
125,53,20,40,5
126,29,1,29,29
127,3,28,9,13
128,11,44,6,18
129,42,30,18,44
130,42,49,31,7
131,21,43,6,10
132,9,61,32,27
133,34,61,35,16
134,51,13,63,38
135,12,14,1,20
136,2,31,39,36
137,3,3,58,6
138,2,30,37,62
139,42,16,53,12
140,47,15,53,10
141,14,31,6,45
142,5,15,33,40
143,48,26,14,25
