0
Grid:
64,64
................................................................
................................................................
................................................................
................................................................
................................................................
................................................................
................................................................
................................................................
................................................................
................................................................
................................................................
................................................................
................................................................
................................................................
................................................................
................................................................
................................................................
................................................................
................................................................
................................................................
................................................................
................................................................
................................................................
................................................................
................................................................
................................................................
................................................................
................................................................
................................................................
................................................................
................................................................
................................................................
................................................................
................................................................
................................................................
................................................................
................................................................
................................................................
................................................................
................................................................
................................................................
................................................................
................................................................
................................................................
................................................................
................................................................
................................................................
................................................................
................................................................
................................................................
................................................................
................................................................
................................................................
................................................................
................................................................
................................................................
................................................................
................................................................
................................................................
................................................................
................................................................
................................................................
................................................................
................................................................
Agents:
66
0,61,54,6,28
1,0,0,12,52
2,52,25,18,36
3,53,21,42,30
4,42,5,8,18
5,60,5,46,34
6,0,59,62,20
7,43,23,61,25
8,36,4,43,19
9,10,39,5,60
10,50,41,23,46
11,62,29,54,22
12,58,31,46,9
13,28,13,49,37
14,41,13,19,47
15,17,61,44,28
16,36,36,23,40
17,28,39,7,42
18,29,60,59,52
19,39,62,38,17
20,20,43,25,31
21,57,12,56,51
22,13,43,22,30
23,44,63,2,52
24,0,40,31,25
25,46,57,63,26
26,9,35,5,15
27,62,19,4,38
28,56,34,21,47
29,5,20,4,56
30,60,39,10,20
31,43,29,34,63
32,52,63,22,29
33,32,28,30,19
34,31,3,45,59
35,58,39,26,4
36,28,11,0,8
37,19,6,56,3
38,48,49,61,58
39,16,15,52,27
40,51,29,42,63
41,12,1,50,37
42,30,23,3,42
43,51,1,10,21
44,38,8,16,20
45,47,58,19,6
46,55,19,15,57
47,1,44,19,43
48,0,27,11,2
49,23,14,2,18
50,10,15,39,20
51,31,61,25,7
52,45,6,4,48
53,28,62,40,60
54,16,55,62,32
55,35,7,17,25
56,18,54,20,26
57,32,31,2,21
58,26,41,7,53
59,11,31,58,57
60,54,23,49,2
61,20,63,26,46
62,48,9,45,63
63,9,38,20,42
64,25,2,54,27
65,4,36,8,23
