4
Grid:
64,64
................................................................
................................................................
................................................................
................................................................
................................................................
................................................................
................................................................
................................................................
................................................................
................................................................
................................................................
................................................................
................................................................
................................................................
................................................................
................................................................
................................................................
................................................................
................................................................
................................................................
................................................................
................................................................
................................................................
................................................................
................................................................
................................................................
................................................................
................................................................
................................................................
................................................................
................................................................
................................................................
................................................................
................................................................
................................................................
................................................................
................................................................
................................................................
................................................................
................................................................
................................................................
................................................................
................................................................
................................................................
................................................................
................................................................
................................................................
................................................................
................................................................
................................................................
................................................................
................................................................
................................................................
................................................................
................................................................
................................................................
................................................................
................................................................
................................................................
................................................................
................................................................
................................................................
................................................................
................................................................
Agents:
36
0,46,58,4,28
1,17,32,62,35
2,26,8,56,18
3,46,41,5,17
4,0,38,51,36
5,42,28,23,11
6,3,57,9,10
7,8,2,33,45
8,60,4,55,62
9,9,44,12,7
10,39,46,25,45
11,0,51,53,3
12,40,33,22,43
13,60,22,28,12
14,28,4,19,37
15,45,35,5,56
16,9,51,54,28
17,24,5,30,51
18,34,62,13,12
19,15,55,49,59
20,8,31,34,34
21,23,58,63,46
22,26,54,29,25
23,17,42,12,61
24,62,10,63,38
25,63,50,9,9
26,22,63,43,53
27,27,63,40,29
28,58,29,36,59
29,56,57,22,11
30,11,24,45,40
31,12,60,47,60
32,56,7,6,35
33,18,15,11,45
34,33,3,2,49
35,31,61,41,35
