1
Grid:
64,64
................................................................
................................................................
................................................................
................................................................
................................................................
................................................................
................................................................
................................................................
................................................................
................................................................
................................................................
................................................................
................................................................
................................................................
................................................................
................................................................
................................................................
................................................................
................................................................
................................................................
................................................................
................................................................
................................................................
................................................................
................................................................
................................................................
................................................................
................................................................
................................................................
................................................................
................................................................
................................................................
................................................................
................................................................
................................................................
................................................................
................................................................
................................................................
................................................................
................................................................
................................................................
................................................................
................................................................
................................................................
................................................................
................................................................
................................................................
................................................................
................................................................
................................................................
................................................................
................................................................
................................................................
................................................................
................................................................
................................................................
................................................................
................................................................
................................................................
................................................................
................................................................
................................................................
................................................................
................................................................
Agents:
220
0,23,42,4,56
1,47,20,40,48
2,63,7,4,5
3,4,46,48,10
4,43,0,13,35
5,56,61,51,13
6,26,41,28,60
7,13,59,41,0
8,7,16,19,17
9,0,49,63,56
10,48,9,30,47
11,52,47,32,22
12,51,33,8,63
13,9,55,6,11
14,52,28,57,37
15,24,31,27,33
16,30,47,17,33
17,34,16,11,33
18,40,9,10,14
19,53,48,39,2
20,37,57,56,1
21,38,58,18,33
22,35,43,43,16
23,29,47,62,18
24,42,38,53,45
25,26,29,32,9
26,1,56,58,35
27,58,14,27,34
28,54,0,37,31
29,32,30,34,12
30,62,13,20,28
31,39,24,44,13
32,30,42,25,56
33,6,60,58,60
34,18,62,8,53
35,27,16,28,5
36,11,54,8,62
37,34,57,58,14
38,11,8,52,62
39,3,26,18,52
40,12,13,11,12
41,2,59,49,10
42,30,38,25,46
43,52,20,63,19
44,26,40,21,63
45,41,23,62,31
46,50,24,3,11
47,63,24,13,62
48,18,10,36,28
49,12,50,57,7
50,40,45,42,39
51,19,28,36,9
52,2,48,62,56
53,45,4,32,15
54,43,61,17,54
55,52,24,32,11
56,26,36,25,26
57,0,44,50,52
58,11,44,9,16
59,58,56,13,52
60,53,50,30,31
61,34,42,62,1
62,20,4,57,13
63,30,50,47,31
64,55,10,10,51
65,38,1,58,43
66,59,17,10,28
67,49,30,22,27
68,57,38,55,61
69,56,45,59,4
70,57,48,9,9
71,40,28,46,18
72,51,16,37,35
73,60,14,42,41
74,24,18,0,28
75,12,38,16,6
76,16,20,3,8
77,60,54,3,15
78,11,41,17,2
79,7,62,35,1
80,17,58,13,16
81,12,32,47,28
82,22,51,33,52
83,29,8,46,36
84,50,34,43,0
85,50,36,24,54
86,51,12,47,11
87,63,5,11,3
88,9,5,56,53
89,55,4,46,57
90,61,0,20,8
91,48,38,2,47
92,20,59,60,21
93,19,16,63,0
94,31,58,16,58
95,27,62,5,49
96,35,7,21,17
97,6,63,49,25
98,50,51,31,35
99,27,53,7,1
100,32,39,57,12
101,50,3,5,4
102,21,55,57,21
103,44,5,3,1
104,49,2,31,29
105,55,1,30,29
106,32,40,25,11
107,34,21,59,42
108,3,55,11,49
109,52,55,28,56
110,14,34,0,13
111,5,57,42,34
112,48,0,53,8
113,33,1,43,29
114,63,56,30,23
115,17,19,30,30
116,53,36,4,58
117,4,22,23,11
118,14,44,37,3
119,17,29,36,38
120,14,14,11,5
121,30,28,12,46
122,29,59,1,18
123,37,48,20,19
124,60,59,37,57
125,63,36,14,56
126,38,61,13,3
127,34,56,49,28
128,19,20,53,48
129,22,43,0,24
130,48,35,36,16
131,12,59,10,7
132,36,12,51,16
133,7,22,39,56
134,38,22,27,51
135,40,0,10,27
136,3,40,30,58
137,54,21,47,59
138,34,37,7,53
139,28,14,8,29
140,59,22,12,44
141,61,6,54,26
142,51,21,12,61
143,25,60,17,43
144,7,35,30,16
145,8,37,9,52
146,43,31,7,62
147,14,33,60,38
148,23,24,55,63
149,41,38,3,13
150,21,40,27,53
151,60,37,54,4
152,58,57,36,42
153,2,61,6,39
154,49,48,45,30
155,14,55,21,2
156,62,26,43,14
157,15,59,22,23
158,62,29,3,17
159,25,50,4,43
160,60,41,31,59
161,15,4,11,24
162,56,29,60,46
163,60,22,4,61
164,7,1,49,36
165,13,4,15,46
166,37,21,53,10
167,0,42,4,26
168,20,24,48,63
169,11,57,28,3
170,18,28,15,16
171,10,22,8,33
172,20,16,9,61
173,39,17,26,24
174,16,18,57,25
175,35,57,42,58
176,63,54,62,22
177,42,43,1,9
178,25,55,25,57
179,44,28,26,28
180,61,44,48,13
181,34,10,33,43
182,17,40,38,38
183,25,36,50,21
184,39,37,10,11
185,17,31,40,42
186,32,31,43,42
187,31,57,29,10
188,47,39,6,24
189,54,43,6,28
190,6,52,35,39
191,29,19,58,50
192,4,47,50,9
193,43,21,37,25
194,17,28,11,52
195,43,47,19,24
196,38,26,9,55
197,51,10,29,0
198,63,62,54,41
199,55,43,56,40
200,42,61,1,2
201,40,32,33,33
202,22,10,47,48
203,7,4,46,17
204,38,18,59,62
205,38,0,21,57
206,19,14,33,49
207,5,34,17,57
208,61,4,22,33
209,19,11,44,19
210,58,34,17,21
211,35,58,13,4
212,57,4,1,23
213,5,37,2,16
214,40,55,58,27
215,51,26,3,51
216,10,31,62,52
217,43,36,58,11
218,24,32,18,8
219,8,49,25,58
