3
Grid:
64,64
................................................................
................................................................
................................................................
................................................................
................................................................
................................................................
................................................................
................................................................
................................................................
................................................................
................................................................
................................................................
................................................................
................................................................
................................................................
................................................................
................................................................
................................................................
................................................................
................................................................
................................................................
................................................................
................................................................
................................................................
................................................................
................................................................
................................................................
................................................................
................................................................
................................................................
................................................................
................................................................
................................................................
................................................................
................................................................
................................................................
................................................................
................................................................
................................................................
................................................................
................................................................
................................................................
................................................................
................................................................
................................................................
................................................................
................................................................
................................................................
................................................................
................................................................
................................................................
................................................................
................................................................
................................................................
................................................................
................................................................
................................................................
................................................................
................................................................
................................................................
................................................................
................................................................
................................................................
................................................................
Agents:
226
0,24,14,8,51
1,50,49,46,16
2,48,32,11,22
3,16,16,55,10
4,62,55,19,23
5,57,48,9,1
6,8,24,25,53
7,49,46,49,18
8,40,59,46,27
9,8,63,52,44
10,53,54,38,56
11,30,59,40,40
12,44,35,18,57
13,25,43,47,40
14,53,22,32,16
15,59,2,10,21
16,12,63,61,16
17,19,58,21,29
18,20,40,44,34
19,43,31,50,22
20,14,17,60,8
21,61,36,60,9
22,57,62,12,32
23,1,31,17,53
24,28,20,9,54
25,5,5,9,28
26,18,41,49,46
27,25,33,0,24
28,48,54,7,35
29,4,13,56,13
30,7,37,17,30
31,26,40,24,3
32,60,55,18,11
33,36,8,25,1
34,4,54,61,32
35,26,63,57,49
36,15,40,22,44
37,48,36,59,47
38,56,57,46,43
39,2,46,41,49
40,33,57,13,62
41,14,33,4,13
42,16,54,9,22
43,47,35,20,59
44,37,49,48,54
45,10,30,30,48
46,36,30,41,1
47,24,41,43,5
48,54,21,51,24
49,40,1,19,53
50,26,57,20,22
51,26,37,23,20
52,58,5,47,48
53,53,42,15,50
54,57,53,26,40
55,41,54,21,27
56,51,22,24,1
57,44,13,51,36
58,22,57,42,36
59,23,5,2,10
60,8,0,14,12
61,35,19,10,50
62,44,60,26,8
63,27,49,57,16
64,16,6,23,49
65,45,35,28,5
66,17,1,10,11
67,19,40,3,42
68,31,40,8,45
69,38,10,49,56
70,0,5,17,50
71,42,48,14,25
72,8,19,34,63
73,42,13,55,1
74,49,10,13,44
75,19,61,50,33
76,61,34,12,8
77,57,25,31,51
78,21,6,14,40
79,42,3,21,37
80,26,50,16,59
81,7,5,46,14
82,37,50,2,56
83,2,4,41,22
84,46,45,14,19
85,18,13,50,57
86,4,3,40,35
87,22,51,15,52
88,11,25,3,40
89,17,13,48,33
90,50,47,21,6
91,37,46,17,61
92,8,58,0,40
93,18,24,24,57
94,47,40,0,61
95,32,61,12,21
96,42,55,19,17
97,40,2,38,24
98,45,56,18,30
99,10,45,56,50
100,27,38,48,19
101,43,48,60,46
102,30,54,46,56
103,3,34,45,18
104,59,32,2,37
105,44,29,7,31
106,3,20,59,18
107,63,24,4,32
108,32,55,51,4
109,41,8,2,8
110,49,21,45,39
111,61,41,56,44
112,45,7,45,23
113,24,31,43,51
114,10,8,32,28
115,43,24,56,12
116,2,19,29,4
117,41,12,54,9
118,3,52,21,41
119,16,18,32,4
120,54,48,33,19
121,29,15,34,29
122,57,21,49,61
123,55,16,54,24
124,33,54,30,46
125,14,2,11,23
126,59,5,47,5
127,3,22,58,48
128,29,35,13,41
129,23,50,53,23
130,52,20,18,26
131,26,48,39,55
132,42,50,42,6
133,20,44,35,41
134,39,23,39,22
135,56,46,48,35
136,45,42,18,43
137,39,58,25,5
138,39,53,63,2
139,9,0,6,46
140,23,36,17,42
141,36,1,20,33
142,48,58,60,58
143,52,19,15,7
144,24,42,45,12
145,26,39,20,55
146,40,9,45,30
147,43,4,28,35
148,59,53,24,34
149,15,55,8,44
150,13,57,61,1
151,20,25,58,41
152,8,26,17,47
153,59,29,43,24
154,11,63,26,34
155,10,25,13,31
156,24,6,54,29
157,14,19,2,32
158,59,45,14,42
159,34,62,32,50
160,40,14,5,16
161,20,6,19,29
162,1,4,25,42
163,23,35,16,11
164,62,49,38,25
165,38,18,22,26
166,16,29,19,0
167,22,42,22,61
168,44,22,41,54
169,49,25,2,38
170,23,59,56,51
171,31,27,1,26
172,28,14,11,18
173,54,40,37,23
174,57,34,30,28
175,20,49,58,39
176,17,62,12,27
177,37,14,38,12
178,24,3,13,49
179,3,24,13,4
180,30,25,61,21
181,24,56,48,6
182,9,59,20,36
183,38,37,62,52
184,59,8,20,23
185,39,45,55,38
186,46,56,9,27
187,41,50,18,7
188,20,51,22,8
189,56,4,12,59
190,61,30,41,36
191,12,24,52,11
192,5,29,36,52
193,62,46,50,10
194,22,62,50,29
195,29,6,39,46
196,3,36,19,59
197,5,53,46,44
198,1,20,6,34
199,38,11,24,19
200,10,36,40,39
201,16,45,40,15
202,37,37,29,49
203,46,15,9,57
204,43,8,12,0
205,32,19,54,28
206,58,42,32,42
207,46,23,43,34
208,29,9,53,34
209,39,12,56,19
210,49,40,22,38
211,53,4,63,22
212,45,31,16,42
213,63,25,42,1
214,20,36,19,50
215,29,50,14,63
216,7,24,4,5
217,56,24,16,1
218,0,7,44,50
219,18,21,24,5
220,37,47,40,10
221,42,26,40,57
222,6,28,50,63
223,53,56,35,22
224,45,26,49,36
225,20,39,56,46
