3
Grid:
64,64
................................................................
................................................................
................................................................
................................................................
................................................................
................................................................
................................................................
................................................................
................................................................
................................................................
................................................................
................................................................
................................................................
................................................................
................................................................
................................................................
................................................................
................................................................
................................................................
................................................................
................................................................
................................................................
................................................................
................................................................
................................................................
................................................................
................................................................
................................................................
................................................................
................................................................
................................................................
................................................................
................................................................
................................................................
................................................................
................................................................
................................................................
................................................................
................................................................
................................................................
................................................................
................................................................
................................................................
................................................................
................................................................
................................................................
................................................................
................................................................
................................................................
................................................................
................................................................
................................................................
................................................................
................................................................
................................................................
................................................................
................................................................
................................................................
................................................................
................................................................
................................................................
................................................................
................................................................
................................................................
Agents:
134
0,9,57,41,25
1,29,46,45,19
2,8,22,35,5
3,61,19,59,41
4,1,60,4,36
5,14,54,42,3
6,51,41,58,39
7,57,15,43,61
8,30,8,37,24
9,15,16,18,15
10,14,52,14,55
11,2,34,39,12
12,8,8,6,43
13,21,29,48,9
14,42,21,32,62
15,5,63,43,28
16,19,0,6,61
17,63,50,33,15
18,28,56,34,37
19,54,10,22,26
20,25,38,5,37
21,49,28,57,2
22,62,28,4,43
23,16,8,55,28
24,48,55,34,56
25,29,56,47,60
26,14,11,27,2
27,34,21,50,32
28,55,59,26,32
29,37,0,44,63
30,0,31,31,55
31,40,44,28,11
32,54,14,8,1
33,35,50,46,50
34,41,6,30,21
35,50,37,30,13
36,17,4,54,25
37,54,39,13,50
38,2,38,11,27
39,36,44,24,48
40,55,13,57,55
41,45,51,45,58
42,49,8,5,3
43,30,42,13,49
44,59,33,10,28
45,18,54,53,33
46,9,58,44,50
47,62,4,53,48
48,37,47,29,44
49,57,30,56,5
50,30,41,40,43
51,5,56,57,8
52,38,9,46,8
53,20,58,60,57
54,18,16,2,13
55,22,57,32,6
56,8,50,42,31
57,50,52,11,52
58,52,41,61,16
59,29,26,45,37
60,19,63,17,33
61,11,16,55,20
62,19,27,50,23
63,59,60,48,49
64,40,62,50,10
65,0,52,36,11
66,50,25,8,47
67,46,3,56,40
68,46,63,51,39
69,39,39,48,43
70,51,35,28,50
71,24,43,53,43
72,11,24,8,33
73,46,23,46,58
74,7,9,7,7
75,16,60,25,19
76,18,30,51,3
77,10,31,4,25
78,30,52,0,61
79,37,11,41,54
80,14,24,41,38
81,18,20,46,33
82,16,33,54,30
83,7,46,28,41
84,3,47,63,8
85,6,52,20,45
86,1,53,59,21
87,38,48,1,9
88,39,31,14,1
89,5,58,4,27
90,44,35,13,56
91,52,30,38,34
92,45,4,20,47
93,33,19,18,11
94,15,15,61,40
95,36,57,4,52
96,26,28,56,24
97,25,27,30,1
98,26,41,2,56
99,17,0,47,63
100,19,24,57,22
101,3,28,54,11
102,58,29,37,7
103,56,25,35,21
104,56,62,2,50
105,47,42,15,41
106,36,51,52,51
107,38,12,35,60
108,0,51,49,56
109,10,12,24,5
110,25,37,49,47
111,27,11,52,59
112,30,35,22,25
113,5,27,39,58
114,16,27,33,60
115,27,17,56,11
116,9,4,12,4
117,27,54,57,43
118,23,37,49,33
119,10,47,15,21
120,61,46,63,44
121,54,30,40,36
122,29,14,36,7
123,41,30,20,46
124,33,30,44,39
125,13,54,36,41
126,2,21,57,15
127,2,44,35,3
128,58,21,26,43
129,57,19,14,51
130,1,49,17,49
131,25,8,46,38
132,23,21,54,16
133,2,59,47,35
