3
Grid:
64,64
................................................................
................................................................
................................................................
................................................................
................................................................
................................................................
................................................................
................................................................
................................................................
................................................................
................................................................
................................................................
................................................................
................................................................
................................................................
................................................................
................................................................
................................................................
................................................................
................................................................
................................................................
................................................................
................................................................
................................................................
................................................................
................................................................
................................................................
................................................................
................................................................
................................................................
................................................................
................................................................
................................................................
................................................................
................................................................
................................................................
................................................................
................................................................
................................................................
................................................................
................................................................
................................................................
................................................................
................................................................
................................................................
................................................................
................................................................
................................................................
................................................................
................................................................
................................................................
................................................................
................................................................
................................................................
................................................................
................................................................
................................................................
................................................................
................................................................
................................................................
................................................................
................................................................
................................................................
................................................................
Agents:
60
0,4,30,49,28
1,50,28,41,10
2,45,15,46,23
3,56,47,54,20
4,18,44,31,31
5,35,53,53,59
6,55,31,14,10
7,5,1,11,57
8,31,44,51,51
9,36,31,48,12
10,44,60,51,3
11,42,35,22,41
12,12,44,38,37
13,11,45,36,2
14,45,26,57,37
15,7,53,53,7
16,57,8,53,44
17,49,58,19,55
18,49,32,2,23
19,39,20,4,34
20,24,52,4,19
21,56,48,47,41
22,11,22,36,32
23,14,18,29,8
24,55,21,33,12
25,17,38,48,62
26,56,37,53,36
27,50,54,26,30
28,50,9,39,4
29,3,12,38,31
30,36,36,28,45
31,62,8,15,30
32,45,1,0,29
33,38,61,38,18
34,15,36,16,37
35,58,24,45,39
36,7,15,30,49
37,7,56,31,62
38,3,57,51,28
39,24,53,2,60
40,30,57,29,24
41,54,24,3,13
42,9,33,56,12
43,60,19,41,13
44,21,59,9,63
45,8,39,57,61
46,29,26,27,42
47,48,51,32,27
48,53,48,58,6
49,3,9,54,25
50,48,16,0,24
51,2,18,38,44
52,26,57,59,22
53,30,41,27,57
54,50,56,17,19
55,49,14,48,43
56,45,42,26,56
57,46,38,44,50
58,63,12,2,0
59,5,18,58,17
