1
Grid:
64,64
................................................................
................................................................
................................................................
................................................................
................................................................
................................................................
................................................................
................................................................
................................................................
................................................................
................................................................
................................................................
................................................................
................................................................
................................................................
................................................................
................................................................
................................................................
................................................................
................................................................
................................................................
................................................................
................................................................
................................................................
................................................................
................................................................
................................................................
................................................................
................................................................
................................................................
................................................................
................................................................
................................................................
................................................................
................................................................
................................................................
................................................................
................................................................
................................................................
................................................................
................................................................
................................................................
................................................................
................................................................
................................................................
................................................................
................................................................
................................................................
................................................................
................................................................
................................................................
................................................................
................................................................
................................................................
................................................................
................................................................
................................................................
................................................................
................................................................
................................................................
................................................................
................................................................
................................................................
................................................................
Agents:
166
0,21,54,62,30
1,9,20,20,36
2,10,2,4,0
3,16,61,27,41
4,6,58,5,6
5,20,63,4,11
6,13,14,26,55
7,14,25,11,10
8,63,44,19,45
9,40,23,30,11
10,3,14,54,43
11,11,22,8,1
12,12,21,37,47
13,19,38,10,36
14,40,10,14,38
15,5,61,6,32
16,16,31,30,6
17,50,14,61,23
18,55,57,26,17
19,50,8,12,46
20,62,46,19,7
21,8,1,24,0
22,63,48,19,38
23,23,7,62,1
24,38,18,57,21
25,40,27,20,16
26,18,60,48,0
27,31,7,25,38
28,42,50,58,11
29,8,52,7,1
30,47,41,26,14
31,21,60,34,15
32,52,23,39,21
33,46,45,20,2
34,28,0,32,14
35,33,6,57,49
36,57,31,26,25
37,25,21,60,24
38,6,10,3,39
39,23,27,47,51
40,62,11,18,22
41,63,22,0,27
42,34,42,8,37
43,43,19,12,23
44,0,42,45,49
45,35,5,36,3
46,48,61,16,45
47,25,20,45,42
48,25,11,14,46
49,12,39,16,11
50,2,41,56,35
51,43,38,28,25
52,48,34,53,17
53,33,50,54,55
54,35,10,14,61
55,1,32,59,17
56,26,44,12,55
57,54,36,39,17
58,42,63,37,1
59,25,10,48,14
60,43,27,22,7
61,45,49,5,15
62,28,27,36,17
63,21,59,58,58
64,5,4,39,60
65,59,58,10,18
66,61,47,7,20
67,31,25,3,60
68,37,0,27,26
69,8,56,12,29
70,47,54,41,46
71,41,2,8,46
72,42,4,33,62
73,7,53,41,28
74,42,26,20,40
75,50,2,46,23
76,60,38,8,10
77,12,38,55,28
78,45,30,29,11
79,14,6,38,6
80,35,43,22,19
81,19,32,59,39
82,4,16,2,11
83,25,25,6,60
84,1,51,31,13
85,43,55,63,25
86,7,26,35,32
87,49,17,1,41
88,51,15,32,41
89,26,33,44,62
90,8,58,51,40
91,51,50,30,40
92,25,37,25,30
93,15,16,35,31
94,51,34,3,4
95,11,16,55,37
96,39,35,23,39
97,31,63,11,56
98,48,38,50,54
99,49,25,29,14
100,0,24,25,2
101,0,9,8,5
102,59,4,50,18
103,50,47,3,28
104,35,59,62,25
105,50,29,9,56
106,4,45,56,12
107,62,40,29,57
108,55,32,58,30
109,7,31,30,48
110,1,9,2,3
111,37,31,42,26
112,39,26,60,34
113,15,36,15,58
114,59,49,4,15
115,32,12,35,23
116,30,0,17,20
117,32,47,56,28
118,58,42,43,50
119,55,20,19,21
120,51,32,51,24
121,44,56,58,35
122,48,46,38,3
123,12,58,3,38
124,37,54,45,25
125,7,16,58,13
126,31,18,58,46
127,24,55,4,5
128,51,33,53,60
129,33,32,30,46
130,52,13,54,59
131,52,50,13,17
132,26,37,51,49
133,62,4,33,20
134,12,14,46,32
135,46,13,57,12
136,41,50,4,47
137,43,32,49,53
138,28,45,6,28
139,46,57,57,60
140,14,21,41,44
141,63,4,41,40
142,41,16,1,49
143,45,12,11,19
144,39,41,1,60
145,60,25,57,23
146,8,23,51,25
147,31,37,38,43
148,43,58,62,20
149,29,11,6,13
150,47,7,14,25
151,46,22,63,59
152,8,57,7,8
153,38,44,47,12
154,38,56,41,43
155,26,6,3,50
156,50,40,3,55
157,18,31,48,48
158,14,48,1,30
159,8,10,1,37
160,55,49,49,6
161,29,34,20,3
162,18,21,0,25
163,5,18,5,45
164,18,6,2,55
165,52,34,10,46
