1
Grid:
64,64
................................................................
................................................................
................................................................
................................................................
................................................................
................................................................
................................................................
................................................................
................................................................
................................................................
................................................................
................................................................
................................................................
................................................................
................................................................
................................................................
................................................................
................................................................
................................................................
................................................................
................................................................
................................................................
................................................................
................................................................
................................................................
................................................................
................................................................
................................................................
................................................................
................................................................
................................................................
................................................................
................................................................
................................................................
................................................................
................................................................
................................................................
................................................................
................................................................
................................................................
................................................................
................................................................
................................................................
................................................................
................................................................
................................................................
................................................................
................................................................
................................................................
................................................................
................................................................
................................................................
................................................................
................................................................
................................................................
................................................................
................................................................
................................................................
................................................................
................................................................
................................................................
................................................................
................................................................
................................................................
Agents:
192
0,17,58,24,9
1,34,4,21,7
2,10,38,28,16
3,60,46,29,5
4,48,63,12,22
5,9,52,63,51
6,28,13,54,30
7,35,11,46,53
8,33,11,44,58
9,0,57,63,54
10,36,49,33,50
11,27,20,58,39
12,2,14,13,50
13,17,1,8,10
14,55,40,3,36
15,35,43,11,19
16,16,2,8,15
17,42,9,30,41
18,28,57,36,41
19,6,59,22,47
20,41,46,42,43
21,2,28,9,12
22,15,22,0,15
23,54,6,57,2
24,41,41,60,48
25,22,9,58,36
26,12,45,42,29
27,43,31,59,51
28,31,14,23,2
29,1,59,60,38
30,20,59,48,36
31,54,7,31,58
32,27,30,32,54
33,35,26,26,41
34,34,26,2,20
35,47,40,42,10
36,5,5,31,4
37,16,54,16,60
38,47,62,23,47
39,4,43,34,1
40,24,10,16,33
41,23,13,2,8
42,17,25,32,22
43,31,34,56,56
44,23,11,59,28
45,41,13,12,57
46,55,10,55,34
47,38,46,25,33
48,55,58,45,2
49,0,49,35,43
50,51,28,31,52
51,36,15,14,58
52,58,46,36,62
53,4,6,19,46
54,29,52,8,61
55,48,32,13,45
56,9,22,54,35
57,35,10,1,3
58,35,40,31,19
59,53,2,21,25
60,62,0,29,45
61,3,23,19,12
62,48,33,23,41
63,48,58,60,35
64,62,52,18,52
65,62,19,36,57
66,55,59,19,63
67,38,8,36,45
68,19,35,61,55
69,20,24,20,18
70,5,34,50,39
71,27,9,21,60
72,3,33,62,10
73,39,27,15,18
74,10,14,61,42
75,5,62,54,41
76,50,51,13,28
77,25,12,52,6
78,30,24,28,52
79,62,10,54,36
80,39,58,25,50
81,54,59,61,58
82,34,54,30,47
83,30,39,17,4
84,36,26,7,56
85,21,18,6,38
86,45,38,15,0
87,58,33,52,61
88,59,39,60,31
89,29,14,45,15
90,19,3,26,26
91,23,47,57,10
92,47,63,19,19
93,32,4,40,39
94,34,25,21,20
95,42,58,40,53
96,36,10,15,39
97,48,10,24,56
98,39,12,30,14
99,3,63,24,59
100,55,47,58,59
101,57,50,60,11
102,17,11,30,39
103,56,55,31,26
104,17,54,10,20
105,59,48,54,13
106,55,36,1,0
107,34,6,53,39
108,12,34,38,16
109,22,25,39,2
110,4,10,11,14
111,48,26,26,5
112,46,34,14,23
113,53,48,1,23
114,53,28,52,58
115,0,16,50,11
116,10,19,3,48
117,11,40,53,38
118,54,60,44,53
119,46,20,5,60
120,12,42,53,28
121,8,51,17,26
122,63,52,60,30
123,19,11,2,12
124,39,37,14,26
125,19,5,15,30
126,54,42,1,57
127,58,45,7,13
128,62,30,23,18
129,4,46,28,38
130,21,8,4,59
131,2,52,34,51
132,37,35,19,42
133,25,58,47,61
134,16,15,36,0
135,51,1,23,6
136,13,25,36,6
137,2,61,5,32
138,27,57,1,63
139,15,41,42,2
140,8,15,33,1
141,8,59,58,20
142,26,32,49,55
143,24,30,25,35
144,41,23,42,58
145,56,0,24,7
146,62,3,59,13
147,40,19,55,48
148,61,21,27,60
149,14,47,33,12
150,50,45,20,54
151,21,3,51,55
152,17,53,18,20
153,28,33,23,43
154,42,1,32,47
155,3,10,44,23
156,31,43,7,52
157,0,51,22,11
158,44,59,40,23
159,16,5,18,38
160,11,59,57,20
161,16,56,30,0
162,22,50,35,25
163,2,9,42,13
164,49,46,47,24
165,63,6,11,44
166,55,27,4,20
167,57,4,5,7
168,41,36,12,6
169,3,55,25,52
170,51,39,29,23
171,19,46,56,27
172,33,18,24,48
173,3,52,37,46
174,39,2,21,59
175,5,9,25,26
176,36,55,36,25
177,28,28,22,54
178,45,31,7,60
179,50,18,30,13
180,47,60,51,62
181,1,61,32,15
182,30,0,27,56
183,52,36,14,41
184,57,39,52,30
185,17,43,30,43
186,1,19,22,32
187,7,41,61,29
188,37,40,52,27
189,17,47,1,50
190,6,61,33,48
191,7,61,17,30
