2
Grid:
64,64
................................................................
................................................................
................................................................
................................................................
................................................................
................................................................
................................................................
................................................................
................................................................
................................................................
................................................................
................................................................
................................................................
................................................................
................................................................
................................................................
................................................................
................................................................
................................................................
................................................................
................................................................
................................................................
................................................................
................................................................
................................................................
................................................................
................................................................
................................................................
................................................................
................................................................
................................................................
................................................................
................................................................
................................................................
................................................................
................................................................
................................................................
................................................................
................................................................
................................................................
................................................................
................................................................
................................................................
................................................................
................................................................
................................................................
................................................................
................................................................
................................................................
................................................................
................................................................
................................................................
................................................................
................................................................
................................................................
................................................................
................................................................
................................................................
................................................................
................................................................
................................................................
................................................................
................................................................
................................................................
Agents:
198
0,52,17,35,14
1,31,52,34,38
2,57,53,60,28
3,52,45,10,21
4,28,35,47,43
5,24,41,24,58
6,46,49,30,37
7,1,18,22,17
8,51,63,23,9
9,54,63,59,16
10,17,63,9,5
11,55,49,11,36
12,1,4,12,12
13,26,7,39,59
14,29,1,8,2
15,18,8,19,43
16,5,14,62,58
17,43,48,7,15
18,54,20,5,33
19,43,31,11,1
20,19,10,13,24
21,29,9,39,40
22,53,46,8,4
23,55,29,23,23
24,56,51,8,23
25,39,37,59,6
26,28,55,7,2
27,5,52,60,57
28,26,46,26,43
29,51,53,42,54
30,27,44,46,20
31,15,26,30,48
32,16,15,5,46
33,36,32,63,11
34,5,17,53,52
35,28,31,3,9
36,19,22,6,23
37,44,6,50,43
38,33,45,36,45
39,59,19,56,57
40,12,61,36,1
41,15,42,44,56
42,25,45,8,53
43,43,14,29,37
44,9,55,63,0
45,22,8,34,31
46,32,54,39,63
47,4,38,36,16
48,58,2,38,0
49,57,37,63,47
50,9,23,22,11
51,23,38,62,38
52,23,8,21,23
53,17,6,6,30
54,10,62,13,10
55,18,44,2,31
56,50,32,56,43
57,40,30,13,9
58,29,37,53,8
59,0,34,52,36
60,36,21,15,7
61,22,14,47,13
62,62,29,3,16
63,18,5,23,39
64,12,31,57,38
65,52,22,2,33
66,9,52,22,49
67,37,40,17,45
68,18,17,30,4
69,28,37,22,12
70,3,10,4,45
71,36,41,25,11
72,21,0,26,0
73,14,37,45,24
74,9,20,12,51
75,1,22,5,6
76,1,52,18,49
77,0,9,37,16
78,43,3,45,11
79,9,51,35,21
80,52,4,46,42
81,50,51,14,32
82,55,28,26,63
83,22,51,62,60
84,56,52,38,12
85,18,47,48,14
86,6,62,46,14
87,17,12,59,51
88,42,17,22,44
89,62,62,19,33
90,15,44,6,3
91,60,55,9,63
92,29,30,47,8
93,21,20,1,3
94,51,28,51,5
95,61,15,43,38
96,8,40,19,24
97,49,63,55,52
98,24,49,35,36
99,49,56,2,9
100,41,26,61,61
101,45,21,57,12
102,2,18,48,1
103,16,2,43,25
104,34,52,27,50
105,31,26,22,54
106,4,11,39,3
107,36,7,0,21
108,8,58,61,53
109,21,25,62,22
110,7,1,35,53
111,63,28,44,5
112,55,3,34,55
113,39,29,17,9
114,12,18,12,48
115,52,57,61,3
116,31,5,44,59
117,20,52,48,26
118,63,39,19,31
119,53,11,4,37
120,14,18,53,19
121,50,63,24,15
122,60,34,31,35
123,10,60,12,47
124,3,41,33,18
125,54,30,52,38
126,27,23,0,19
127,49,40,45,47
128,27,16,25,33
129,30,62,24,32
130,43,50,35,35
131,53,15,35,11
132,0,38,18,15
133,58,63,40,1
134,55,48,11,37
135,8,33,5,18
136,4,10,47,56
137,11,53,2,18
138,15,63,42,30
139,31,20,42,62
140,56,42,22,8
141,26,35,6,27
142,27,22,46,45
143,29,7,52,37
144,20,44,16,60
145,25,46,39,5
146,8,54,15,37
147,31,28,5,38
148,28,34,32,36
149,63,22,23,50
150,40,11,28,44
151,5,19,60,40
152,33,21,1,9
153,25,16,10,10
154,12,60,23,2
155,24,27,34,35
156,48,10,16,20
157,5,1,28,5
158,24,18,16,63
159,52,42,37,59
160,8,50,14,19
161,42,11,32,6
162,23,25,44,28
163,24,14,19,56
164,42,47,49,1
165,24,44,24,51
166,43,45,43,19
167,37,6,16,35
168,2,6,32,13
169,60,12,15,53
170,59,24,44,62
171,19,61,1,10
172,48,30,59,14
173,3,9,9,33
174,46,20,33,2
175,13,54,54,25
176,32,57,32,1
177,60,7,46,57
178,61,11,34,49
179,37,29,18,27
180,35,43,37,6
181,26,38,42,43
182,30,24,20,37
183,27,17,1,59
184,16,46,40,59
185,45,59,53,0
186,55,18,5,57
187,56,25,18,5
188,27,25,23,41
189,29,12,33,8
190,62,44,20,4
191,59,53,23,15
192,13,43,28,26
193,10,58,56,26
194,8,49,32,32
195,38,30,36,63
196,52,39,22,52
197,35,23,38,4
