1
Grid:
64,64
................................................................
................................................................
................................................................
................................................................
................................................................
................................................................
................................................................
................................................................
................................................................
................................................................
................................................................
................................................................
................................................................
................................................................
................................................................
................................................................
................................................................
................................................................
................................................................
................................................................
................................................................
................................................................
................................................................
................................................................
................................................................
................................................................
................................................................
................................................................
................................................................
................................................................
................................................................
................................................................
................................................................
................................................................
................................................................
................................................................
................................................................
................................................................
................................................................
................................................................
................................................................
................................................................
................................................................
................................................................
................................................................
................................................................
................................................................
................................................................
................................................................
................................................................
................................................................
................................................................
................................................................
................................................................
................................................................
................................................................
................................................................
................................................................
................................................................
................................................................
................................................................
................................................................
................................................................
................................................................
Agents:
172
0,1,35,18,41
1,34,42,3,27
2,56,18,16,29
3,27,43,27,9
4,13,44,26,3
5,54,14,38,16
6,24,32,13,43
7,21,60,8,9
8,48,36,9,12
9,37,18,0,26
10,12,25,8,28
11,22,11,15,28
12,36,59,54,25
13,59,23,57,29
14,22,49,16,0
15,62,33,53,33
16,8,60,36,58
17,14,16,36,39
18,14,39,0,55
19,53,35,40,58
20,30,42,49,53
21,34,35,18,26
22,10,38,3,58
23,57,4,29,57
24,17,37,2,47
25,39,13,52,29
26,59,17,52,19
27,61,40,8,35
28,13,23,37,12
29,5,61,23,47
30,22,3,27,53
31,20,28,53,47
32,46,21,62,36
33,6,28,27,28
34,17,4,42,24
35,46,8,33,41
36,46,2,20,31
37,51,34,36,18
38,54,51,21,29
39,0,61,18,3
40,1,55,34,14
41,5,49,10,25
42,10,49,5,26
43,37,54,36,54
44,63,38,27,43
45,2,54,10,21
46,34,56,48,5
47,12,26,8,15
48,22,6,43,16
49,53,53,29,63
50,32,29,5,55
51,50,13,20,8
52,55,30,60,40
53,31,56,8,40
54,30,27,9,23
55,49,26,15,44
56,23,7,26,45
57,59,31,62,38
58,61,34,34,9
59,17,60,54,18
60,47,16,51,26
61,28,43,0,19
62,53,24,49,16
63,11,48,40,42
64,62,11,5,7
65,29,36,37,52
66,4,56,47,28
67,58,43,49,6
68,18,44,19,23
69,23,36,11,53
70,53,40,61,31
71,31,26,57,19
72,60,45,12,33
73,28,51,52,23
74,52,56,4,41
75,5,16,17,61
76,0,7,30,19
77,11,0,54,53
78,56,41,13,25
79,3,5,60,60
80,15,0,4,63
81,28,12,53,2
82,42,23,21,33
83,27,5,21,3
84,40,38,26,55
85,42,3,4,53
86,56,56,18,38
87,54,25,58,28
88,23,11,3,60
89,57,8,38,54
90,60,24,16,9
91,60,5,52,11
92,5,12,39,38
93,35,60,33,40
94,45,57,62,21
95,50,40,6,19
96,41,17,45,23
97,20,52,49,50
98,11,19,53,29
99,47,36,19,17
100,17,23,3,1
101,10,13,54,36
102,13,2,48,26
103,24,8,43,17
104,17,49,12,59
105,40,45,60,30
106,47,58,57,24
107,9,54,63,48
108,4,22,37,24
109,6,30,56,14
110,52,30,28,31
111,23,46,56,57
112,51,1,58,41
113,25,38,48,19
114,35,1,6,28
115,13,3,59,19
116,27,20,26,42
117,54,36,45,28
118,13,46,12,15
119,55,3,27,19
120,51,26,18,62
121,43,60,3,9
122,17,5,16,35
123,57,47,14,56
124,8,29,38,35
125,47,53,17,16
126,13,17,26,54
127,48,51,29,29
128,0,27,5,49
129,26,12,54,22
130,40,49,23,54
131,37,15,10,51
132,36,37,31,15
133,18,26,38,37
134,3,37,8,31
135,41,22,63,38
136,30,3,42,20
137,42,25,21,17
138,50,27,44,40
139,29,46,13,10
140,8,41,31,22
141,30,5,18,59
142,17,24,7,44
143,54,9,58,46
144,36,3,23,62
145,36,49,43,34
146,19,43,46,50
147,26,1,5,6
148,53,28,39,8
149,24,44,40,49
150,51,30,15,46
151,43,35,2,12
152,52,25,3,50
153,22,10,48,56
154,38,23,34,43
155,0,37,57,44
156,62,43,50,44
157,4,63,61,41
158,19,31,46,37
159,61,11,0,63
160,54,0,33,51
161,2,51,37,50
162,40,40,19,45
163,35,22,4,21
164,3,49,60,53
165,59,41,32,60
166,61,58,14,30
167,16,56,18,9
168,1,43,7,3
169,35,13,19,62
170,2,62,33,22
171,51,40,2,3
