3
Grid:
64,64
................................................................
................................................................
................................................................
................................................................
................................................................
................................................................
................................................................
................................................................
................................................................
................................................................
................................................................
................................................................
................................................................
................................................................
................................................................
................................................................
................................................................
................................................................
................................................................
................................................................
................................................................
................................................................
................................................................
................................................................
................................................................
................................................................
................................................................
................................................................
................................................................
................................................................
................................................................
................................................................
................................................................
................................................................
................................................................
................................................................
................................................................
................................................................
................................................................
................................................................
................................................................
................................................................
................................................................
................................................................
................................................................
................................................................
................................................................
................................................................
................................................................
................................................................
................................................................
................................................................
................................................................
................................................................
................................................................
................................................................
................................................................
................................................................
................................................................
................................................................
................................................................
................................................................
................................................................
................................................................
Agents:
116
0,1,43,52,45
1,26,11,55,17
2,54,28,39,55
3,17,14,55,30
4,3,7,7,41
5,2,62,56,54
6,17,23,31,45
7,10,58,53,60
8,19,45,24,63
9,53,15,26,49
10,52,25,49,30
11,18,30,14,14
12,33,36,59,52
13,48,52,44,5
14,2,51,57,3
15,13,47,17,8
16,12,4,42,0
17,38,32,38,45
18,1,63,21,3
19,5,44,39,38
20,24,6,19,43
21,12,33,40,48
22,49,32,7,3
23,21,56,42,32
24,33,30,19,4
25,19,44,25,3
26,34,25,2,12
27,9,39,52,17
28,24,59,3,4
29,41,18,19,55
30,44,29,48,29
31,12,16,49,22
32,58,19,23,55
33,50,12,8,7
34,48,42,52,42
35,57,20,32,8
36,39,9,19,59
37,54,45,44,35
38,13,48,54,27
39,45,1,61,22
40,15,55,49,49
41,18,36,27,38
42,32,33,33,2
43,12,50,62,30
44,59,63,5,48
45,7,5,46,14
46,22,51,14,20
47,0,59,63,14
48,58,60,41,47
49,38,29,45,17
50,45,8,51,58
51,8,55,59,1
52,37,62,38,48
53,4,25,40,18
54,34,27,44,59
55,26,39,39,52
56,14,39,32,46
57,2,52,49,18
58,10,40,13,39
59,47,25,16,35
60,7,63,30,30
61,17,48,53,15
62,34,51,37,14
63,62,51,45,54
64,9,58,28,58
65,51,16,9,3
66,9,15,38,60
67,20,6,47,33
68,47,26,57,6
69,62,33,56,60
70,28,50,14,3
71,16,31,61,51
72,37,31,9,63
73,55,46,50,29
74,48,12,6,0
75,48,18,4,61
76,13,13,55,8
77,22,45,4,16
78,54,23,43,22
79,20,49,56,31
80,0,16,47,23
81,16,39,50,33
82,40,9,21,28
83,29,63,52,8
84,18,60,55,7
85,4,47,54,22
86,41,13,4,21
87,61,21,3,20
88,47,50,37,43
89,11,2,46,19
90,60,15,26,19
91,3,61,13,27
92,10,33,33,42
93,3,60,52,54
94,57,39,15,30
95,16,23,8,34
96,5,12,20,28
97,33,11,31,41
98,33,40,35,12
99,54,27,11,3
100,1,56,26,23
101,27,52,48,46
102,7,1,59,49
103,41,63,50,18
104,16,1,60,4
105,61,3,21,1
106,11,18,32,23
107,53,49,44,54
108,13,19,36,57
109,29,7,38,32
110,6,33,20,56
111,5,43,23,42
112,44,45,63,12
113,41,28,59,23
114,44,49,27,32
115,51,7,45,33
