3
Grid:
64,64
................................................................
................................................................
................................................................
................................................................
................................................................
................................................................
................................................................
................................................................
................................................................
................................................................
................................................................
................................................................
................................................................
................................................................
................................................................
................................................................
................................................................
................................................................
................................................................
................................................................
................................................................
................................................................
................................................................
................................................................
................................................................
................................................................
................................................................
................................................................
................................................................
................................................................
................................................................
................................................................
................................................................
................................................................
................................................................
................................................................
................................................................
................................................................
................................................................
................................................................
................................................................
................................................................
................................................................
................................................................
................................................................
................................................................
................................................................
................................................................
................................................................
................................................................
................................................................
................................................................
................................................................
................................................................
................................................................
................................................................
................................................................
................................................................
................................................................
................................................................
................................................................
................................................................
................................................................
................................................................
Agents:
210
0,21,25,7,19
1,36,63,59,37
2,56,6,38,57
3,19,21,33,26
4,26,38,26,55
5,62,8,56,47
6,39,8,20,42
7,17,57,11,9
8,14,7,25,58
9,8,27,19,26
10,12,59,6,28
11,51,9,30,59
12,25,8,44,18
13,48,15,55,6
14,55,15,48,13
15,26,2,3,37
16,57,18,44,50
17,21,44,7,5
18,17,44,47,26
19,53,61,23,10
20,12,31,20,44
21,19,14,48,3
22,37,58,11,11
23,18,15,37,35
24,9,31,4,58
25,30,32,58,25
26,53,27,12,49
27,40,26,18,29
28,38,27,38,54
29,38,48,30,32
30,21,3,54,60
31,30,11,37,52
32,11,60,49,4
33,15,21,57,5
34,51,36,8,25
35,40,33,60,55
36,18,11,61,2
37,14,45,56,14
38,40,36,48,5
39,35,30,2,44
40,53,32,11,12
41,6,24,32,56
42,48,58,49,32
43,12,29,16,53
44,41,59,19,11
45,6,54,20,61
46,6,4,37,8
47,39,9,2,40
48,1,7,25,39
49,2,41,5,37
50,43,61,26,23
51,28,36,33,31
52,55,60,33,18
53,13,42,36,41
54,13,59,50,56
55,49,1,48,40
56,55,8,9,1
57,58,52,7,54
58,61,5,1,10
59,26,17,20,63
60,48,49,35,15
61,44,55,53,5
62,30,49,41,47
63,27,13,59,56
64,35,4,39,3
65,44,32,4,51
66,33,58,24,45
67,50,56,1,24
68,4,34,49,35
69,32,51,63,18
70,44,33,15,54
71,16,45,51,60
72,9,4,13,19
73,62,62,40,12
74,10,50,35,52
75,45,49,61,31
76,57,58,50,47
77,16,36,63,27
78,5,5,42,1
79,33,63,46,22
80,6,8,14,21
81,14,17,12,0
82,31,61,32,23
83,21,1,6,7
84,48,26,51,41
85,36,38,0,46
86,36,14,58,57
87,32,62,38,32
88,46,26,14,49
89,50,29,62,0
90,3,49,3,59
91,56,49,34,35
92,51,48,43,61
93,0,55,35,19
94,40,31,63,45
95,28,27,54,17
96,18,45,51,19
97,26,8,42,14
98,30,56,24,51
99,37,1,38,59
100,40,8,47,2
101,2,49,60,17
102,22,6,6,63
103,25,18,52,40
104,54,43,6,53
105,19,4,28,36
106,60,21,31,40
107,15,29,57,34
108,30,47,55,59
109,60,30,60,49
110,25,16,13,22
111,61,9,9,10
112,20,55,54,25
113,51,24,10,60
114,31,53,13,14
115,52,49,19,49
116,52,59,54,55
117,47,7,53,20
118,26,44,23,4
119,35,22,4,22
120,29,21,10,31
121,41,49,47,16
122,8,14,6,20
123,48,5,51,24
124,56,1,23,37
125,26,53,14,40
126,4,10,25,29
127,46,49,25,27
128,52,12,43,16
129,50,22,48,45
130,54,1,46,52
131,50,0,5,36
132,54,33,19,34
133,15,1,27,23
134,38,8,40,8
135,12,37,2,12
136,0,3,60,25
137,39,12,1,36
138,1,6,8,46
139,6,46,16,18
140,32,30,33,0
141,27,63,28,62
142,44,42,15,46
143,12,61,21,41
144,19,13,21,23
145,58,12,33,52
146,32,28,31,7
147,35,40,60,63
148,58,38,51,20
149,62,47,54,5
150,31,47,1,41
151,62,40,47,29
152,41,31,20,39
153,10,42,1,7
154,10,39,61,29
155,11,44,20,16
156,15,7,24,46
157,32,20,4,25
158,37,55,23,14
159,53,37,4,32
160,52,40,10,34
161,53,52,15,11
162,55,63,10,42
163,5,35,39,55
164,32,63,18,32
165,17,27,25,41
166,7,22,0,21
167,15,48,28,22
168,31,51,0,4
169,21,13,11,57
170,32,33,61,32
171,51,43,40,36
172,2,14,34,42
173,61,24,48,52
174,60,14,56,48
175,2,3,9,14
176,49,24,2,18
177,58,54,5,13
178,58,9,13,8
179,49,42,24,42
180,10,10,21,31
181,22,47,57,48
182,36,56,55,11
183,56,48,25,45
184,53,50,38,44
185,34,39,6,49
186,5,19,62,38
187,53,10,38,50
188,49,40,45,20
189,2,44,41,28
190,39,18,62,4
191,42,47,13,50
192,28,24,57,25
193,54,21,24,50
194,1,42,7,34
195,51,57,27,29
196,23,40,44,53
197,20,18,57,39
198,42,4,14,4
199,31,12,9,40
200,24,16,20,40
201,33,9,39,15
202,19,39,53,43
203,1,48,60,34
204,24,8,19,37
205,40,45,33,22
206,63,55,29,53
207,14,8,14,6
208,5,53,45,49
209,28,32,31,50
