0
Grid:
64,64
................................................................
................................................................
................................................................
................................................................
................................................................
................................................................
................................................................
................................................................
................................................................
................................................................
................................................................
................................................................
................................................................
................................................................
................................................................
................................................................
................................................................
................................................................
................................................................
................................................................
................................................................
................................................................
................................................................
................................................................
................................................................
................................................................
................................................................
................................................................
................................................................
................................................................
................................................................
................................................................
................................................................
................................................................
................................................................
................................................................
................................................................
................................................................
................................................................
................................................................
................................................................
................................................................
................................................................
................................................................
................................................................
................................................................
................................................................
................................................................
................................................................
................................................................
................................................................
................................................................
................................................................
................................................................
................................................................
................................................................
................................................................
................................................................
................................................................
................................................................
................................................................
................................................................
................................................................
................................................................
Agents:
196
0,16,6,57,43
1,13,0,51,35
2,44,60,7,9
3,30,35,37,0
4,42,33,35,29
5,32,14,35,56
6,40,3,27,60
7,21,8,37,55
8,60,11,27,12
9,46,15,62,58
10,12,60,17,26
11,24,44,55,21
12,7,50,30,46
13,43,32,54,19
14,30,52,8,60
15,0,16,29,29
16,12,15,24,35
17,59,5,13,1
18,59,39,22,27
19,38,40,44,50
20,62,31,2,23
21,61,49,45,46
22,3,57,27,10
23,33,52,52,55
24,30,18,50,5
25,15,58,46,7
26,48,62,24,31
27,17,20,7,31
28,46,32,20,0
29,57,57,34,61
30,17,62,54,24
31,5,53,63,26
32,32,15,8,54
33,2,25,48,31
34,7,16,1,32
35,12,20,18,15
36,37,5,7,35
37,16,44,15,19
38,62,38,6,46
39,41,13,15,59
40,16,54,0,25
41,1,11,47,15
42,37,6,49,10
43,31,13,11,7
44,61,39,21,54
45,23,26,19,54
46,46,44,13,11
47,22,0,33,0
48,25,8,10,5
49,16,52,55,31
50,54,8,44,20
51,45,14,35,62
52,5,58,34,2
53,20,43,48,23
54,45,36,54,45
55,22,7,51,33
56,55,43,10,30
57,41,27,58,52
58,60,58,44,44
59,15,26,6,36
60,47,52,56,50
61,27,31,8,11
62,56,49,17,5
63,38,56,17,36
64,46,16,39,11
65,19,53,11,12
66,22,52,5,56
67,22,8,34,20
68,9,51,7,3
69,5,42,30,42
70,49,52,45,37
71,32,24,42,41
72,16,15,5,62
73,35,2,52,54
74,3,59,38,2
75,3,31,5,0
76,56,54,26,19
77,4,2,2,54
78,44,13,8,23
79,21,20,46,46
80,20,28,54,10
81,60,28,0,38
82,17,32,54,31
83,49,2,54,21
84,20,32,23,62
85,18,9,62,19
86,52,37,0,27
87,40,59,36,21
88,20,3,37,15
89,14,41,49,16
90,14,35,14,19
91,53,50,42,35
92,13,51,20,4
93,61,32,62,55
94,48,20,53,47
95,27,59,52,9
96,30,49,4,41
97,22,21,21,14
98,55,3,7,57
99,7,48,28,63
100,29,33,59,36
101,46,34,3,21
102,41,58,10,31
103,42,19,43,56
104,13,9,18,44
105,45,41,16,40
106,62,43,8,51
107,5,48,20,30
108,38,9,13,57
109,15,29,41,57
110,35,17,29,30
111,17,63,18,45
112,5,22,2,0
113,42,3,34,53
114,15,19,31,39
115,3,16,29,61
116,59,30,63,46
117,12,45,16,60
118,53,19,22,42
119,9,19,18,56
120,9,41,1,40
121,19,39,0,62
122,38,50,3,33
123,61,50,34,39
124,43,37,40,50
125,47,46,53,13
126,52,41,19,47
127,12,12,50,0
128,15,46,27,24
129,29,18,62,14
130,15,39,28,2
131,4,58,45,30
132,5,29,18,52
133,45,31,45,26
134,31,24,55,8
135,59,18,50,3
136,0,60,8,9
137,20,57,15,14
138,62,42,20,44
139,25,18,33,14
140,25,55,63,20
141,23,41,28,27
142,35,21,21,47
143,28,18,39,37
144,29,6,26,58
145,54,54,11,9
146,3,34,8,21
147,37,24,21,51
148,33,9,54,57
149,4,29,39,23
150,19,18,15,58
151,42,28,26,31
152,46,55,13,58
153,21,19,30,24
154,14,36,26,56
155,21,10,51,53
156,57,23,33,11
157,22,48,25,26
158,0,27,40,14
159,14,31,44,12
160,59,52,16,9
161,28,9,49,38
162,56,50,30,36
163,19,37,62,17
164,8,15,10,43
165,13,59,17,50
166,36,5,35,46
167,62,7,56,60
168,39,36,21,3
169,61,62,47,39
170,49,56,42,48
171,49,43,59,29
172,60,44,32,58
173,18,11,63,35
174,2,49,14,11
175,15,52,25,37
176,23,54,24,5
177,0,36,19,6
178,63,34,39,50
179,63,41,6,8
180,28,5,25,1
181,60,61,6,27
182,51,10,39,5
183,28,14,22,25
184,8,27,16,50
185,30,16,61,24
186,46,2,22,38
187,3,48,52,42
188,12,11,7,5
189,31,8,49,36
190,34,22,25,46
191,6,36,36,2
192,44,48,13,46
193,45,8,17,33
194,6,2,13,48
195,37,26,43,41
