4
Grid:
64,64
................................................................
................................................................
................................................................
................................................................
................................................................
................................................................
................................................................
................................................................
................................................................
................................................................
................................................................
................................................................
................................................................
................................................................
................................................................
................................................................
................................................................
................................................................
................................................................
................................................................
................................................................
................................................................
................................................................
................................................................
................................................................
................................................................
................................................................
................................................................
................................................................
................................................................
................................................................
................................................................
................................................................
................................................................
................................................................
................................................................
................................................................
................................................................
................................................................
................................................................
................................................................
................................................................
................................................................
................................................................
................................................................
................................................................
................................................................
................................................................
................................................................
................................................................
................................................................
................................................................
................................................................
................................................................
................................................................
................................................................
................................................................
................................................................
................................................................
................................................................
................................................................
................................................................
................................................................
................................................................
Agents:
70
0,17,40,5,60
1,0,33,60,8
2,38,27,41,14
3,12,22,36,9
4,22,61,34,39
5,16,39,29,35
6,40,29,53,55
7,3,17,40,32
8,36,47,25,37
9,39,5,37,52
10,35,55,61,48
11,39,38,55,50
12,23,8,45,59
13,52,53,57,8
14,38,10,36,32
15,30,50,20,46
16,10,12,42,52
17,39,7,53,16
18,31,25,2,16
19,10,1,26,0
20,57,27,40,48
21,23,61,17,29
22,58,23,44,31
23,32,15,33,7
24,19,45,10,7
25,41,55,15,8
26,27,48,63,8
27,3,26,6,9
28,0,25,29,9
29,9,29,62,54
30,38,23,46,56
31,47,12,17,61
32,30,30,51,53
33,29,27,39,50
34,54,60,48,63
35,49,11,9,40
36,36,38,6,26
37,12,7,30,33
38,31,41,31,19
39,44,0,27,4
40,40,36,62,29
41,34,57,0,38
42,32,39,4,44
43,23,25,38,1
44,9,12,14,23
45,6,6,13,54
46,15,45,22,30
47,26,34,31,22
48,43,11,24,38
49,31,27,6,38
50,58,5,40,18
51,25,23,46,15
52,60,30,40,34
53,19,53,24,11
54,36,59,26,35
55,58,22,32,10
56,45,9,20,20
57,53,2,8,28
58,52,54,26,60
59,43,55,2,3
60,7,4,50,27
61,18,41,55,1
62,53,43,32,44
63,59,54,13,38
64,11,41,24,35
65,28,20,48,39
66,10,16,36,2
67,5,35,30,8
68,10,10,6,10
69,60,2,6,20
