3
Grid:
64,64
................................................................
................................................................
................................................................
................................................................
................................................................
................................................................
................................................................
................................................................
................................................................
................................................................
................................................................
................................................................
................................................................
................................................................
................................................................
................................................................
................................................................
................................................................
................................................................
................................................................
................................................................
................................................................
................................................................
................................................................
................................................................
................................................................
................................................................
................................................................
................................................................
................................................................
................................................................
................................................................
................................................................
................................................................
................................................................
................................................................
................................................................
................................................................
................................................................
................................................................
................................................................
................................................................
................................................................
................................................................
................................................................
................................................................
................................................................
................................................................
................................................................
................................................................
................................................................
................................................................
................................................................
................................................................
................................................................
................................................................
................................................................
................................................................
................................................................
................................................................
................................................................
................................................................
................................................................
................................................................
Agents:
224
0,51,23,25,17
1,25,5,25,28
2,32,5,32,45
3,22,58,34,5
4,54,5,62,25
5,3,54,43,16
6,52,51,38,3
7,23,26,23,12
8,44,5,1,13
9,61,2,55,19
10,34,1,57,47
11,17,28,60,29
12,48,29,61,37
13,41,6,58,13
14,9,53,18,8
15,35,46,14,17
16,58,58,53,29
17,10,35,17,40
18,17,56,41,4
19,23,41,23,18
20,36,20,20,51
21,31,36,29,15
22,58,40,19,61
23,31,54,44,22
24,41,25,39,50
25,12,37,22,20
26,16,7,41,42
27,9,49,48,26
28,5,60,51,12
29,20,2,59,36
30,28,15,15,6
31,49,0,14,52
32,34,20,6,55
33,60,57,6,41
34,41,52,40,57
35,8,52,47,8
36,46,19,54,42
37,29,14,13,13
38,34,44,62,38
39,34,7,5,31
40,61,50,38,46
41,29,47,29,43
42,40,62,6,9
43,30,50,48,61
44,48,24,43,10
45,29,20,53,5
46,35,20,46,34
47,13,20,45,39
48,35,30,2,26
49,2,38,50,58
50,44,37,45,10
51,13,53,15,30
52,16,24,30,20
53,54,60,18,43
54,41,59,40,47
55,15,24,38,5
56,26,13,20,25
57,5,41,61,2
58,50,1,57,62
59,24,36,29,50
60,54,10,22,15
61,9,16,6,56
62,22,51,27,30
63,16,26,33,25
64,6,9,49,53
65,42,4,62,36
66,42,60,56,29
67,26,23,1,12
68,37,40,30,62
69,30,16,56,38
70,7,33,11,25
71,9,5,2,35
72,58,21,23,57
73,14,35,38,28
74,33,33,7,41
75,5,30,63,46
76,48,34,9,19
77,28,60,34,47
78,30,29,37,17
79,7,28,16,32
80,54,32,55,36
81,17,11,16,60
82,46,30,46,8
83,51,46,57,11
84,4,10,18,58
85,35,8,52,23
86,28,20,47,22
87,1,20,20,8
88,7,17,43,4
89,57,58,8,54
90,11,34,3,54
91,40,9,48,12
92,62,12,0,40
93,11,55,49,44
94,9,1,5,15
95,8,43,2,33
96,42,40,15,49
97,35,61,26,38
98,22,28,16,48
99,34,32,63,56
100,31,22,14,47
101,62,61,63,33
102,2,27,54,45
103,32,7,45,52
104,53,13,7,51
105,35,13,28,57
106,16,20,28,18
107,55,8,33,58
108,12,34,35,45
109,18,59,47,55
110,51,27,49,63
111,1,33,12,7
112,63,48,5,45
113,42,25,55,51
114,49,9,7,56
115,58,28,48,25
116,24,42,27,49
117,2,17,9,4
118,10,0,6,21
119,10,48,34,57
120,22,50,38,26
121,51,59,18,44
122,29,59,14,55
123,27,22,34,58
124,48,27,44,16
125,49,52,25,39
126,10,38,10,38
127,45,4,5,36
128,21,28,8,13
129,61,17,6,42
130,48,6,7,48
131,22,43,37,53
132,18,7,25,44
133,53,37,36,38
134,17,37,3,22
135,61,11,42,43
136,24,33,3,60
137,37,0,45,35
138,40,5,60,62
139,4,4,11,11
140,21,20,40,34
141,41,22,1,19
142,24,6,28,30
143,18,49,8,16
144,61,62,14,27
145,60,46,6,14
146,3,56,13,12
147,63,15,60,22
148,28,7,3,33
149,40,22,52,5
150,5,53,48,57
151,29,37,61,3
152,28,40,38,48
153,1,45,51,0
154,27,15,45,45
155,23,57,9,7
156,60,28,45,2
157,29,0,48,20
158,19,12,22,5
159,52,3,42,63
160,40,19,2,19
161,40,14,29,10
162,8,31,39,52
163,33,21,17,55
164,36,33,45,11
165,28,45,35,56
166,62,31,48,11
167,16,30,22,37
168,56,50,24,20
169,41,42,48,52
170,48,16,1,52
171,34,45,29,25
172,23,10,8,33
173,60,35,18,61
174,50,27,54,26
175,33,2,13,38
176,13,48,3,39
177,34,15,59,34
178,29,61,44,35
179,6,43,12,23
180,8,58,28,36
181,50,41,4,61
182,12,62,56,40
183,8,33,40,6
184,35,10,23,21
185,19,24,19,43
186,48,59,9,53
187,55,62,49,27
188,34,62,44,56
189,45,0,20,28
190,11,60,19,10
191,17,31,53,33
192,60,40,34,22
193,21,44,5,8
194,35,4,16,50
195,7,39,20,58
196,58,45,28,11
197,15,31,48,36
198,23,51,54,28
199,18,18,12,33
200,56,23,7,60
201,47,53,0,20
202,63,38,52,45
203,24,30,19,44
204,26,8,21,58
205,7,0,16,13
206,13,50,13,51
207,10,44,25,43
208,2,32,2,59
209,12,54,35,23
210,39,14,39,13
211,16,9,47,2
212,1,9,59,2
213,46,3,34,35
214,38,48,4,2
215,54,26,29,52
216,13,28,45,33
217,15,54,28,48
218,18,27,52,33
219,61,7,33,51
220,15,17,4,6
221,21,42,7,5
222,48,50,27,63
223,6,1,39,54
