3
Grid:
64,64
................................................................
................................................................
................................................................
................................................................
................................................................
................................................................
................................................................
................................................................
................................................................
................................................................
................................................................
................................................................
................................................................
................................................................
................................................................
................................................................
................................................................
................................................................
................................................................
................................................................
................................................................
................................................................
................................................................
................................................................
................................................................
................................................................
................................................................
................................................................
................................................................
................................................................
................................................................
................................................................
................................................................
................................................................
................................................................
................................................................
................................................................
................................................................
................................................................
................................................................
................................................................
................................................................
................................................................
................................................................
................................................................
................................................................
................................................................
................................................................
................................................................
................................................................
................................................................
................................................................
................................................................
................................................................
................................................................
................................................................
................................................................
................................................................
................................................................
................................................................
................................................................
................................................................
................................................................
................................................................
Agents:
148
0,30,28,20,59
1,6,27,51,41
2,4,32,14,47
3,19,18,17,40
4,40,18,49,52
5,28,17,56,24
6,2,26,24,2
7,17,25,24,15
8,41,10,25,45
9,45,15,21,48
10,25,42,49,59
11,8,61,4,48
12,45,18,12,23
13,14,14,5,32
14,51,46,10,63
15,14,17,7,12
16,50,12,25,51
17,16,31,4,55
18,27,62,21,34
19,47,16,45,48
20,42,11,20,40
21,7,34,19,44
22,1,60,5,18
23,60,53,28,61
24,59,36,63,17
25,31,13,56,35
26,12,3,31,31
27,53,51,3,10
28,20,9,61,2
29,46,49,61,56
30,17,4,55,5
31,31,57,34,63
32,3,10,25,10
33,31,53,13,44
34,10,49,56,1
35,61,43,3,41
36,27,28,42,16
37,37,13,3,48
38,35,38,4,1
39,60,49,1,38
40,22,24,6,27
41,18,14,28,15
42,15,1,18,23
43,4,47,30,29
44,23,29,23,36
45,11,18,7,47
46,15,61,60,2
47,63,37,15,58
48,44,14,35,50
49,30,54,37,45
50,28,6,57,40
51,43,10,0,51
52,39,52,18,48
53,49,48,30,49
54,30,39,11,56
55,15,46,24,41
56,12,61,54,51
57,26,56,58,63
58,50,16,9,2
59,42,1,9,4
60,5,48,28,14
61,30,45,53,38
62,38,43,24,32
63,27,29,59,17
64,29,63,49,43
65,33,20,17,10
66,7,5,0,49
67,20,16,18,51
68,45,8,60,9
69,39,26,61,35
70,16,20,30,52
71,16,48,35,56
72,13,28,16,7
73,5,18,33,47
74,34,6,6,43
75,51,27,20,53
76,36,29,55,35
77,48,43,15,53
78,39,62,17,31
79,36,60,8,11
80,24,20,54,28
81,18,30,20,7
82,5,59,62,18
83,39,7,57,38
84,40,10,20,14
85,11,42,36,32
86,40,15,5,16
87,49,49,51,45
88,31,46,28,16
89,31,9,4,53
90,37,9,25,27
91,58,23,45,11
92,12,5,14,14
93,48,42,10,28
94,20,40,14,21
95,40,46,8,6
96,35,43,55,42
97,2,59,12,6
98,1,50,44,9
99,42,17,31,38
100,53,62,38,18
101,41,24,30,22
102,59,9,62,43
103,51,20,30,5
104,43,63,32,57
105,12,57,1,41
106,30,26,4,41
107,22,14,49,25
108,25,59,52,16
109,17,63,22,42
110,10,60,11,51
111,50,63,28,48
112,34,28,39,6
113,6,60,56,25
114,13,53,45,1
115,47,44,31,33
116,3,13,46,38
117,19,39,8,28
118,32,34,51,28
119,27,3,48,21
120,18,27,60,33
121,62,21,23,8
122,28,46,52,52
123,15,8,22,49
124,21,51,9,50
125,33,5,4,52
126,32,42,55,59
127,7,56,53,47
128,11,41,3,2
129,54,30,23,37
130,2,54,35,23
131,7,53,44,61
132,15,31,27,35
133,54,16,60,57
134,6,47,30,15
135,46,55,27,53
136,31,14,32,5
137,45,47,53,52
138,62,29,37,58
139,35,51,51,36
140,39,25,6,32
141,20,41,61,23
142,12,24,11,5
143,27,54,41,12
144,43,61,45,33
145,0,27,53,43
146,19,8,22,44
147,5,61,4,20
