3
Grid:
64,64
................................................................
................................................................
................................................................
................................................................
................................................................
................................................................
................................................................
................................................................
................................................................
................................................................
................................................................
................................................................
................................................................
................................................................
................................................................
................................................................
................................................................
................................................................
................................................................
................................................................
................................................................
................................................................
................................................................
................................................................
................................................................
................................................................
................................................................
................................................................
................................................................
................................................................
................................................................
................................................................
................................................................
................................................................
................................................................
................................................................
................................................................
................................................................
................................................................
................................................................
................................................................
................................................................
................................................................
................................................................
................................................................
................................................................
................................................................
................................................................
................................................................
................................................................
................................................................
................................................................
................................................................
................................................................
................................................................
................................................................
................................................................
................................................................
................................................................
................................................................
................................................................
................................................................
................................................................
................................................................
Agents:
168
0,28,50,44,22
1,36,35,14,26
2,14,62,18,19
3,38,60,35,8
4,50,59,42,44
5,40,56,16,9
6,34,11,40,1
7,20,14,38,44
8,12,13,47,46
9,40,55,58,0
10,29,10,16,50
11,17,22,15,33
12,35,29,41,51
13,59,17,58,5
14,19,61,2,60
15,36,32,46,52
16,0,43,8,15
17,41,20,10,33
18,39,12,11,30
19,40,50,10,25
20,51,12,0,43
21,2,61,24,60
22,9,48,28,40
23,5,33,13,49
24,52,6,33,27
25,61,35,49,55
26,35,22,62,63
27,39,18,16,58
28,33,14,20,4
29,0,49,38,39
30,2,21,59,18
31,41,52,53,43
32,22,7,9,5
33,56,55,15,44
34,33,63,5,2
35,38,0,3,30
36,37,53,38,46
37,4,16,59,30
38,8,20,17,15
39,12,50,16,35
40,23,26,41,19
41,28,12,18,4
42,0,0,23,57
43,61,41,24,11
44,3,23,42,7
45,50,25,5,39
46,12,55,33,58
47,48,29,53,59
48,35,13,60,19
49,38,2,44,52
50,56,14,35,47
51,63,52,15,53
52,32,61,14,55
53,62,45,27,30
54,18,22,22,33
55,10,13,52,24
56,1,13,15,10
57,25,40,29,13
58,56,28,50,21
59,51,21,20,25
60,9,15,19,36
61,51,10,3,48
62,13,13,47,35
63,52,45,36,34
64,5,38,45,39
65,45,58,28,16
66,45,10,28,60
67,58,9,6,7
68,26,39,61,44
69,44,3,55,9
70,2,16,47,30
71,22,44,9,49
72,12,36,24,25
73,23,62,28,29
74,30,7,45,38
75,37,6,45,44
76,25,16,18,9
77,56,40,46,12
78,26,52,29,9
79,39,19,28,12
80,9,16,22,25
81,39,44,2,1
82,41,16,15,36
83,32,55,14,37
84,19,16,44,53
85,13,16,13,41
86,48,48,54,49
87,18,57,49,15
88,57,7,56,51
89,61,40,27,21
90,53,53,13,58
91,15,62,62,9
92,1,39,33,19
93,32,28,50,36
94,17,17,56,45
95,47,37,53,63
96,0,25,19,2
97,58,50,3,38
98,41,42,56,32
99,3,60,33,54
100,4,32,48,36
101,43,13,62,26
102,58,20,30,38
103,21,41,58,61
104,62,62,32,56
105,47,19,3,59
106,55,62,3,3
107,29,19,33,63
108,0,41,24,14
109,42,1,33,17
110,47,3,55,12
111,38,1,6,63
112,33,39,31,0
113,16,23,38,13
114,54,32,58,2
115,16,14,34,9
116,3,1,33,15
117,36,20,18,16
118,10,2,60,41
119,3,44,55,26
120,17,55,14,7
121,30,18,63,0
122,34,27,57,52
123,46,1,51,46
124,59,38,39,49
125,50,63,52,36
126,63,1,14,57
127,13,0,11,52
128,58,41,49,33
129,44,19,5,23
130,4,62,13,46
131,51,29,40,9
132,46,32,49,2
133,15,53,12,28
134,26,9,34,23
135,8,62,11,53
136,37,62,27,4
137,48,56,40,63
138,37,19,21,2
139,30,5,4,10
140,28,15,2,29
141,46,16,6,6
142,15,1,28,45
143,51,35,18,60
144,26,32,32,31
145,21,48,28,44
146,40,18,14,30
147,3,0,40,11
148,36,1,25,60
149,12,57,17,44
150,39,50,63,22
151,30,51,57,13
152,25,1,3,54
153,16,21,18,59
154,27,38,34,57
155,10,39,59,22
156,26,54,34,17
157,34,36,37,52
158,47,29,35,49
159,2,55,0,10
160,46,39,47,3
161,41,53,56,10
162,21,30,63,23
163,52,36,3,10
164,47,28,37,14
165,57,63,23,18
166,38,42,19,56
167,48,58,59,33
