2
Grid:
64,64
................................................................
................................................................
................................................................
................................................................
................................................................
................................................................
................................................................
................................................................
................................................................
................................................................
................................................................
................................................................
................................................................
................................................................
................................................................
................................................................
................................................................
................................................................
................................................................
................................................................
................................................................
................................................................
................................................................
................................................................
................................................................
................................................................
................................................................
................................................................
................................................................
................................................................
................................................................
................................................................
................................................................
................................................................
................................................................
................................................................
................................................................
................................................................
................................................................
................................................................
................................................................
................................................................
................................................................
................................................................
................................................................
................................................................
................................................................
................................................................
................................................................
................................................................
................................................................
................................................................
................................................................
................................................................
................................................................
................................................................
................................................................
................................................................
................................................................
................................................................
................................................................
................................................................
................................................................
................................................................
Agents:
34
0,6,10,23,16
1,7,0,53,34
2,17,2,11,25
3,18,11,6,36
4,48,35,37,59
5,18,30,11,15
6,19,57,22,37
7,28,61,17,61
8,35,27,62,1
9,10,26,59,1
10,50,58,17,17
11,0,55,53,49
12,3,8,19,59
13,24,53,49,43
14,28,10,60,58
15,33,61,59,38
16,18,27,44,13
17,63,31,57,19
18,26,20,38,3
19,16,23,57,63
20,11,44,14,41
21,26,45,52,18
22,21,57,6,26
23,29,55,20,46
24,52,40,39,30
25,26,13,60,39
26,2,12,60,41
27,7,12,40,36
28,10,16,21,40
29,61,9,1,5
30,41,28,12,58
31,47,38,17,10
32,1,20,13,54
33,11,55,36,63
