1
Grid:
64,64
................................................................
................................................................
................................................................
................................................................
................................................................
................................................................
................................................................
................................................................
................................................................
................................................................
................................................................
................................................................
................................................................
................................................................
................................................................
................................................................
................................................................
................................................................
................................................................
................................................................
................................................................
................................................................
................................................................
................................................................
................................................................
................................................................
................................................................
................................................................
................................................................
................................................................
................................................................
................................................................
................................................................
................................................................
................................................................
................................................................
................................................................
................................................................
................................................................
................................................................
................................................................
................................................................
................................................................
................................................................
................................................................
................................................................
................................................................
................................................................
................................................................
................................................................
................................................................
................................................................
................................................................
................................................................
................................................................
................................................................
................................................................
................................................................
................................................................
................................................................
................................................................
................................................................
................................................................
................................................................
Agents:
86
0,32,32,30,33
1,61,45,60,40
2,62,42,28,46
3,24,2,0,61
4,41,14,60,45
5,17,45,34,24
6,30,25,13,61
7,8,58,15,43
8,38,59,39,26
9,25,15,55,50
10,4,18,47,12
11,33,1,52,49
12,20,37,54,14
13,5,10,51,13
14,17,4,8,11
15,47,51,5,57
16,37,3,48,45
17,18,39,49,32
18,25,56,43,59
19,22,9,31,60
20,36,36,12,39
21,15,33,1,63
22,59,38,18,44
23,3,59,35,41
24,36,15,32,4
25,40,5,6,14
26,11,33,29,4
27,25,14,2,54
28,63,59,41,22
29,24,24,25,48
30,37,14,12,24
31,48,37,10,47
32,31,30,42,48
33,7,27,30,6
34,7,33,9,2
35,32,45,11,37
36,37,16,5,1
37,43,32,57,4
38,2,63,36,3
39,6,46,61,8
40,33,9,42,16
41,38,2,57,26
42,27,41,59,60
43,39,3,28,56
44,41,3,2,39
45,39,29,28,29
46,32,61,3,62
47,36,22,19,62
48,52,42,58,28
49,2,29,27,0
50,30,40,36,44
51,52,2,1,12
52,46,59,25,11
53,32,59,56,59
54,54,57,42,5
55,12,0,44,21
56,53,41,6,48
57,55,27,24,49
58,40,46,47,26
59,9,53,22,22
60,54,3,36,13
61,50,3,39,58
62,58,2,60,24
63,12,40,62,56
64,43,21,22,53
65,44,24,40,6
66,60,41,1,4
67,16,57,38,37
68,20,35,47,56
69,19,32,17,20
70,9,43,32,28
71,13,47,36,18
72,55,39,51,47
73,40,54,50,47
74,6,8,32,23
75,46,5,15,14
76,32,13,54,11
77,38,26,50,62
78,53,48,30,5
79,8,44,22,4
80,46,56,22,58
81,13,52,62,2
82,3,12,28,27
83,25,61,28,52
84,6,5,8,7
85,44,10,46,42
