3
Grid:
64,64
................................................................
................................................................
................................................................
................................................................
................................................................
................................................................
................................................................
................................................................
................................................................
................................................................
................................................................
................................................................
................................................................
................................................................
................................................................
................................................................
................................................................
................................................................
................................................................
................................................................
................................................................
................................................................
................................................................
................................................................
................................................................
................................................................
................................................................
................................................................
................................................................
................................................................
................................................................
................................................................
................................................................
................................................................
................................................................
................................................................
................................................................
................................................................
................................................................
................................................................
................................................................
................................................................
................................................................
................................................................
................................................................
................................................................
................................................................
................................................................
................................................................
................................................................
................................................................
................................................................
................................................................
................................................................
................................................................
................................................................
................................................................
................................................................
................................................................
................................................................
................................................................
................................................................
................................................................
................................................................
Agents:
30
0,14,63,13,54
1,63,44,1,32
2,16,15,53,16
3,47,16,55,59
4,2,10,53,18
5,46,56,32,30
6,5,42,54,28
7,40,37,6,9
8,16,22,5,12
9,53,28,59,55
10,1,12,52,40
11,31,1,60,2
12,39,13,38,59
13,36,7,10,39
14,41,27,8,7
15,8,40,27,38
16,48,32,33,53
17,25,50,11,16
18,6,49,19,16
19,27,52,39,3
20,8,6,51,7
21,56,2,18,38
22,49,53,18,23
23,38,21,41,10
24,46,5,13,26
25,22,18,54,59
26,4,44,34,13
27,30,2,10,37
28,32,61,56,56
29,5,3,41,34
