0
Grid:
64,64
................................................................
................................................................
................................................................
................................................................
................................................................
................................................................
................................................................
................................................................
................................................................
................................................................
................................................................
................................................................
................................................................
................................................................
................................................................
................................................................
................................................................
................................................................
................................................................
................................................................
................................................................
................................................................
................................................................
................................................................
................................................................
................................................................
................................................................
................................................................
................................................................
................................................................
................................................................
................................................................
................................................................
................................................................
................................................................
................................................................
................................................................
................................................................
................................................................
................................................................
................................................................
................................................................
................................................................
................................................................
................................................................
................................................................
................................................................
................................................................
................................................................
................................................................
................................................................
................................................................
................................................................
................................................................
................................................................
................................................................
................................................................
................................................................
................................................................
................................................................
................................................................
................................................................
................................................................
................................................................
Agents:
110
0,55,36,19,51
1,8,28,50,10
2,15,16,24,35
3,46,45,11,9
4,2,55,41,31
5,16,55,52,43
6,49,33,56,50
7,44,26,61,1
8,53,17,21,52
9,7,29,59,9
10,17,63,55,30
11,24,4,21,8
12,47,52,38,48
13,30,19,51,22
14,42,12,55,4
15,29,60,58,25
16,50,21,50,18
17,46,53,41,51
18,55,11,34,50
19,39,22,25,53
20,36,6,41,29
21,9,62,16,21
22,48,49,33,45
23,3,5,63,51
24,51,14,56,37
25,12,30,35,57
26,3,34,50,63
27,9,55,15,61
28,11,3,31,21
29,50,26,54,34
30,3,53,37,60
31,25,20,55,14
32,5,28,4,40
33,50,55,24,1
34,35,41,12,56
35,42,48,8,44
36,56,10,9,23
37,54,25,1,41
38,20,62,46,45
39,49,24,19,56
40,32,27,39,24
41,0,62,33,11
42,56,15,32,3
43,11,55,19,21
44,41,51,9,13
45,30,12,44,60
46,36,10,1,28
47,3,19,9,48
48,36,27,50,22
49,44,39,21,40
50,18,60,19,28
51,42,34,24,45
52,52,19,19,41
53,42,63,41,50
54,0,50,32,34
55,46,46,48,34
56,41,25,59,53
57,58,39,33,25
58,52,27,33,1
59,28,53,41,27
60,16,59,13,29
61,14,48,18,39
62,10,29,11,59
63,11,46,39,23
64,7,35,1,8
65,52,57,2,54
66,18,10,56,5
67,5,35,37,16
68,49,29,51,56
69,10,37,27,24
70,36,12,41,43
71,54,55,36,7
72,4,48,4,58
73,34,10,37,42
74,15,27,20,0
75,30,9,29,34
76,63,54,18,60
77,22,23,7,50
78,46,57,41,14
79,24,22,26,35
80,7,60,47,25
81,55,29,39,62
82,61,53,30,5
83,28,31,42,49
84,19,22,4,15
85,53,23,62,56
86,16,54,10,11
87,17,4,15,18
88,4,22,60,10
89,43,25,8,7
90,59,0,27,42
91,30,43,24,43
92,4,43,16,26
93,58,27,39,38
94,51,45,44,57
95,53,55,35,10
96,5,51,29,38
97,30,39,59,46
98,20,24,32,33
99,57,15,2,41
100,20,3,38,45
101,55,56,14,55
102,38,7,37,2
103,56,8,36,15
104,36,17,56,43
105,18,23,33,41
106,14,62,38,13
107,27,6,50,57
108,25,18,30,52
109,43,37,37,6
