0
Grid:
64,64
................................................................
................................................................
................................................................
................................................................
................................................................
................................................................
................................................................
................................................................
................................................................
................................................................
................................................................
................................................................
................................................................
................................................................
................................................................
................................................................
................................................................
................................................................
................................................................
................................................................
................................................................
................................................................
................................................................
................................................................
................................................................
................................................................
................................................................
................................................................
................................................................
................................................................
................................................................
................................................................
................................................................
................................................................
................................................................
................................................................
................................................................
................................................................
................................................................
................................................................
................................................................
................................................................
................................................................
................................................................
................................................................
................................................................
................................................................
................................................................
................................................................
................................................................
................................................................
................................................................
................................................................
................................................................
................................................................
................................................................
................................................................
................................................................
................................................................
................................................................
................................................................
................................................................
................................................................
................................................................
Agents:
116
0,46,10,2,54
1,5,24,43,13
2,1,62,58,54
3,62,37,60,25
4,32,23,21,51
5,21,33,11,36
6,58,4,55,49
7,61,17,28,48
8,34,36,55,39
9,10,41,52,41
10,49,49,4,8
11,10,15,26,37
12,12,14,8,20
13,41,34,3,12
14,7,8,6,23
15,40,14,53,29
16,24,38,14,9
17,29,48,29,10
18,26,47,11,39
19,43,0,61,29
20,33,53,57,33
21,19,33,14,43
22,4,44,43,34
23,13,44,46,21
24,34,60,47,10
25,21,7,17,13
26,47,17,10,57
27,38,61,60,0
28,0,53,5,40
29,12,51,54,52
30,20,27,13,46
31,30,23,52,7
32,46,6,7,49
33,9,20,24,31
34,39,12,7,57
35,54,51,49,53
36,56,9,32,40
37,8,59,20,57
38,30,41,12,19
39,11,32,4,46
40,0,61,60,59
41,0,10,25,6
42,50,33,27,3
43,31,6,28,49
44,63,32,48,63
45,48,36,19,17
46,35,55,29,5
47,43,5,15,2
48,22,59,32,47
49,50,61,59,7
50,35,57,9,49
51,5,22,6,62
52,6,34,28,27
53,14,37,56,47
54,9,42,59,12
55,31,22,7,21
56,42,44,8,28
57,51,23,3,55
58,27,19,13,48
59,37,13,4,36
60,39,2,11,37
61,20,7,54,33
62,28,17,47,34
63,16,1,28,4
64,29,2,8,3
65,37,34,0,50
66,54,13,62,35
67,60,6,24,52
68,56,42,57,10
69,4,15,28,32
70,19,57,61,63
71,61,20,54,11
72,1,25,14,8
73,58,55,25,33
74,4,20,39,3
75,41,2,59,45
76,21,37,52,61
77,21,32,33,12
78,37,61,26,10
79,57,52,13,63
80,18,12,19,8
81,7,6,57,35
82,5,60,53,5
83,31,29,53,18
84,47,44,30,32
85,31,49,32,54
86,15,21,0,34
87,57,46,7,35
88,4,0,3,36
89,6,2,43,36
90,23,24,63,62
91,60,9,60,55
92,25,34,44,34
93,13,17,55,2
94,55,27,10,54
95,33,58,8,31
96,48,16,46,62
97,61,6,55,23
98,49,55,21,47
99,14,4,59,57
100,58,29,5,4
101,8,23,14,37
102,52,56,25,13
103,51,63,48,59
104,43,39,36,41
105,28,37,14,11
106,55,55,4,51
107,28,57,14,25
108,16,61,25,55
109,45,35,62,17
110,46,13,3,14
111,37,19,42,0
112,11,37,46,51
113,24,51,22,17
114,60,12,57,20
115,49,1,0,54
