2
Grid:
64,64
................................................................
................................................................
................................................................
................................................................
................................................................
................................................................
................................................................
................................................................
................................................................
................................................................
................................................................
................................................................
................................................................
................................................................
................................................................
................................................................
................................................................
................................................................
................................................................
................................................................
................................................................
................................................................
................................................................
................................................................
................................................................
................................................................
................................................................
................................................................
................................................................
................................................................
................................................................
................................................................
................................................................
................................................................
................................................................
................................................................
................................................................
................................................................
................................................................
................................................................
................................................................
................................................................
................................................................
................................................................
................................................................
................................................................
................................................................
................................................................
................................................................
................................................................
................................................................
................................................................
................................................................
................................................................
................................................................
................................................................
................................................................
................................................................
................................................................
................................................................
................................................................
................................................................
................................................................
................................................................
Agents:
160
0,59,46,33,62
1,47,30,39,46
2,5,56,13,26
3,43,55,50,50
4,53,47,58,49
5,17,31,11,62
6,39,13,50,8
7,26,24,14,55
8,62,55,27,57
9,36,53,18,23
10,57,36,43,33
11,45,6,39,37
12,10,26,9,4
13,21,44,1,16
14,4,31,56,0
15,61,32,58,51
16,27,59,49,1
17,34,57,58,19
18,20,26,30,56
19,63,24,20,43
20,63,25,59,19
21,18,42,60,14
22,31,37,47,5
23,9,44,12,42
24,12,61,51,59
25,35,1,55,59
26,22,0,60,7
27,20,23,51,39
28,1,40,8,47
29,19,43,49,46
30,35,62,20,62
31,51,22,63,61
32,50,48,16,34
33,4,44,18,5
34,43,32,36,33
35,3,35,27,63
36,55,12,23,3
37,53,31,11,4
38,18,2,7,55
39,39,36,8,16
40,16,40,3,21
41,32,7,41,1
42,59,59,46,13
43,9,27,23,40
44,38,10,26,50
45,56,44,9,8
46,6,20,23,22
47,52,1,54,55
48,38,59,51,60
49,56,47,46,28
50,33,28,8,33
51,1,43,45,54
52,57,0,63,36
53,9,9,25,17
54,10,52,20,49
55,4,63,27,23
56,1,47,47,22
57,26,58,30,36
58,29,44,57,22
59,26,54,56,4
60,38,41,40,30
61,6,32,17,2
62,40,23,5,31
63,28,35,22,42
64,23,51,52,52
65,57,22,7,38
66,9,56,22,15
67,2,52,44,11
68,39,52,0,30
69,13,58,26,12
70,49,0,54,5
71,16,50,32,56
72,6,57,30,4
73,42,23,53,17
74,58,58,44,35
75,35,58,45,37
76,32,2,56,32
77,8,56,23,7
78,22,33,31,24
79,3,34,26,28
80,35,38,21,44
81,49,23,4,50
82,53,9,45,11
83,44,38,43,35
84,19,41,44,33
85,30,32,51,22
86,4,38,31,14
87,24,19,31,43
88,25,46,59,48
89,44,5,37,18
90,40,29,17,26
91,15,63,36,49
92,53,6,8,21
93,47,10,15,11
94,29,5,11,39
95,48,43,53,57
96,23,11,6,10
97,14,57,24,54
98,54,23,53,8
99,3,33,28,50
100,43,20,22,46
101,38,58,26,59
102,27,0,24,29
103,62,33,38,62
104,31,2,0,28
105,7,21,32,3
106,53,30,4,60
107,61,20,26,8
108,7,60,36,14
109,25,33,14,17
110,8,14,38,18
111,56,51,44,61
112,8,57,1,27
113,24,31,4,9
114,29,1,31,38
115,42,11,48,13
116,25,20,40,2
117,54,21,40,50
118,35,52,7,62
119,8,13,19,52
120,42,27,4,28
121,61,27,46,16
122,53,56,50,59
123,13,57,59,24
124,49,58,58,33
125,31,20,5,57
126,7,9,9,17
127,11,24,10,12
128,56,5,59,32
129,9,63,48,34
130,37,5,57,14
131,42,42,1,44
132,5,40,46,2
133,29,50,23,34
134,24,3,38,7
135,39,11,46,62
136,54,45,43,7
137,16,29,8,51
138,62,15,53,33
139,43,30,29,50
140,46,34,21,0
141,34,22,28,4
142,3,15,20,42
143,9,30,52,51
144,19,59,42,57
145,60,3,55,30
146,4,42,4,53
147,48,11,13,57
148,51,36,2,54
149,28,62,42,16
150,33,27,37,8
151,44,59,58,46
152,18,30,5,13
153,8,35,62,7
154,42,40,52,54
155,25,42,26,44
156,17,2,56,55
157,34,19,58,61
158,38,53,39,31
159,31,63,43,41
