3
Grid:
64,64
................................................................
................................................................
................................................................
................................................................
................................................................
................................................................
................................................................
................................................................
................................................................
................................................................
................................................................
................................................................
................................................................
................................................................
................................................................
................................................................
................................................................
................................................................
................................................................
................................................................
................................................................
................................................................
................................................................
................................................................
................................................................
................................................................
................................................................
................................................................
................................................................
................................................................
................................................................
................................................................
................................................................
................................................................
................................................................
................................................................
................................................................
................................................................
................................................................
................................................................
................................................................
................................................................
................................................................
................................................................
................................................................
................................................................
................................................................
................................................................
................................................................
................................................................
................................................................
................................................................
................................................................
................................................................
................................................................
................................................................
................................................................
................................................................
................................................................
................................................................
................................................................
................................................................
................................................................
................................................................
Agents:
38
0,10,42,54,54
1,37,10,61,7
2,33,2,17,5
3,33,11,56,21
4,35,30,35,8
5,43,3,60,32
6,59,10,20,12
7,29,51,42,11
8,38,14,60,41
9,36,56,57,32
10,19,58,44,19
11,28,8,14,29
12,51,1,15,33
13,6,10,59,4
14,21,5,23,47
15,25,26,46,3
16,13,26,4,30
17,34,62,59,56
18,33,46,49,45
19,61,50,33,19
20,25,14,21,47
21,16,4,18,19
22,15,11,49,7
23,45,34,49,47
24,6,31,62,62
25,9,29,29,47
26,23,27,30,45
27,62,15,14,36
28,14,29,53,39
29,23,31,24,42
30,60,22,29,13
31,53,29,19,57
32,5,16,40,19
33,54,33,47,15
34,40,31,42,44
35,18,56,8,45
36,17,49,49,54
37,31,5,9,4
