0
Grid:
64,64
................................................................
................................................................
................................................................
................................................................
................................................................
................................................................
................................................................
................................................................
................................................................
................................................................
................................................................
................................................................
................................................................
................................................................
................................................................
................................................................
................................................................
................................................................
................................................................
................................................................
................................................................
................................................................
................................................................
................................................................
................................................................
................................................................
................................................................
................................................................
................................................................
................................................................
................................................................
................................................................
................................................................
................................................................
................................................................
................................................................
................................................................
................................................................
................................................................
................................................................
................................................................
................................................................
................................................................
................................................................
................................................................
................................................................
................................................................
................................................................
................................................................
................................................................
................................................................
................................................................
................................................................
................................................................
................................................................
................................................................
................................................................
................................................................
................................................................
................................................................
................................................................
................................................................
................................................................
................................................................
Agents:
204
0,1,50,2,40
1,21,29,47,33
2,15,53,17,57
3,33,11,38,38
4,57,8,29,33
5,45,39,22,49
6,27,14,55,1
7,43,46,9,24
8,27,10,37,18
9,15,15,33,39
10,26,50,35,57
11,14,51,33,35
12,48,17,6,5
13,50,59,38,35
14,4,30,21,34
15,48,28,50,49
16,49,20,38,41
17,33,59,2,22
18,1,26,54,4
19,59,37,39,2
20,5,51,60,27
21,49,41,61,12
22,36,61,5,6
23,61,58,8,30
24,10,54,37,13
25,38,61,21,41
26,17,53,48,48
27,23,14,9,41
28,36,34,31,49
29,44,62,31,62
30,2,37,2,16
31,7,26,63,56
32,23,16,16,63
33,54,7,2,39
34,45,48,56,11
35,44,0,11,34
36,14,42,15,46
37,9,38,9,19
38,1,36,33,24
39,19,56,48,19
40,49,14,31,54
41,56,51,36,41
42,11,60,26,5
43,60,18,33,63
44,22,31,43,38
45,46,61,12,51
46,34,31,6,40
47,44,23,20,28
48,18,19,45,60
49,6,53,28,51
50,13,26,63,51
51,9,37,53,43
52,46,39,51,28
53,43,48,10,49
54,13,0,6,15
55,42,10,46,59
56,52,57,23,22
57,34,36,55,56
58,5,58,23,45
59,11,26,49,4
60,25,13,31,15
61,18,17,43,36
62,7,42,42,26
63,58,42,49,15
64,18,59,57,32
65,45,29,59,3
66,42,23,17,61
67,5,18,21,1
68,4,36,19,49
69,16,11,49,24
70,5,21,44,10
71,11,53,2,43
72,18,23,44,26
73,43,50,20,20
74,52,45,6,46
75,13,12,29,61
76,42,51,25,48
77,0,59,12,50
78,19,29,19,15
79,31,0,47,46
80,54,35,54,21
81,46,24,4,50
82,11,12,42,62
83,31,28,37,21
84,52,16,62,23
85,31,33,35,62
86,41,63,32,29
87,20,4,34,3
88,1,28,49,47
89,63,47,34,34
90,63,7,3,56
91,53,36,25,10
92,46,32,56,6
93,51,55,3,32
94,23,9,37,22
95,62,38,48,30
96,4,16,2,35
97,21,33,26,12
98,39,51,13,21
99,41,5,36,4
100,56,14,22,11
101,62,36,1,54
102,13,43,46,55
103,35,43,61,42
104,30,60,0,52
105,57,54,15,36
106,30,47,48,3
107,1,46,2,6
108,46,9,56,39
109,42,43,40,50
110,25,39,18,2
111,5,42,11,5
112,18,56,38,59
113,28,25,44,29
114,41,51,16,53
115,28,14,49,40
116,51,57,16,33
117,55,48,54,28
118,9,17,33,46
119,22,2,49,18
120,60,7,16,35
121,25,27,56,25
122,15,7,18,44
123,8,21,31,41
124,14,39,28,40
125,51,29,36,31
126,9,62,63,40
127,43,16,31,4
128,9,19,0,59
129,18,21,33,26
130,15,10,6,41
131,2,42,45,20
132,31,43,59,16
133,3,36,22,54
134,55,17,13,19
135,36,28,3,18
136,50,39,61,23
137,46,18,25,26
138,26,10,54,19
139,48,7,39,25
140,10,1,17,55
141,63,62,11,23
142,4,52,25,6
143,39,54,1,27
144,63,1,33,2
145,51,50,60,24
146,4,46,1,44
147,59,36,54,16
148,3,35,46,13
149,29,61,40,11
150,2,22,59,35
151,42,33,32,6
152,16,24,47,56
153,2,30,40,52
154,56,7,16,23
155,36,7,26,29
156,63,0,29,27
157,43,32,24,5
158,39,14,33,49
159,22,16,27,45
160,41,46,7,8
161,29,49,40,36
162,52,59,5,25
163,13,31,41,42
164,46,54,31,58
165,6,12,35,40
166,41,13,14,37
167,63,40,50,20
168,19,34,61,45
169,36,53,0,37
170,36,8,17,41
171,61,55,60,55
172,28,43,7,25
173,50,4,25,25
174,3,27,26,4
175,61,53,42,48
176,19,20,44,23
177,57,57,26,45
178,44,20,61,53
179,10,34,61,44
180,48,2,27,15
181,1,24,57,29
182,1,2,8,47
183,12,4,16,30
184,42,32,53,11
185,49,38,45,30
186,20,9,17,28
187,8,9,10,10
188,28,18,36,63
189,57,17,9,37
190,63,29,57,22
191,58,43,35,35
192,47,26,9,38
193,53,16,20,53
194,43,2,45,56
195,24,59,42,31
196,54,4,34,58
197,2,0,60,36
198,15,57,35,42
199,10,45,41,10
200,32,50,26,44
201,34,18,49,61
202,36,35,35,43
203,11,1,36,45
