0
Grid:
64,64
................................................................
................................................................
................................................................
................................................................
................................................................
................................................................
................................................................
................................................................
................................................................
................................................................
................................................................
................................................................
................................................................
................................................................
................................................................
................................................................
................................................................
................................................................
................................................................
................................................................
................................................................
................................................................
................................................................
................................................................
................................................................
................................................................
................................................................
................................................................
................................................................
................................................................
................................................................
................................................................
................................................................
................................................................
................................................................
................................................................
................................................................
................................................................
................................................................
................................................................
................................................................
................................................................
................................................................
................................................................
................................................................
................................................................
................................................................
................................................................
................................................................
................................................................
................................................................
................................................................
................................................................
................................................................
................................................................
................................................................
................................................................
................................................................
................................................................
................................................................
................................................................
................................................................
................................................................
................................................................
Agents:
56
0,13,11,63,33
1,39,42,36,61
2,40,44,55,55
3,50,33,33,51
4,18,58,51,6
5,12,4,21,26
6,2,53,17,27
7,41,28,30,6
8,56,2,48,12
9,27,57,10,34
10,29,59,23,26
11,10,57,54,19
12,21,6,11,58
13,52,13,30,15
14,60,22,33,36
15,0,12,49,46
16,31,55,34,36
17,4,12,39,22
18,44,14,52,20
19,47,20,18,59
20,6,8,45,38
21,4,33,62,51
22,56,42,6,30
23,40,48,43,29
24,40,63,18,39
25,29,38,46,59
26,20,24,3,13
27,28,17,11,14
28,0,45,60,41
29,21,33,1,57
30,56,37,5,1
31,37,60,16,20
32,58,63,55,13
33,37,11,57,1
34,49,28,46,9
35,48,42,16,54
36,19,6,4,7
37,51,21,31,37
38,54,41,49,59
39,1,42,41,50
40,29,4,23,55
41,57,25,47,47
42,56,7,19,48
43,26,50,5,31
44,12,62,26,53
45,56,13,40,17
46,28,33,10,46
47,34,8,25,36
48,38,56,58,21
49,5,29,22,63
50,63,11,37,5
51,15,51,10,59
52,19,13,61,36
53,37,7,47,29
54,26,23,43,4
55,44,43,48,56
