2
Grid:
64,64
................................................................
................................................................
................................................................
................................................................
................................................................
................................................................
................................................................
................................................................
................................................................
................................................................
................................................................
................................................................
................................................................
................................................................
................................................................
................................................................
................................................................
................................................................
................................................................
................................................................
................................................................
................................................................
................................................................
................................................................
................................................................
................................................................
................................................................
................................................................
................................................................
................................................................
................................................................
................................................................
................................................................
................................................................
................................................................
................................................................
................................................................
................................................................
................................................................
................................................................
................................................................
................................................................
................................................................
................................................................
................................................................
................................................................
................................................................
................................................................
................................................................
................................................................
................................................................
................................................................
................................................................
................................................................
................................................................
................................................................
................................................................
................................................................
................................................................
................................................................
................................................................
................................................................
................................................................
................................................................
Agents:
116
0,28,38,52,27
1,15,48,34,20
2,55,17,58,43
3,27,55,11,9
4,10,34,31,60
5,7,62,44,23
6,19,41,16,17
7,25,47,8,51
8,31,39,50,33
9,26,3,43,27
10,18,62,60,59
11,52,3,18,37
12,56,62,30,17
13,43,41,5,48
14,63,57,31,22
15,63,40,7,44
16,57,55,59,15
17,18,44,56,25
18,21,26,41,31
19,61,52,4,19
20,15,26,50,44
21,41,30,17,38
22,35,61,38,44
23,59,31,54,58
24,50,52,27,42
25,52,36,53,59
26,6,58,34,11
27,60,30,41,14
28,49,11,46,42
29,55,56,49,27
30,38,50,22,13
31,56,16,32,57
32,34,30,13,46
33,4,27,45,36
34,23,44,43,1
35,25,5,19,37
36,42,37,10,37
37,52,56,9,6
38,20,21,57,20
39,31,59,56,40
40,3,12,8,5
41,54,11,23,16
42,5,27,4,59
43,33,62,41,20
44,59,51,45,16
45,58,9,17,7
46,34,4,47,58
47,14,29,55,0
48,33,25,50,47
49,60,4,4,32
50,56,31,43,19
51,7,6,40,15
52,26,46,47,55
53,57,32,2,60
54,6,3,0,12
55,10,28,24,9
56,43,60,63,54
57,53,25,35,47
58,60,45,41,19
59,11,6,42,33
60,60,6,28,8
61,32,35,60,25
62,50,15,16,39
63,35,37,1,2
64,23,23,9,35
65,22,59,55,14
66,24,26,5,21
67,2,35,5,42
68,4,48,14,27
69,48,22,6,43
70,33,1,45,55
71,56,55,14,50
72,41,29,12,3
73,30,37,15,52
74,15,52,36,50
75,32,52,10,23
76,13,53,41,10
77,8,50,12,27
78,62,36,39,1
79,19,11,48,6
80,11,20,52,40
81,9,46,35,5
82,45,14,1,35
83,3,16,24,18
84,58,17,55,17
85,21,11,58,1
86,37,59,61,52
87,13,41,40,50
88,58,20,29,31
89,49,61,17,15
90,22,35,61,40
91,54,33,3,9
92,45,34,32,34
93,18,15,11,60
94,37,32,21,39
95,28,37,54,5
96,10,13,39,2
97,55,10,10,47
98,9,26,10,21
99,26,13,10,40
100,42,62,62,53
101,31,21,29,14
102,55,25,25,38
103,16,12,33,41
104,37,21,59,20
105,41,63,46,19
106,25,14,22,54
107,62,38,62,7
108,56,11,61,9
109,33,32,24,20
110,61,43,55,3
111,44,52,38,23
112,47,23,23,49
113,42,24,53,31
114,3,3,52,29
115,31,31,21,55
