0
Grid:
64,64
................................................................
................................................................
................................................................
................................................................
................................................................
................................................................
................................................................
................................................................
................................................................
................................................................
................................................................
................................................................
................................................................
................................................................
................................................................
................................................................
................................................................
................................................................
................................................................
................................................................
................................................................
................................................................
................................................................
................................................................
................................................................
................................................................
................................................................
................................................................
................................................................
................................................................
................................................................
................................................................
................................................................
................................................................
................................................................
................................................................
................................................................
................................................................
................................................................
................................................................
................................................................
................................................................
................................................................
................................................................
................................................................
................................................................
................................................................
................................................................
................................................................
................................................................
................................................................
................................................................
................................................................
................................................................
................................................................
................................................................
................................................................
................................................................
................................................................
................................................................
................................................................
................................................................
................................................................
................................................................
Agents:
52
0,55,37,43,27
1,12,2,22,6
2,57,17,23,8
3,6,60,1,11
4,59,41,43,15
5,13,38,10,49
6,0,60,29,32
7,0,39,0,16
8,5,7,18,2
9,47,36,39,49
10,38,43,49,15
11,23,56,23,60
12,21,22,48,16
13,45,58,57,25
14,10,33,11,4
15,36,46,56,33
16,61,62,17,29
17,37,56,2,59
18,35,46,63,2
19,56,32,41,45
20,49,4,16,24
21,29,18,28,49
22,39,0,11,16
23,42,21,30,61
24,2,42,21,9
25,34,4,11,34
26,0,11,40,53
27,14,19,4,42
28,44,35,19,33
29,35,11,13,50
30,50,25,13,57
31,5,30,20,44
32,40,1,3,45
33,22,8,54,28
34,4,22,22,44
35,15,14,2,0
36,51,34,2,9
37,13,4,43,14
38,16,21,52,60
39,21,48,11,2
40,16,52,40,63
41,30,57,36,43
42,12,57,19,57
43,62,26,24,50
44,42,15,22,25
45,2,20,37,29
46,60,38,4,11
47,17,4,32,49
48,13,9,2,33
49,23,62,47,57
50,37,34,45,29
51,16,44,2,58
