0
Grid:
64,64
................................................................
................................................................
................................................................
................................................................
................................................................
................................................................
................................................................
................................................................
................................................................
................................................................
................................................................
................................................................
................................................................
................................................................
................................................................
................................................................
................................................................
................................................................
................................................................
................................................................
................................................................
................................................................
................................................................
................................................................
................................................................
................................................................
................................................................
................................................................
................................................................
................................................................
................................................................
................................................................
................................................................
................................................................
................................................................
................................................................
................................................................
................................................................
................................................................
................................................................
................................................................
................................................................
................................................................
................................................................
................................................................
................................................................
................................................................
................................................................
................................................................
................................................................
................................................................
................................................................
................................................................
................................................................
................................................................
................................................................
................................................................
................................................................
................................................................
................................................................
................................................................
................................................................
................................................................
................................................................
Agents:
44
0,11,24,42,33
1,46,0,56,26
2,61,57,11,42
3,14,20,14,49
4,28,38,7,50
5,42,18,47,1
6,31,59,60,52
7,13,43,48,24
8,41,31,36,40
9,40,35,44,23
10,35,36,58,30
11,3,36,17,50
12,8,33,32,45
13,59,39,3,44
14,2,58,63,22
15,41,18,5,19
16,8,36,39,42
17,5,15,58,0
18,29,43,0,32
19,7,48,55,22
20,30,25,9,10
21,14,58,44,10
22,33,36,41,56
23,5,48,20,13
24,10,10,21,12
25,35,19,5,35
26,46,62,39,20
27,63,38,35,41
28,20,9,37,46
29,55,28,29,43
30,62,39,14,36
31,17,33,61,45
32,60,24,29,0
33,9,58,45,51
34,53,62,19,33
35,13,61,40,63
36,23,55,46,44
37,5,9,37,24
38,22,8,10,52
39,28,11,26,2
40,28,55,10,5
41,23,22,19,12
42,36,10,60,41
43,37,30,14,31
