1
Grid:
64,64
................................................................
................................................................
................................................................
................................................................
................................................................
................................................................
................................................................
................................................................
................................................................
................................................................
................................................................
................................................................
................................................................
................................................................
................................................................
................................................................
................................................................
................................................................
................................................................
................................................................
................................................................
................................................................
................................................................
................................................................
................................................................
................................................................
................................................................
................................................................
................................................................
................................................................
................................................................
................................................................
................................................................
................................................................
................................................................
................................................................
................................................................
................................................................
................................................................
................................................................
................................................................
................................................................
................................................................
................................................................
................................................................
................................................................
................................................................
................................................................
................................................................
................................................................
................................................................
................................................................
................................................................
................................................................
................................................................
................................................................
................................................................
................................................................
................................................................
................................................................
................................................................
................................................................
................................................................
................................................................
Agents:
74
0,15,4,56,7
1,11,18,19,19
2,20,38,50,19
3,38,20,51,44
4,58,28,19,0
5,63,29,33,34
6,50,47,3,59
7,25,45,56,5
8,33,60,56,31
9,30,37,63,51
10,52,9,28,23
11,3,15,63,13
12,13,2,53,16
13,9,17,51,37
14,55,54,29,35
15,8,57,27,37
16,23,26,32,63
17,27,12,14,37
18,42,48,10,33
19,55,12,59,14
20,27,53,43,30
21,1,9,18,50
22,45,2,38,13
23,58,16,38,55
24,8,40,38,26
25,28,4,29,27
26,14,3,37,36
27,54,6,26,22
28,0,59,54,14
29,5,17,59,45
30,29,21,57,11
31,20,5,15,40
32,6,23,29,22
33,20,13,8,42
34,2,49,14,13
35,10,62,24,4
36,7,58,51,58
37,34,11,58,24
38,8,56,49,25
39,8,15,52,8
40,25,4,9,1
41,42,19,4,5
42,35,21,54,44
43,11,46,15,4
44,42,37,54,1
45,46,6,44,49
46,24,60,29,39
47,53,40,29,43
48,60,34,61,19
49,60,59,21,33
50,37,42,18,38
51,62,60,49,50
52,57,56,18,1
53,62,5,5,5
54,25,58,60,27
55,8,37,30,32
56,12,13,31,28
57,42,15,16,39
58,26,50,38,60
59,52,62,9,8
60,1,20,35,19
61,7,32,28,7
62,34,3,12,32
63,38,11,20,43
64,5,58,45,20
65,15,38,36,58
66,59,13,57,34
67,41,47,61,31
68,5,46,41,45
69,26,43,58,25
70,23,5,63,0
71,21,48,7,6
72,29,9,24,24
73,58,11,30,0
