0
Grid:
64,64
................................................................
................................................................
................................................................
................................................................
................................................................
................................................................
................................................................
................................................................
................................................................
................................................................
................................................................
................................................................
................................................................
................................................................
................................................................
................................................................
................................................................
................................................................
................................................................
................................................................
................................................................
................................................................
................................................................
................................................................
................................................................
................................................................
................................................................
................................................................
................................................................
................................................................
................................................................
................................................................
................................................................
................................................................
................................................................
................................................................
................................................................
................................................................
................................................................
................................................................
................................................................
................................................................
................................................................
................................................................
................................................................
................................................................
................................................................
................................................................
................................................................
................................................................
................................................................
................................................................
................................................................
................................................................
................................................................
................................................................
................................................................
................................................................
................................................................
................................................................
................................................................
................................................................
................................................................
................................................................
Agents:
60
0,60,50,32,22
1,6,13,41,39
2,30,37,20,35
3,45,56,57,32
4,55,21,21,60
5,10,0,6,28
6,28,20,40,7
7,44,4,30,40
8,5,1,54,41
9,60,58,55,46
10,46,56,8,45
11,33,57,0,10
12,46,25,63,53
13,35,44,1,49
14,35,42,5,1
15,43,12,35,59
16,29,18,14,58
17,15,56,57,3
18,21,33,23,55
19,48,26,60,44
20,8,47,49,44
21,30,25,25,38
22,20,4,46,12
23,5,21,49,37
24,60,47,9,27
25,62,47,39,32
26,31,10,10,38
27,14,4,5,25
28,16,12,43,4
29,30,5,53,11
30,1,1,18,10
31,20,13,46,57
32,41,62,1,31
33,34,9,2,17
34,5,52,18,22
35,47,36,38,29
36,16,34,57,17
37,49,62,34,10
38,26,8,22,45
39,37,42,10,23
40,47,52,9,61
41,44,60,6,8
42,44,19,21,26
43,4,11,0,41
44,39,8,12,51
45,3,43,41,40
46,25,6,24,56
47,27,17,63,63
48,48,21,53,7
49,34,59,48,47
50,16,7,30,55
51,0,26,37,61
52,30,61,58,1
53,24,15,44,46
54,41,8,50,15
55,39,52,62,42
56,48,51,31,33
57,17,32,21,61
58,32,44,63,58
59,18,15,28,52
