3
Grid:
64,64
................................................................
................................................................
................................................................
................................................................
................................................................
................................................................
................................................................
................................................................
................................................................
................................................................
................................................................
................................................................
................................................................
................................................................
................................................................
................................................................
................................................................
................................................................
................................................................
................................................................
................................................................
................................................................
................................................................
................................................................
................................................................
................................................................
................................................................
................................................................
................................................................
................................................................
................................................................
................................................................
................................................................
................................................................
................................................................
................................................................
................................................................
................................................................
................................................................
................................................................
................................................................
................................................................
................................................................
................................................................
................................................................
................................................................
................................................................
................................................................
................................................................
................................................................
................................................................
................................................................
................................................................
................................................................
................................................................
................................................................
................................................................
................................................................
................................................................
................................................................
................................................................
................................................................
................................................................
................................................................
Agents:
130
0,43,13,51,41
1,28,29,35,1
2,8,31,41,20
3,26,48,52,58
4,45,37,7,31
5,59,49,21,17
6,17,17,61,20
7,7,43,32,3
8,41,45,26,37
9,42,63,16,46
10,25,4,7,34
11,61,34,50,14
12,57,29,41,1
13,6,17,48,29
14,59,7,63,61
15,57,53,23,13
16,56,28,10,23
17,53,51,14,30
18,15,16,60,5
19,39,29,0,33
20,18,20,1,13
21,27,54,20,9
22,14,26,60,21
23,3,22,26,8
24,3,56,57,13
25,44,46,62,58
26,49,7,31,60
27,36,39,62,53
28,16,57,4,26
29,35,42,10,29
30,25,8,47,33
31,53,37,46,1
32,44,5,57,2
33,56,53,51,60
34,27,20,59,56
35,28,25,23,63
36,5,12,10,24
37,44,4,53,10
38,40,6,11,18
39,20,31,60,24
40,26,47,30,32
41,14,2,9,36
42,26,10,48,11
43,4,48,51,12
44,55,13,15,22
45,34,21,5,27
46,44,61,3,13
47,4,9,36,47
48,31,53,37,20
49,10,8,3,46
50,33,14,14,2
51,59,46,48,3
52,27,19,19,21
53,41,36,60,12
54,27,31,23,5
55,62,9,20,58
56,37,4,0,52
57,15,41,47,57
58,58,50,62,55
59,10,33,8,16
60,1,8,48,44
61,61,14,7,61
62,45,8,59,17
63,8,34,14,43
64,37,50,56,51
65,60,12,8,35
66,62,12,59,1
67,52,31,44,7
68,39,7,28,20
69,33,31,27,27
70,21,23,21,45
71,14,25,52,8
72,48,40,37,49
73,45,26,26,9
74,15,45,48,51
75,43,40,25,14
76,6,24,63,15
77,16,44,32,44
78,61,20,13,38
79,38,32,15,50
80,27,56,11,36
81,58,12,31,21
82,13,24,37,0
83,6,3,3,0
84,53,26,43,35
85,11,3,49,55
86,0,34,52,31
87,51,37,53,25
88,63,24,43,28
89,22,4,29,8
90,27,46,9,34
91,19,55,20,6
92,7,19,47,29
93,5,37,55,35
94,34,18,40,29
95,33,0,21,18
96,4,29,5,40
97,29,2,47,20
98,11,23,40,55
99,34,41,28,57
100,36,53,29,41
101,34,39,12,11
102,40,36,34,2
103,37,43,47,3
104,61,33,57,28
105,5,44,14,7
106,37,2,58,14
107,4,58,9,16
108,18,32,7,32
109,8,45,28,51
110,56,56,26,54
111,33,63,29,1
112,29,22,52,57
113,8,60,62,48
114,13,62,23,29
115,34,49,20,55
116,9,29,53,27
117,21,31,11,48
118,42,33,19,52
119,63,15,18,14
120,26,61,8,13
121,20,0,40,5
122,59,23,26,1
123,55,26,56,44
124,62,16,21,49
125,4,1,35,32
126,32,55,63,1
127,61,41,50,48
128,6,41,27,5
129,6,15,46,16
