2
Grid:
64,64
................................................................
................................................................
................................................................
................................................................
................................................................
................................................................
................................................................
................................................................
................................................................
................................................................
................................................................
................................................................
................................................................
................................................................
................................................................
................................................................
................................................................
................................................................
................................................................
................................................................
................................................................
................................................................
................................................................
................................................................
................................................................
................................................................
................................................................
................................................................
................................................................
................................................................
................................................................
................................................................
................................................................
................................................................
................................................................
................................................................
................................................................
................................................................
................................................................
................................................................
................................................................
................................................................
................................................................
................................................................
................................................................
................................................................
................................................................
................................................................
................................................................
................................................................
................................................................
................................................................
................................................................
................................................................
................................................................
................................................................
................................................................
................................................................
................................................................
................................................................
................................................................
................................................................
................................................................
................................................................
Agents:
80
0,0,10,62,43
1,49,9,10,28
2,24,16,18,44
3,33,4,34,59
4,21,5,9,1
5,41,25,45,29
6,48,4,43,56
7,10,25,30,27
8,48,16,61,57
9,21,48,0,62
10,30,51,2,20
11,31,7,45,3
12,51,63,1,10
13,41,48,61,28
14,3,20,55,46
15,31,54,14,17
16,50,32,60,47
17,46,27,27,16
18,28,39,52,62
19,45,32,43,23
20,39,19,15,7
21,11,54,33,38
22,59,54,3,53
23,25,4,42,63
24,37,38,39,59
25,11,18,17,59
26,14,12,17,33
27,42,41,53,8
28,21,24,17,52
29,38,49,45,20
30,0,1,14,39
31,37,51,5,53
32,39,16,12,52
33,22,47,45,1
34,60,9,57,3
35,34,53,7,49
36,9,11,2,33
37,40,41,62,5
38,12,61,4,13
39,3,51,20,23
40,22,63,19,51
41,46,57,41,42
42,43,32,41,52
43,17,34,19,38
44,48,50,6,11
45,18,21,32,44
46,57,53,10,46
47,18,10,31,14
48,16,8,1,59
49,14,43,23,23
50,31,42,45,18
51,7,28,62,60
52,3,21,26,14
53,8,3,47,2
54,35,1,1,5
55,29,24,45,37
56,20,51,3,45
57,26,1,41,25
58,18,44,62,37
59,8,7,10,16
60,62,52,53,47
61,62,9,59,43
62,55,13,21,8
63,59,19,34,51
64,56,30,3,27
65,25,3,15,25
66,46,24,22,5
67,19,44,53,4
68,55,17,24,53
69,53,21,2,40
70,23,13,4,52
71,62,47,9,51
72,21,57,60,51
73,1,6,52,29
74,27,16,53,44
75,55,35,51,44
76,0,7,14,16
77,45,43,11,47
78,43,61,12,15
79,37,54,40,43
