4
Grid:
64,64
................................................................
................................................................
................................................................
................................................................
................................................................
................................................................
................................................................
................................................................
................................................................
................................................................
................................................................
................................................................
................................................................
................................................................
................................................................
................................................................
................................................................
................................................................
................................................................
................................................................
................................................................
................................................................
................................................................
................................................................
................................................................
................................................................
................................................................
................................................................
................................................................
................................................................
................................................................
................................................................
................................................................
................................................................
................................................................
................................................................
................................................................
................................................................
................................................................
................................................................
................................................................
................................................................
................................................................
................................................................
................................................................
................................................................
................................................................
................................................................
................................................................
................................................................
................................................................
................................................................
................................................................
................................................................
................................................................
................................................................
................................................................
................................................................
................................................................
................................................................
................................................................
................................................................
................................................................
................................................................
Agents:
192
0,61,37,48,52
1,60,35,10,41
2,16,24,26,14
3,13,21,29,48
4,59,44,40,57
5,6,19,53,5
6,48,15,8,50
7,49,19,43,48
8,6,17,55,35
9,29,57,60,32
10,56,27,22,19
11,2,12,42,56
12,27,38,51,17
13,33,62,19,12
14,0,27,2,44
15,3,13,20,53
16,24,20,31,53
17,53,48,32,18
18,36,4,40,12
19,1,9,54,0
20,27,32,61,44
21,33,43,26,51
22,22,50,61,17
23,58,21,54,52
24,58,40,25,18
25,59,63,3,55
26,54,10,6,54
27,21,34,61,51
28,34,48,40,32
29,7,41,0,56
30,55,15,25,33
31,20,32,13,5
32,41,57,33,1
33,59,28,38,0
34,25,0,6,28
35,46,1,5,3
36,16,19,61,23
37,30,24,25,2
38,57,23,42,47
39,54,40,53,28
40,44,11,18,45
41,3,23,17,60
42,31,4,10,46
43,22,13,7,11
44,62,19,59,31
45,14,52,17,8
46,60,24,11,19
47,18,11,20,27
48,11,1,27,38
49,1,28,38,13
50,54,29,8,38
51,60,57,4,39
52,58,57,28,44
53,47,34,25,31
54,43,60,30,47
55,41,11,22,26
56,58,30,13,23
57,60,43,44,15
58,11,60,55,58
59,0,37,53,43
60,35,45,31,30
61,29,6,32,22
62,50,57,53,62
63,4,55,4,23
64,1,19,51,57
65,12,55,22,59
66,21,25,48,55
67,50,14,4,9
68,15,9,49,58
69,29,37,56,24
70,20,51,19,26
71,34,1,51,2
72,41,2,19,34
73,63,15,21,63
74,0,28,50,53
75,57,9,7,45
76,0,53,53,6
77,7,0,37,27
78,52,55,45,30
79,33,24,34,60
80,48,49,15,42
81,54,33,2,45
82,44,45,28,3
83,27,1,11,24
84,31,27,52,18
85,16,47,45,23
86,11,27,23,18
87,29,48,21,27
88,63,38,27,50
89,28,26,59,20
90,19,61,46,60
91,55,57,32,60
92,31,40,52,48
93,14,26,39,7
94,2,28,33,27
95,48,29,4,35
96,18,9,0,6
97,17,55,47,20
98,12,25,50,36
99,49,45,3,0
100,11,61,37,13
101,47,37,12,33
102,11,10,45,5
103,61,36,19,29
104,24,23,54,20
105,1,14,8,37
106,27,7,37,23
107,4,51,56,6
108,58,61,34,8
109,1,3,39,39
110,31,1,61,45
111,63,2,13,48
112,42,51,29,40
113,28,1,23,6
114,9,37,30,22
115,35,38,31,44
116,53,46,59,39
117,14,21,62,59
118,13,18,36,39
119,45,20,37,47
120,42,41,56,61
121,2,43,30,7
122,27,34,50,1
123,2,11,17,6
124,5,30,22,56
125,61,15,36,37
126,23,45,62,30
127,14,10,6,42
128,62,45,16,25
129,58,24,43,53
130,46,60,15,44
131,26,51,61,20
132,51,26,35,47
133,25,45,33,4
134,56,47,56,9
135,37,39,54,24
136,15,44,12,52
137,24,53,13,36
138,38,8,16,61
139,48,17,26,10
140,39,20,24,3
141,14,7,27,36
142,22,31,1,1
143,23,20,35,45
144,38,46,44,19
145,15,14,47,30
146,55,0,49,33
147,8,21,1,26
148,18,21,54,11
149,56,21,21,5
150,63,42,3,33
151,20,25,38,2
152,11,42,30,37
153,6,49,8,20
154,40,28,25,3
155,0,47,38,11
156,11,31,19,24
157,12,18,15,58
158,13,52,36,19
159,24,5,21,13
160,15,59,28,15
161,6,42,43,46
162,37,48,57,44
163,28,37,45,40
164,63,27,2,33
165,62,38,14,8
166,50,17,34,26
167,20,35,46,44
168,50,5,24,28
169,56,44,5,1
170,25,38,7,24
171,44,9,29,1
172,46,31,22,22
173,2,24,1,38
174,52,54,8,23
175,7,30,52,8
176,61,51,54,18
177,6,4,45,14
178,36,42,22,49
179,51,27,26,25
180,14,32,10,59
181,50,12,33,62
182,30,25,27,11
183,60,58,40,59
184,10,40,63,30
185,31,7,14,37
186,44,41,2,37
187,14,60,1,61
188,60,6,51,48
189,45,3,50,27
190,49,8,58,19
191,19,31,10,50
