1
Grid:
64,64
................................................................
................................................................
................................................................
................................................................
................................................................
................................................................
................................................................
................................................................
................................................................
................................................................
................................................................
................................................................
................................................................
................................................................
................................................................
................................................................
................................................................
................................................................
................................................................
................................................................
................................................................
................................................................
................................................................
................................................................
................................................................
................................................................
................................................................
................................................................
................................................................
................................................................
................................................................
................................................................
................................................................
................................................................
................................................................
................................................................
................................................................
................................................................
................................................................
................................................................
................................................................
................................................................
................................................................
................................................................
................................................................
................................................................
................................................................
................................................................
................................................................
................................................................
................................................................
................................................................
................................................................
................................................................
................................................................
................................................................
................................................................
................................................................
................................................................
................................................................
................................................................
................................................................
................................................................
................................................................
Agents:
80
0,44,29,14,40
1,44,12,48,26
2,36,38,39,27
3,56,24,19,49
4,40,52,22,41
5,61,25,15,36
6,2,33,27,53
7,24,34,4,35
8,63,18,58,46
9,20,28,17,44
10,54,18,14,24
11,57,41,3,44
12,16,24,50,7
13,6,43,16,50
14,40,38,42,11
15,38,55,14,8
16,58,39,38,6
17,14,31,31,40
18,9,59,62,17
19,15,50,23,21
20,45,20,52,33
21,59,10,60,26
22,11,37,6,33
23,28,29,29,5
24,7,62,10,13
25,49,24,45,43
26,18,30,27,29
27,25,26,24,11
28,35,2,3,13
29,59,12,36,36
30,31,12,21,42
31,48,2,53,58
32,13,6,30,3
33,31,27,8,21
34,19,57,10,12
35,25,3,34,23
36,3,34,25,32
37,47,34,50,53
38,23,46,27,1
39,30,42,59,12
40,59,41,8,40
41,36,41,50,40
42,52,14,32,15
43,36,27,47,34
44,13,51,36,27
45,59,6,20,7
46,0,2,8,3
47,18,33,16,30
48,35,57,24,34
49,61,4,41,56
50,6,1,24,22
51,9,14,30,55
52,36,46,18,31
53,20,48,50,63
54,47,55,4,11
55,2,53,42,27
56,35,16,41,4
57,17,54,29,2
58,39,7,37,17
59,13,63,21,4
60,33,3,28,45
61,13,31,33,52
62,61,19,12,55
63,3,0,17,26
64,15,14,17,5
65,62,29,43,14
66,49,26,59,9
67,36,58,1,11
68,31,21,23,40
69,4,6,44,60
70,57,51,29,14
71,43,21,58,27
72,49,6,39,1
73,34,47,41,34
74,49,28,58,2
75,57,28,17,43
76,44,62,3,24
77,34,2,50,62
78,51,42,60,0
79,17,17,10,28
