4
Grid:
64,64
................................................................
................................................................
................................................................
................................................................
................................................................
................................................................
................................................................
................................................................
................................................................
................................................................
................................................................
................................................................
................................................................
................................................................
................................................................
................................................................
................................................................
................................................................
................................................................
................................................................
................................................................
................................................................
................................................................
................................................................
................................................................
................................................................
................................................................
................................................................
................................................................
................................................................
................................................................
................................................................
................................................................
................................................................
................................................................
................................................................
................................................................
................................................................
................................................................
................................................................
................................................................
................................................................
................................................................
................................................................
................................................................
................................................................
................................................................
................................................................
................................................................
................................................................
................................................................
................................................................
................................................................
................................................................
................................................................
................................................................
................................................................
................................................................
................................................................
................................................................
................................................................
................................................................
................................................................
................................................................
Agents:
64
0,33,39,18,36
1,30,37,10,59
2,10,22,30,17
3,0,45,27,8
4,23,17,20,50
5,42,45,2,15
6,46,23,47,33
7,11,38,41,23
8,49,18,60,58
9,36,33,18,23
10,34,13,61,18
11,11,16,9,32
12,17,9,55,5
13,48,16,46,60
14,8,63,60,30
15,12,34,57,20
16,61,18,43,42
17,57,30,18,32
18,39,34,40,47
19,14,54,32,41
20,41,14,19,27
21,34,53,6,4
22,40,52,9,30
23,22,56,12,60
24,60,25,42,41
25,0,62,47,2
26,23,37,47,9
27,21,20,63,6
28,27,13,57,25
29,19,0,1,19
30,37,48,10,14
31,37,24,14,21
32,5,7,52,60
33,47,28,30,41
34,29,44,12,25
35,62,15,22,58
36,4,45,46,54
37,55,20,6,39
38,43,22,48,44
39,40,29,34,9
40,51,56,10,47
41,19,46,46,53
42,62,13,47,57
43,11,24,62,37
44,60,37,14,43
45,3,26,53,54
46,14,13,24,28
47,17,56,31,50
48,40,9,52,24
49,47,33,34,62
50,4,57,8,42
51,26,16,52,17
52,26,49,29,32
53,57,42,39,57
54,45,0,59,23
55,41,5,30,20
56,37,54,7,55
57,12,44,33,32
58,29,55,0,44
59,26,55,42,37
60,59,23,15,37
61,32,56,46,62
62,40,36,33,48
63,0,55,40,34
