2
Grid:
64,64
................................................................
................................................................
................................................................
................................................................
................................................................
................................................................
................................................................
................................................................
................................................................
................................................................
................................................................
................................................................
................................................................
................................................................
................................................................
................................................................
................................................................
................................................................
................................................................
................................................................
................................................................
................................................................
................................................................
................................................................
................................................................
................................................................
................................................................
................................................................
................................................................
................................................................
................................................................
................................................................
................................................................
................................................................
................................................................
................................................................
................................................................
................................................................
................................................................
................................................................
................................................................
................................................................
................................................................
................................................................
................................................................
................................................................
................................................................
................................................................
................................................................
................................................................
................................................................
................................................................
................................................................
................................................................
................................................................
................................................................
................................................................
................................................................
................................................................
................................................................
................................................................
................................................................
................................................................
................................................................
Agents:
114
0,22,21,22,34
1,55,40,25,1
2,49,29,12,25
3,34,42,25,33
4,47,44,2,60
5,37,17,22,8
6,44,31,53,37
7,42,30,57,31
8,6,55,52,39
9,61,26,40,25
10,3,62,3,10
11,59,31,56,29
12,46,2,55,35
13,43,12,62,59
14,48,22,36,62
15,49,26,38,10
16,56,7,42,55
17,58,22,3,28
18,48,27,2,0
19,30,22,13,30
20,16,15,30,46
21,59,12,9,9
22,12,36,42,14
23,45,35,54,39
24,18,48,17,32
25,42,29,7,13
26,12,27,16,1
27,27,24,21,21
28,26,24,35,3
29,57,46,8,35
30,50,22,45,29
31,57,25,32,14
32,58,11,54,63
33,25,37,48,48
34,37,20,15,22
35,45,42,8,16
36,24,38,58,39
37,10,52,32,18
38,2,47,20,30
39,18,10,54,8
40,21,7,29,35
41,57,0,6,40
42,43,20,19,5
43,13,28,42,10
44,43,34,19,45
45,59,23,34,49
46,33,48,19,43
47,36,58,58,11
48,21,34,53,31
49,17,0,10,43
50,11,8,35,17
51,62,62,4,17
52,2,0,40,8
53,4,37,53,51
54,17,39,16,3
55,21,42,62,1
56,5,47,50,16
57,25,42,40,14
58,28,57,32,22
59,45,38,0,25
60,62,60,42,56
61,57,3,25,49
62,24,22,14,7
63,8,40,29,25
64,2,15,60,54
65,30,32,31,13
66,30,17,45,36
67,62,12,39,18
68,9,59,61,47
69,61,43,11,37
70,15,39,46,24
71,11,4,60,25
72,12,17,24,31
73,17,50,0,2
74,23,57,25,8
75,29,28,12,34
76,53,42,35,42
77,15,58,22,30
78,37,44,11,58
79,55,28,57,60
80,35,1,6,22
81,8,53,39,26
82,12,52,40,38
83,48,12,22,13
84,33,32,37,22
85,59,1,7,46
86,23,22,15,40
87,48,52,63,34
88,54,7,34,62
89,4,22,9,62
90,17,8,22,39
91,50,2,38,0
92,43,52,58,59
93,15,47,21,38
94,60,14,55,0
95,22,17,61,2
96,52,50,6,33
97,4,9,27,28
98,60,23,43,32
99,5,29,19,18
100,1,10,46,14
101,24,60,49,17
102,33,51,41,26
103,18,44,18,60
104,30,26,33,1
105,3,29,30,0
106,39,32,15,1
107,11,27,62,32
108,15,6,2,34
109,10,24,51,33
110,36,0,10,18
111,15,18,38,51
112,10,41,8,22
113,13,36,56,62
