3
Grid:
64,64
................................................................
................................................................
................................................................
................................................................
................................................................
................................................................
................................................................
................................................................
................................................................
................................................................
................................................................
................................................................
................................................................
................................................................
................................................................
................................................................
................................................................
................................................................
................................................................
................................................................
................................................................
................................................................
................................................................
................................................................
................................................................
................................................................
................................................................
................................................................
................................................................
................................................................
................................................................
................................................................
................................................................
................................................................
................................................................
................................................................
................................................................
................................................................
................................................................
................................................................
................................................................
................................................................
................................................................
................................................................
................................................................
................................................................
................................................................
................................................................
................................................................
................................................................
................................................................
................................................................
................................................................
................................................................
................................................................
................................................................
................................................................
................................................................
................................................................
................................................................
................................................................
................................................................
................................................................
................................................................
Agents:
102
0,58,26,50,30
1,55,57,63,10
2,23,10,63,12
3,43,3,50,11
4,11,24,21,7
5,21,13,20,43
6,45,40,11,26
7,9,43,50,50
8,3,63,2,55
9,47,6,55,48
10,48,28,17,25
11,37,53,36,45
12,30,36,53,14
13,16,10,53,59
14,18,53,60,6
15,10,49,15,39
16,60,44,11,19
17,23,19,58,55
18,6,39,14,60
19,61,39,60,5
20,33,59,52,37
21,49,45,7,57
22,23,58,56,44
23,41,22,25,60
24,22,49,4,17
25,25,63,52,18
26,34,62,35,45
27,48,30,45,56
28,52,1,16,60
29,26,51,20,45
30,58,33,22,45
31,48,21,35,17
32,14,36,20,58
33,17,0,17,15
34,16,54,35,12
35,37,28,45,44
36,1,7,32,44
37,37,52,24,19
38,43,55,12,63
39,29,35,21,1
40,59,57,55,27
41,51,33,36,32
42,28,10,36,13
43,14,62,8,12
44,60,57,0,26
45,30,4,36,10
46,12,10,20,7
47,45,63,27,11
48,10,27,24,3
49,31,51,56,63
50,41,40,24,43
51,5,32,55,36
52,12,60,62,29
53,61,27,13,16
54,24,59,50,40
55,51,61,28,23
56,36,55,13,18
57,56,0,17,19
58,45,15,40,29
59,57,3,12,20
60,21,18,36,23
61,3,23,38,9
62,23,33,1,32
63,26,37,0,34
64,41,15,0,16
65,24,42,9,47
66,57,18,35,16
67,52,18,5,39
68,20,31,11,48
69,13,51,34,36
70,37,0,13,13
71,32,20,60,9
72,18,45,4,1
73,17,59,2,41
74,34,27,16,11
75,29,22,12,18
76,37,46,41,29
77,8,42,5,57
78,44,6,25,56
79,1,51,49,42
80,18,35,45,13
81,37,57,53,8
82,61,37,40,26
83,12,26,3,30
84,59,26,45,17
85,54,34,30,52
86,45,3,33,1
87,17,54,20,4
88,1,59,26,62
89,36,44,53,44
90,19,46,18,25
91,45,61,7,26
92,13,34,47,40
93,45,5,57,44
94,9,41,63,4
95,50,6,14,45
96,50,50,30,57
97,46,34,14,1
98,59,38,1,45
99,23,44,11,9
100,33,54,28,61
101,0,7,26,4
