1
Grid:
64,64
................................................................
................................................................
................................................................
................................................................
................................................................
................................................................
................................................................
................................................................
................................................................
................................................................
................................................................
................................................................
................................................................
................................................................
................................................................
................................................................
................................................................
................................................................
................................................................
................................................................
................................................................
................................................................
................................................................
................................................................
................................................................
................................................................
................................................................
................................................................
................................................................
................................................................
................................................................
................................................................
................................................................
................................................................
................................................................
................................................................
................................................................
................................................................
................................................................
................................................................
................................................................
................................................................
................................................................
................................................................
................................................................
................................................................
................................................................
................................................................
................................................................
................................................................
................................................................
................................................................
................................................................
................................................................
................................................................
................................................................
................................................................
................................................................
................................................................
................................................................
................................................................
................................................................
................................................................
................................................................
Agents:
120
0,41,27,12,29
1,9,34,13,54
2,14,20,24,61
3,32,8,11,3
4,14,45,18,41
5,27,61,27,40
6,38,13,19,49
7,2,1,5,52
8,5,21,43,12
9,17,49,15,43
10,34,49,9,44
11,37,38,56,43
12,38,30,49,26
13,45,1,52,60
14,30,48,26,40
15,46,4,43,44
16,9,51,13,13
17,55,24,6,7
18,48,4,1,51
19,17,36,19,53
20,35,8,25,41
21,14,28,40,2
22,56,56,47,13
23,26,63,23,0
24,24,38,53,2
25,53,9,11,12
26,47,62,57,32
27,15,56,28,38
28,53,35,52,55
29,59,48,54,6
30,39,31,37,17
31,42,29,10,11
32,63,22,62,25
33,51,50,53,13
34,22,42,60,23
35,16,0,26,34
36,4,45,48,30
37,14,25,43,30
38,34,9,8,47
39,45,46,14,9
40,4,46,51,63
41,40,56,43,20
42,58,36,58,47
43,21,11,29,15
44,35,63,60,37
45,34,13,54,11
46,9,32,46,56
47,60,4,19,62
48,28,33,35,32
49,5,39,52,6
50,41,45,20,61
51,21,52,11,61
52,5,1,34,1
53,48,54,50,35
54,22,43,53,8
55,53,13,26,61
56,44,56,22,35
57,54,49,6,48
58,35,26,20,42
59,1,40,58,26
60,15,23,4,9
61,7,3,40,23
62,55,35,59,6
63,48,9,28,56
64,58,49,57,36
65,44,12,21,18
66,41,28,51,10
67,5,59,28,22
68,34,5,53,39
69,31,19,1,63
70,26,45,45,36
71,41,54,63,22
72,23,59,61,15
73,52,4,28,43
74,14,44,17,24
75,13,2,16,38
76,32,28,58,18
77,24,17,31,54
78,37,18,24,41
79,61,33,0,16
80,17,38,57,8
81,59,36,36,54
82,62,41,5,24
83,36,15,32,27
84,51,59,44,23
85,15,29,22,22
86,59,45,55,23
87,13,34,37,49
88,46,17,21,16
89,43,59,58,63
90,46,44,17,37
91,59,14,47,57
92,36,42,47,53
93,4,51,28,4
94,21,16,3,36
95,8,61,53,46
96,1,52,49,40
97,49,4,2,52
98,55,46,9,4
99,23,37,25,28
100,16,18,52,4
101,29,47,31,32
102,6,50,33,21
103,15,53,19,48
104,35,20,34,11
105,38,1,24,56
106,50,37,10,16
107,43,45,34,28
108,63,20,50,27
109,61,24,1,42
110,10,63,32,57
111,37,62,34,44
112,21,62,6,3
113,43,25,62,6
114,48,41,39,13
115,25,61,23,42
116,36,9,39,25
117,27,40,14,2
118,48,53,55,28
119,36,57,21,17
