4
Grid:
64,64
................................................................
................................................................
................................................................
................................................................
................................................................
................................................................
................................................................
................................................................
................................................................
................................................................
................................................................
................................................................
................................................................
................................................................
................................................................
................................................................
................................................................
................................................................
................................................................
................................................................
................................................................
................................................................
................................................................
................................................................
................................................................
................................................................
................................................................
................................................................
................................................................
................................................................
................................................................
................................................................
................................................................
................................................................
................................................................
................................................................
................................................................
................................................................
................................................................
................................................................
................................................................
................................................................
................................................................
................................................................
................................................................
................................................................
................................................................
................................................................
................................................................
................................................................
................................................................
................................................................
................................................................
................................................................
................................................................
................................................................
................................................................
................................................................
................................................................
................................................................
................................................................
................................................................
................................................................
................................................................
Agents:
146
0,34,58,27,34
1,52,2,1,58
2,4,16,2,50
3,9,3,25,59
4,19,12,47,61
5,20,35,43,6
6,29,4,19,25
7,5,32,44,9
8,62,39,50,16
9,19,50,55,54
10,30,4,51,33
11,6,7,44,21
12,21,4,31,34
13,23,10,57,55
14,19,30,5,48
15,55,50,37,37
16,2,21,2,39
17,42,55,22,6
18,24,29,48,56
19,40,60,48,39
20,53,50,58,9
21,9,49,48,52
22,19,17,25,17
23,10,46,56,48
24,54,37,15,29
25,23,23,0,53
26,60,22,9,39
27,31,30,21,43
28,51,44,45,31
29,45,63,56,27
30,56,63,43,3
31,47,52,13,53
32,20,34,50,31
33,33,7,52,18
34,25,14,38,41
35,8,32,35,52
36,63,23,39,31
37,60,43,59,5
38,59,20,37,59
39,52,3,37,30
40,57,40,18,45
41,19,46,28,36
42,7,31,53,45
43,53,43,61,59
44,54,12,6,41
45,3,43,11,0
46,48,40,54,3
47,3,53,28,21
48,28,48,27,45
49,48,3,32,49
50,21,40,35,44
51,28,54,21,54
52,24,37,39,24
53,26,51,25,27
54,35,31,41,38
55,56,41,35,58
56,6,15,46,11
57,44,1,48,55
58,44,53,22,37
59,45,53,3,23
60,17,13,50,14
61,11,29,60,52
62,48,22,48,19
63,19,6,13,56
64,41,38,25,23
65,55,3,31,43
66,18,54,21,24
67,19,43,50,22
68,17,17,40,61
69,7,15,10,60
70,17,2,45,41
71,40,36,55,22
72,50,6,23,36
73,34,51,13,9
74,9,0,47,22
75,40,39,19,57
76,3,59,42,46
77,49,7,7,39
78,28,63,54,13
79,6,1,57,6
80,17,19,54,37
81,10,61,46,30
82,39,52,8,56
83,23,16,54,50
84,60,1,16,17
85,48,26,55,12
86,45,29,47,28
87,35,14,36,36
88,36,39,26,3
89,42,42,11,20
90,52,31,24,23
91,61,40,35,36
92,61,16,55,17
93,0,23,57,18
94,4,11,4,20
95,14,17,52,61
96,11,5,26,7
97,62,62,52,38
98,56,43,2,3
99,61,61,0,11
100,47,18,30,35
101,55,7,63,30
102,16,14,15,7
103,57,38,48,15
104,23,35,7,34
105,35,53,27,46
106,21,28,51,36
107,13,50,12,52
108,21,33,29,7
109,63,22,4,37
110,52,63,43,26
111,11,48,17,44
112,51,30,17,22
113,15,39,12,1
114,31,37,45,25
115,22,56,25,6
116,42,44,27,2
117,59,34,19,48
118,39,54,41,19
119,24,47,1,1
120,22,25,50,38
121,0,33,0,19
122,40,24,56,61
123,59,47,53,9
124,56,11,25,16
125,41,23,20,30
126,44,38,7,40
127,9,47,29,13
128,20,49,1,9
129,62,17,51,48
130,6,49,37,44
131,13,42,32,52
132,11,41,30,16
133,32,43,52,16
134,10,31,18,55
135,9,16,31,4
136,0,26,55,39
137,63,42,37,52
138,8,26,9,42
139,34,32,33,33
140,47,19,49,23
141,60,63,57,16
142,12,3,29,17
143,34,11,3,53
144,27,32,5,28
145,33,38,5,0
