4
Grid:
64,64
................................................................
................................................................
................................................................
................................................................
................................................................
................................................................
................................................................
................................................................
................................................................
................................................................
................................................................
................................................................
................................................................
................................................................
................................................................
................................................................
................................................................
................................................................
................................................................
................................................................
................................................................
................................................................
................................................................
................................................................
................................................................
................................................................
................................................................
................................................................
................................................................
................................................................
................................................................
................................................................
................................................................
................................................................
................................................................
................................................................
................................................................
................................................................
................................................................
................................................................
................................................................
................................................................
................................................................
................................................................
................................................................
................................................................
................................................................
................................................................
................................................................
................................................................
................................................................
................................................................
................................................................
................................................................
................................................................
................................................................
................................................................
................................................................
................................................................
................................................................
................................................................
................................................................
................................................................
................................................................
Agents:
40
0,48,9,50,21
1,40,9,56,61
2,3,60,53,27
3,44,61,28,56
4,41,62,59,1
5,12,21,22,50
6,31,37,61,25
7,18,53,23,54
8,62,51,56,62
9,59,21,13,45
10,53,53,14,3
11,36,20,63,50
12,28,17,29,20
13,43,31,63,61
14,29,2,13,8
15,5,1,32,41
16,1,16,7,5
17,57,51,8,51
18,28,58,62,25
19,48,61,5,27
20,55,28,14,49
21,16,27,35,22
22,19,49,1,14
23,29,31,25,31
24,8,46,17,37
25,46,18,39,55
26,11,59,61,58
27,37,19,39,23
28,45,49,38,59
29,19,34,32,4
30,18,10,11,29
31,33,9,39,1
32,16,29,16,42
33,35,1,52,62
34,59,11,6,16
35,23,0,56,25
36,37,56,60,40
37,61,8,39,52
38,4,1,10,48
39,62,54,10,11
