4
Grid:
64,64
................................................................
................................................................
................................................................
................................................................
................................................................
................................................................
................................................................
................................................................
................................................................
................................................................
................................................................
................................................................
................................................................
................................................................
................................................................
................................................................
................................................................
................................................................
................................................................
................................................................
................................................................
................................................................
................................................................
................................................................
................................................................
................................................................
................................................................
................................................................
................................................................
................................................................
................................................................
................................................................
................................................................
................................................................
................................................................
................................................................
................................................................
................................................................
................................................................
................................................................
................................................................
................................................................
................................................................
................................................................
................................................................
................................................................
................................................................
................................................................
................................................................
................................................................
................................................................
................................................................
................................................................
................................................................
................................................................
................................................................
................................................................
................................................................
................................................................
................................................................
................................................................
................................................................
................................................................
................................................................
Agents:
32
0,57,52,4,20
1,34,11,45,52
2,33,26,6,29
3,29,47,17,26
4,42,40,8,47
5,43,43,28,13
6,51,21,39,19
7,8,7,62,31
8,42,47,18,12
9,7,49,32,17
10,44,16,25,16
11,60,2,12,18
12,58,18,55,46
13,9,24,59,34
14,50,28,48,1
15,50,1,37,59
16,18,18,0,11
17,6,13,11,33
18,11,36,19,49
19,59,57,40,30
20,20,53,59,13
21,0,23,51,62
22,0,24,9,11
23,53,8,32,39
24,61,18,19,44
25,0,20,23,26
26,17,15,48,11
27,52,41,15,26
28,55,32,2,49
29,17,4,62,49
30,61,13,11,20
31,54,42,11,29
