4
Grid:
64,64
................................................................
................................................................
................................................................
................................................................
................................................................
................................................................
................................................................
................................................................
................................................................
................................................................
................................................................
................................................................
................................................................
................................................................
................................................................
................................................................
................................................................
................................................................
................................................................
................................................................
................................................................
................................................................
................................................................
................................................................
................................................................
................................................................
................................................................
................................................................
................................................................
................................................................
................................................................
................................................................
................................................................
................................................................
................................................................
................................................................
................................................................
................................................................
................................................................
................................................................
................................................................
................................................................
................................................................
................................................................
................................................................
................................................................
................................................................
................................................................
................................................................
................................................................
................................................................
................................................................
................................................................
................................................................
................................................................
................................................................
................................................................
................................................................
................................................................
................................................................
................................................................
................................................................
................................................................
................................................................
Agents:
96
0,31,59,45,5
1,24,59,33,59
2,62,49,43,27
3,54,11,34,45
4,47,32,58,37
5,2,4,3,45
6,2,49,32,41
7,45,46,35,53
8,28,8,48,6
9,38,45,2,47
10,34,49,57,23
11,22,8,41,24
12,38,63,49,48
13,16,23,44,22
14,26,59,30,48
15,57,47,18,2
16,63,27,7,29
17,44,45,33,26
18,17,16,54,24
19,18,10,14,54
20,27,8,35,17
21,10,28,20,38
22,21,25,38,1
23,41,61,30,23
24,8,31,51,50
25,42,0,6,58
26,19,13,42,18
27,3,46,51,41
28,36,16,41,51
29,20,62,33,57
30,32,30,25,19
31,48,51,53,55
32,38,19,46,47
33,4,39,54,15
34,4,0,1,26
35,28,12,25,1
36,53,28,63,18
37,18,26,24,36
38,39,58,10,61
39,51,12,28,18
40,21,18,19,58
41,15,58,34,31
42,17,57,19,35
43,27,49,20,8
44,24,62,53,61
45,8,1,55,3
46,59,19,19,41
47,41,60,43,53
48,24,22,11,21
49,53,1,38,37
50,21,2,39,14
51,57,7,61,38
52,3,29,46,23
53,10,55,2,26
54,58,41,42,23
55,7,42,16,31
56,29,7,37,10
57,40,13,30,46
58,14,53,47,63
59,33,44,51,12
60,55,18,26,33
61,14,6,6,47
62,55,27,2,9
63,16,33,6,25
64,50,22,58,50
65,1,16,0,34
66,4,49,31,43
67,25,7,40,34
68,55,51,60,5
69,47,36,19,26
70,54,47,23,23
71,54,30,57,50
72,36,52,25,44
73,42,28,29,1
74,46,34,35,29
75,52,8,55,10
76,10,2,12,61
77,51,50,25,25
78,16,39,10,28
79,13,40,4,39
80,5,36,26,40
81,39,54,17,20
82,37,43,51,8
83,16,22,21,7
84,52,6,53,46
85,61,46,4,54
86,61,19,24,39
87,28,31,34,5
88,15,24,3,22
89,55,28,6,45
90,55,22,28,16
91,39,31,20,19
92,28,59,22,16
93,39,53,38,42
94,30,38,0,35
95,55,16,22,33
