0
Grid:
64,64
................................................................
................................................................
................................................................
................................................................
................................................................
................................................................
................................................................
................................................................
................................................................
................................................................
................................................................
................................................................
................................................................
................................................................
................................................................
................................................................
................................................................
................................................................
................................................................
................................................................
................................................................
................................................................
................................................................
................................................................
................................................................
................................................................
................................................................
................................................................
................................................................
................................................................
................................................................
................................................................
................................................................
................................................................
................................................................
................................................................
................................................................
................................................................
................................................................
................................................................
................................................................
................................................................
................................................................
................................................................
................................................................
................................................................
................................................................
................................................................
................................................................
................................................................
................................................................
................................................................
................................................................
................................................................
................................................................
................................................................
................................................................
................................................................
................................................................
................................................................
................................................................
................................................................
................................................................
................................................................
Agents:
122
0,48,2,58,1
1,30,57,22,43
2,63,19,8,4
3,55,3,38,12
4,4,15,45,36
5,60,19,56,22
6,52,10,6,40
7,36,39,61,41
8,19,12,25,11
9,18,37,62,25
10,5,39,63,35
11,52,52,47,9
12,17,60,34,49
13,3,15,34,25
14,32,25,34,28
15,22,60,56,28
16,13,37,33,33
17,18,33,28,14
18,40,25,0,8
19,45,49,22,18
20,59,9,14,13
21,30,38,30,35
22,2,17,36,36
23,43,40,27,35
24,49,49,22,58
25,37,41,43,21
26,19,0,19,9
27,7,9,6,0
28,14,42,60,13
29,40,3,55,7
30,16,40,14,52
31,34,43,20,61
32,57,63,15,49
33,6,14,11,10
34,62,58,18,0
35,30,33,25,61
36,42,59,5,11
37,8,14,40,56
38,49,63,33,19
39,16,27,62,58
40,30,47,62,26
41,52,44,31,46
42,41,12,20,10
43,29,9,10,58
44,19,62,33,46
45,48,41,2,10
46,33,19,39,33
47,38,51,54,62
48,45,3,20,41
49,11,28,56,26
50,48,45,37,54
51,50,43,56,33
52,10,49,55,57
53,22,12,46,27
54,0,0,18,49
55,57,41,54,6
56,50,52,54,25
57,10,51,44,56
58,54,12,44,43
59,22,58,20,26
60,48,46,10,8
61,48,0,59,26
62,9,53,57,34
63,0,22,27,12
64,20,21,60,62
65,32,45,38,48
66,42,48,28,7
67,60,8,56,43
68,34,55,6,12
69,53,17,32,22
70,8,19,28,2
71,4,7,18,32
72,54,44,28,22
73,8,51,42,13
74,60,32,21,46
75,44,16,61,34
76,43,2,12,29
77,61,50,16,61
78,33,21,29,50
79,55,43,7,11
80,31,12,49,59
81,52,62,42,7
82,10,25,56,2
83,54,46,29,3
84,42,30,62,60
85,4,30,36,5
86,38,29,1,53
87,59,2,9,60
88,62,19,5,38
89,14,33,23,39
90,24,0,57,41
91,0,35,51,5
92,8,40,62,5
93,51,9,18,47
94,39,13,26,36
95,6,53,53,5
96,26,28,50,54
97,51,56,11,41
98,18,56,54,57
99,34,47,26,20
100,60,14,51,21
101,54,14,13,31
102,11,12,33,40
103,27,31,59,18
104,54,31,49,26
105,22,29,45,7
106,49,22,3,16
107,19,31,42,9
108,11,17,10,51
109,53,33,12,43
110,38,44,22,12
111,7,29,54,55
112,24,15,13,23
113,4,9,49,7
114,41,3,43,29
115,48,6,39,22
116,49,31,8,19
117,36,10,41,11
118,9,50,3,4
119,23,60,34,15
120,12,19,57,39
121,19,8,56,16
