2
Grid:
64,64
................................................................
................................................................
................................................................
................................................................
................................................................
................................................................
................................................................
................................................................
................................................................
................................................................
................................................................
................................................................
................................................................
................................................................
................................................................
................................................................
................................................................
................................................................
................................................................
................................................................
................................................................
................................................................
................................................................
................................................................
................................................................
................................................................
................................................................
................................................................
................................................................
................................................................
................................................................
................................................................
................................................................
................................................................
................................................................
................................................................
................................................................
................................................................
................................................................
................................................................
................................................................
................................................................
................................................................
................................................................
................................................................
................................................................
................................................................
................................................................
................................................................
................................................................
................................................................
................................................................
................................................................
................................................................
................................................................
................................................................
................................................................
................................................................
................................................................
................................................................
................................................................
................................................................
................................................................
................................................................
Agents:
136
0,4,60,29,37
1,31,60,36,51
2,31,43,33,43
3,29,56,40,27
4,55,46,16,25
5,39,58,29,53
6,42,43,57,33
7,31,59,9,53
8,34,14,62,5
9,17,5,51,26
10,30,51,12,50
11,36,26,45,40
12,39,55,58,2
13,12,19,49,43
14,57,29,62,41
15,31,52,12,34
16,44,50,16,18
17,40,32,38,62
18,13,7,49,10
19,11,0,40,15
20,41,15,52,48
21,14,1,53,36
22,57,41,46,1
23,59,10,37,31
24,30,59,50,1
25,38,55,30,37
26,20,43,59,46
27,8,17,23,2
28,23,4,5,5
29,20,39,63,7
30,30,10,11,8
31,62,25,14,48
32,14,51,10,13
33,14,55,1,42
34,3,63,33,55
35,46,27,42,30
36,2,17,43,4
37,27,14,37,4
38,36,35,5,12
39,33,62,31,13
40,59,2,48,52
41,52,62,44,41
42,55,39,50,37
43,31,1,12,31
44,42,23,13,51
45,8,8,60,55
46,50,35,13,20
47,33,31,22,10
48,17,52,3,34
49,50,5,55,35
50,27,4,22,33
51,7,31,52,18
52,12,11,38,27
53,52,3,44,25
54,15,57,4,16
55,44,52,22,30
56,34,22,22,0
57,43,27,48,6
58,21,0,13,24
59,34,39,30,55
60,19,12,43,34
61,12,44,61,52
62,54,37,33,13
63,40,31,49,4
64,47,60,59,4
65,61,48,57,48
66,48,27,25,63
67,34,55,41,43
68,59,21,38,15
69,49,44,44,21
70,50,27,56,2
71,49,49,38,47
72,42,20,2,61
73,38,28,17,22
74,55,6,7,38
75,9,17,34,4
76,17,11,27,33
77,50,15,59,11
78,55,27,1,22
79,40,39,48,27
80,34,21,17,5
81,20,19,20,61
82,60,59,39,32
83,3,6,44,20
84,52,52,39,46
85,32,0,12,4
86,14,54,23,8
87,52,56,22,7
88,26,27,29,39
89,1,33,24,30
90,63,11,55,46
91,39,41,61,42
92,51,44,12,36
93,30,37,55,61
94,41,19,53,50
95,63,32,30,6
96,44,10,30,13
97,9,29,43,63
98,6,30,4,54
99,53,46,30,16
100,17,31,2,25
101,40,3,15,11
102,37,8,54,62
103,2,27,55,30
104,22,57,50,13
105,52,28,36,6
106,25,6,54,11
107,40,23,42,58
108,45,43,30,19
109,31,15,23,43
110,29,30,57,52
111,29,32,7,7
112,52,0,8,39
113,19,3,59,0
114,45,23,60,20
115,49,60,13,25
116,38,18,20,35
117,16,31,42,50
118,35,36,0,57
119,3,42,53,41
120,41,3,13,10
121,14,47,22,11
122,31,35,0,9
123,6,37,44,61
124,34,49,48,12
125,47,27,55,38
126,62,37,2,15
127,17,51,9,27
128,1,7,16,0
129,14,37,11,63
130,46,63,7,21
131,8,56,52,43
132,53,6,31,42
133,54,8,47,4
134,52,8,41,31
135,40,53,12,18
