1
Grid:
64,64
................................................................
................................................................
................................................................
................................................................
................................................................
................................................................
................................................................
................................................................
................................................................
................................................................
................................................................
................................................................
................................................................
................................................................
................................................................
................................................................
................................................................
................................................................
................................................................
................................................................
................................................................
................................................................
................................................................
................................................................
................................................................
................................................................
................................................................
................................................................
................................................................
................................................................
................................................................
................................................................
................................................................
................................................................
................................................................
................................................................
................................................................
................................................................
................................................................
................................................................
................................................................
................................................................
................................................................
................................................................
................................................................
................................................................
................................................................
................................................................
................................................................
................................................................
................................................................
................................................................
................................................................
................................................................
................................................................
................................................................
................................................................
................................................................
................................................................
................................................................
................................................................
................................................................
................................................................
................................................................
Agents:
62
0,20,36,22,33
1,20,9,53,14
2,36,26,40,17
3,41,5,59,50
4,63,59,52,45
5,54,23,57,8
6,19,23,28,45
7,27,20,6,47
8,28,37,18,16
9,51,6,24,21
10,40,36,39,33
11,62,1,21,14
12,45,13,47,18
13,55,37,11,24
14,10,60,43,55
15,33,13,62,6
16,23,52,61,43
17,34,26,35,0
18,45,35,5,3
19,2,43,60,32
20,39,49,28,16
21,48,27,24,41
22,21,60,61,31
23,6,62,1,54
24,29,14,12,60
25,50,44,7,55
26,40,41,28,38
27,45,48,35,22
28,38,19,38,17
29,27,23,4,22
30,35,4,2,55
31,58,3,41,28
32,26,41,3,33
33,63,30,61,16
34,53,0,27,36
35,39,56,62,11
36,35,7,46,39
37,30,55,10,49
38,51,34,39,49
39,44,49,13,2
40,7,57,32,60
41,8,60,19,37
42,9,53,54,37
43,37,46,23,6
44,7,50,33,18
45,52,26,54,41
46,8,43,28,51
47,8,35,31,46
48,54,45,59,14
49,1,44,54,36
50,61,39,3,41
51,9,28,41,58
52,38,57,26,58
53,9,32,7,45
54,11,54,13,37
55,60,3,56,56
56,39,42,45,18
57,16,41,55,24
58,59,61,36,13
59,57,37,38,6
60,3,17,40,62
61,23,2,8,5
