3
Grid:
64,64
................................................................
................................................................
................................................................
................................................................
................................................................
................................................................
................................................................
................................................................
................................................................
................................................................
................................................................
................................................................
................................................................
................................................................
................................................................
................................................................
................................................................
................................................................
................................................................
................................................................
................................................................
................................................................
................................................................
................................................................
................................................................
................................................................
................................................................
................................................................
................................................................
................................................................
................................................................
................................................................
................................................................
................................................................
................................................................
................................................................
................................................................
................................................................
................................................................
................................................................
................................................................
................................................................
................................................................
................................................................
................................................................
................................................................
................................................................
................................................................
................................................................
................................................................
................................................................
................................................................
................................................................
................................................................
................................................................
................................................................
................................................................
................................................................
................................................................
................................................................
................................................................
................................................................
................................................................
................................................................
Agents:
228
0,56,14,25,8
1,22,27,50,59
2,46,15,63,9
3,52,33,29,31
4,46,31,30,13
5,22,2,39,59
6,50,52,3,46
7,4,47,40,14
8,6,62,31,15
9,53,46,32,13
10,62,47,63,1
11,17,61,60,37
12,25,5,27,46
13,10,12,61,59
14,59,1,25,62
15,8,12,18,34
16,62,7,44,49
17,62,17,47,60
18,8,1,19,18
19,33,15,35,20
20,46,1,20,45
21,29,44,16,7
22,14,26,58,2
23,53,10,21,45
24,43,5,48,63
25,51,1,62,52
26,38,53,46,4
27,40,9,62,50
28,60,24,59,7
29,2,40,31,63
30,4,40,61,57
31,38,44,41,32
32,23,9,13,35
33,3,43,22,61
34,53,50,60,3
35,39,5,27,37
36,29,37,58,45
37,63,61,4,29
38,17,37,27,23
39,46,62,31,40
40,16,0,51,44
41,32,53,33,3
42,14,6,54,47
43,37,8,43,20
44,31,53,1,57
45,21,47,50,45
46,63,56,25,37
47,11,6,59,47
48,27,49,18,17
49,21,5,28,50
50,22,10,62,57
51,20,57,20,38
52,30,45,1,48
53,36,1,26,27
54,53,42,12,41
55,55,23,23,21
56,42,3,7,40
57,24,4,36,61
58,7,48,56,2
59,30,16,8,19
60,35,59,41,6
61,11,0,62,8
62,29,56,40,49
63,6,36,52,51
64,26,57,41,58
65,33,32,43,24
66,15,41,27,35
67,40,6,14,0
68,44,39,32,48
69,22,32,38,61
70,34,36,43,44
71,19,52,33,22
72,61,61,43,30
73,4,59,55,15
74,32,6,17,27
75,62,42,57,1
76,18,5,57,38
77,33,27,61,39
78,62,20,61,18
79,27,38,23,19
80,39,63,56,33
81,38,59,13,49
82,8,23,57,6
83,7,0,43,34
84,26,17,24,6
85,23,32,28,26
86,26,61,18,35
87,39,23,10,16
88,2,32,31,25
89,51,10,10,23
90,3,19,44,19
91,59,55,22,62
92,13,10,45,7
93,7,12,41,29
94,7,24,9,62
95,11,48,54,8
96,57,34,39,40
97,61,23,44,6
98,43,38,55,40
99,53,4,43,19
100,33,14,36,2
101,47,29,36,14
102,15,21,38,45
103,23,34,14,1
104,51,39,22,51
105,17,59,37,57
106,51,28,5,10
107,60,19,57,48
108,0,17,12,36
109,10,61,7,60
110,56,13,56,44
111,9,63,59,35
112,21,42,59,22
113,4,11,3,56
114,1,15,1,54
115,43,27,63,63
116,42,46,44,1
117,41,53,13,1
118,36,29,27,6
119,39,55,3,15
120,51,36,36,48
121,25,32,5,44
122,6,15,40,25
123,61,29,13,51
124,38,42,37,18
125,23,26,45,29
126,28,56,42,23
127,11,19,7,43
128,7,37,61,45
129,17,11,58,9
130,33,36,1,18
131,59,54,35,41
132,17,4,57,45
133,50,6,26,16
134,46,34,9,16
135,41,18,14,25
136,9,20,8,42
137,52,41,14,44
138,57,6,23,38
139,45,38,15,50
140,37,22,48,20
141,56,16,46,45
142,63,49,51,43
143,35,22,15,45
144,48,52,43,60
145,21,1,38,50
146,38,39,35,34
147,3,53,39,34
148,36,16,22,30
149,61,56,56,36
150,42,31,45,12
151,59,52,0,61
152,49,10,1,29
153,46,55,14,42
154,30,27,52,10
155,54,1,43,43
156,56,42,58,58
157,37,11,6,50
158,43,43,28,31
159,54,31,25,29
160,32,28,28,36
161,22,57,60,49
162,12,39,25,52
163,43,33,45,30
164,16,63,35,52
165,4,41,23,63
166,8,52,24,15
167,60,6,63,27
168,27,4,14,27
169,2,44,40,57
170,55,20,5,36
171,9,60,17,44
172,1,55,44,12
173,9,57,45,8
174,25,29,45,61
175,24,14,10,5
176,39,9,46,59
177,30,12,47,0
178,38,30,10,19
179,23,12,32,33
180,56,4,62,14
181,48,39,56,12
182,11,1,13,29
183,28,52,13,8
184,36,2,12,38
185,58,56,13,55
186,30,47,21,46
187,31,25,51,12
188,54,10,54,52
189,15,42,3,0
190,27,45,54,16
191,61,25,28,40
192,28,22,45,4
193,22,54,6,6
194,5,25,9,56
195,61,49,2,4
196,14,34,44,61
197,7,34,11,35
198,46,23,6,58
199,1,36,12,42
200,42,6,40,22
201,6,46,19,28
202,43,47,60,11
203,45,13,3,55
204,40,12,22,41
205,61,14,8,25
206,40,0,14,21
207,34,22,45,10
208,10,53,62,25
209,46,11,32,18
210,4,9,54,37
211,29,25,16,28
212,32,61,26,10
213,17,19,48,23
214,28,55,59,43
215,41,55,55,11
216,3,54,53,29
217,18,45,16,59
218,42,38,43,36
219,8,56,45,2
220,48,48,11,62
221,52,13,41,36
222,27,13,20,5
223,63,48,57,18
224,23,57,18,30
225,44,26,3,60
226,53,31,20,58
227,1,61,63,0
