3
Grid:
64,64
................................................................
................................................................
................................................................
................................................................
................................................................
................................................................
................................................................
................................................................
................................................................
................................................................
................................................................
................................................................
................................................................
................................................................
................................................................
................................................................
................................................................
................................................................
................................................................
................................................................
................................................................
................................................................
................................................................
................................................................
................................................................
................................................................
................................................................
................................................................
................................................................
................................................................
................................................................
................................................................
................................................................
................................................................
................................................................
................................................................
................................................................
................................................................
................................................................
................................................................
................................................................
................................................................
................................................................
................................................................
................................................................
................................................................
................................................................
................................................................
................................................................
................................................................
................................................................
................................................................
................................................................
................................................................
................................................................
................................................................
................................................................
................................................................
................................................................
................................................................
................................................................
................................................................
................................................................
................................................................
Agents:
124
0,55,15,3,30
1,10,17,11,28
2,44,55,22,4
3,39,28,51,36
4,60,7,13,15
5,62,34,53,16
6,58,19,0,30
7,2,47,20,45
8,46,18,35,36
9,58,14,33,40
10,41,12,25,61
11,26,50,36,1
12,18,59,35,28
13,42,58,7,31
14,61,8,10,62
15,32,54,42,27
16,59,56,13,19
17,21,46,62,50
18,56,39,49,30
19,48,47,39,2
20,16,53,46,6
21,12,48,29,9
22,47,32,33,60
23,56,52,24,59
24,0,25,9,27
25,5,11,25,59
26,41,51,13,39
27,37,42,21,37
28,53,23,51,40
29,63,49,60,46
30,13,44,13,14
31,31,52,29,59
32,39,8,59,39
33,38,2,35,7
34,62,20,16,18
35,55,6,18,48
36,34,10,13,63
37,62,52,26,42
38,63,41,32,23
39,2,50,5,2
40,2,54,5,44
41,57,35,35,41
42,2,20,18,45
43,13,8,3,47
44,18,42,2,15
45,56,32,30,10
46,39,62,54,20
47,34,35,21,62
48,21,24,63,49
49,8,39,1,40
50,57,54,35,0
51,54,44,15,62
52,34,62,2,43
53,41,30,23,14
54,53,49,39,33
55,42,11,59,46
56,21,12,28,47
57,46,23,40,46
58,51,59,1,13
59,50,18,36,18
60,59,30,17,7
61,47,19,6,2
62,27,22,46,50
63,30,35,35,22
64,40,26,56,9
65,30,39,27,2
66,33,26,41,60
67,56,12,51,28
68,63,12,31,16
69,1,3,61,33
70,42,46,21,2
71,18,32,43,6
72,63,45,9,48
73,11,27,38,58
74,16,11,59,1
75,48,26,52,25
76,37,53,34,37
77,44,27,26,8
78,6,34,15,51
79,17,11,44,47
80,32,6,36,8
81,53,27,45,45
82,19,2,53,40
83,20,34,19,6
84,23,38,11,40
85,58,46,21,47
86,39,12,61,52
87,11,14,4,0
88,19,46,50,23
89,10,3,18,9
90,19,29,7,52
91,41,3,53,57
92,2,43,12,8
93,46,28,43,31
94,5,28,33,21
95,59,53,7,40
96,35,36,10,50
97,57,55,16,14
98,13,61,11,14
99,2,17,13,18
100,6,45,47,22
101,51,10,47,45
102,14,32,50,13
103,16,55,61,15
104,15,35,23,6
105,1,28,30,34
106,50,24,15,29
107,49,15,19,16
108,0,63,52,46
109,12,55,38,54
110,28,58,18,51
111,42,4,22,19
112,11,3,9,38
113,19,20,51,17
114,1,22,16,20
115,43,57,33,54
116,61,37,16,59
117,41,31,42,10
118,35,11,7,49
119,29,14,14,57
120,12,14,41,40
121,13,24,23,54
122,52,7,41,31
123,49,32,1,28
