2
Grid:
64,64
................................................................
................................................................
................................................................
................................................................
................................................................
................................................................
................................................................
................................................................
................................................................
................................................................
................................................................
................................................................
................................................................
................................................................
................................................................
................................................................
................................................................
................................................................
................................................................
................................................................
................................................................
................................................................
................................................................
................................................................
................................................................
................................................................
................................................................
................................................................
................................................................
................................................................
................................................................
................................................................
................................................................
................................................................
................................................................
................................................................
................................................................
................................................................
................................................................
................................................................
................................................................
................................................................
................................................................
................................................................
................................................................
................................................................
................................................................
................................................................
................................................................
................................................................
................................................................
................................................................
................................................................
................................................................
................................................................
................................................................
................................................................
................................................................
................................................................
................................................................
................................................................
................................................................
................................................................
................................................................
Agents:
146
0,0,18,19,60
1,55,36,13,55
2,28,4,41,46
3,15,11,55,16
4,24,38,56,46
5,63,18,11,24
6,2,36,25,46
7,15,13,9,17
8,45,26,54,57
9,7,29,10,41
10,55,0,54,55
11,8,35,40,34
12,33,49,7,42
13,49,1,50,32
14,18,31,44,14
15,4,55,41,27
16,29,62,38,12
17,32,4,33,38
18,57,10,59,39
19,56,21,46,59
20,11,42,34,18
21,49,8,21,16
22,6,26,24,58
23,6,50,44,12
24,3,0,20,2
25,12,46,12,26
26,42,28,42,58
27,30,63,55,34
28,9,19,38,43
29,3,43,11,30
30,18,13,30,35
31,56,56,50,61
32,34,7,36,4
33,52,3,0,8
34,3,10,9,14
35,20,34,44,13
36,34,49,5,0
37,18,12,50,23
38,15,63,11,34
39,28,7,7,53
40,42,63,32,48
41,61,18,14,16
42,19,21,42,1
43,13,0,29,8
44,32,33,35,45
45,58,38,15,14
46,7,12,35,20
47,2,61,37,26
48,50,56,31,7
49,38,63,8,2
50,37,3,62,49
51,46,56,17,0
52,43,41,19,18
53,12,56,22,50
54,10,17,52,20
55,48,10,58,34
56,54,60,31,36
57,1,19,30,5
58,15,38,43,56
59,37,13,62,56
60,58,52,32,13
61,35,34,50,9
62,16,46,15,32
63,26,21,18,56
64,46,20,31,17
65,26,22,20,54
66,24,29,22,53
67,33,39,1,26
68,17,5,63,45
69,38,42,5,9
70,8,20,23,16
71,54,14,44,30
72,48,47,5,4
73,47,11,32,9
74,11,47,22,44
75,45,11,17,43
76,19,25,39,29
77,4,48,13,59
78,31,11,24,29
79,39,61,21,7
80,14,55,32,46
81,9,53,56,18
82,55,26,6,23
83,49,24,48,17
84,26,25,3,57
85,2,10,9,36
86,63,58,8,62
87,4,38,49,0
88,62,21,50,8
89,50,32,58,43
90,62,15,37,15
91,9,63,57,63
92,39,15,59,27
93,2,63,19,4
94,25,49,46,52
95,7,5,27,36
96,29,40,14,63
97,27,16,20,50
98,10,0,46,25
99,23,22,42,8
100,62,23,56,57
101,49,49,60,46
102,45,35,47,50
103,12,24,63,36
104,21,30,9,22
105,50,10,14,3
106,25,6,4,47
107,63,63,22,26
108,45,10,14,14
109,14,39,34,63
110,23,50,36,8
111,62,41,50,59
112,18,60,18,48
113,44,22,55,13
114,31,51,49,60
115,27,61,56,31
116,62,28,6,41
117,34,38,2,18
118,29,23,5,40
119,18,3,57,32
120,2,42,7,39
121,41,59,54,19
122,62,61,3,44
123,41,28,18,27
124,35,0,2,35
125,50,47,20,19
126,62,12,12,35
127,24,8,53,23
128,31,48,38,48
129,54,53,12,31
130,57,33,25,17
131,2,52,57,48
132,12,61,60,47
133,36,25,18,12
134,33,22,16,14
135,56,10,6,34
136,36,45,15,5
137,8,3,52,26
138,42,20,16,60
139,16,21,57,44
140,45,3,35,31
141,16,26,59,16
142,11,14,3,36
143,29,21,7,37
144,13,21,7,8
145,55,33,4,19
