2
Grid:
64,64
................................................................
................................................................
................................................................
................................................................
................................................................
................................................................
................................................................
................................................................
................................................................
................................................................
................................................................
................................................................
................................................................
................................................................
................................................................
................................................................
................................................................
................................................................
................................................................
................................................................
................................................................
................................................................
................................................................
................................................................
................................................................
................................................................
................................................................
................................................................
................................................................
................................................................
................................................................
................................................................
................................................................
................................................................
................................................................
................................................................
................................................................
................................................................
................................................................
................................................................
................................................................
................................................................
................................................................
................................................................
................................................................
................................................................
................................................................
................................................................
................................................................
................................................................
................................................................
................................................................
................................................................
................................................................
................................................................
................................................................
................................................................
................................................................
................................................................
................................................................
................................................................
................................................................
................................................................
................................................................
Agents:
52
0,51,31,20,14
1,39,47,9,48
2,22,38,7,28
3,9,18,12,25
4,19,21,29,18
5,9,21,19,9
6,8,59,46,21
7,34,48,3,33
8,42,7,10,24
9,28,55,21,63
10,48,0,55,55
11,26,7,42,42
12,4,11,15,22
13,62,44,18,26
14,17,6,60,31
15,29,51,10,34
16,56,54,0,57
17,37,52,3,28
18,5,29,21,34
19,63,33,34,55
20,10,52,31,19
21,48,58,10,62
22,56,4,10,57
23,57,4,11,11
24,27,52,48,33
25,53,18,45,16
26,63,14,21,10
27,25,50,21,61
28,5,32,39,53
29,42,10,5,18
30,39,29,62,19
31,1,13,21,40
32,56,21,53,46
33,29,18,36,38
34,22,46,39,41
35,43,13,50,29
36,45,60,35,44
37,16,32,54,55
38,14,0,57,35
39,17,57,11,52
40,17,29,30,31
41,16,10,2,56
42,51,42,34,0
43,28,50,14,62
44,47,37,16,32
45,50,52,26,5
46,58,44,24,0
47,51,34,13,29
48,2,35,2,21
49,38,39,15,14
50,46,45,53,62
51,8,40,11,44
