3
Grid:
64,64
................................................................
................................................................
................................................................
................................................................
................................................................
................................................................
................................................................
................................................................
................................................................
................................................................
................................................................
................................................................
................................................................
................................................................
................................................................
................................................................
................................................................
................................................................
................................................................
................................................................
................................................................
................................................................
................................................................
................................................................
................................................................
................................................................
................................................................
................................................................
................................................................
................................................................
................................................................
................................................................
................................................................
................................................................
................................................................
................................................................
................................................................
................................................................
................................................................
................................................................
................................................................
................................................................
................................................................
................................................................
................................................................
................................................................
................................................................
................................................................
................................................................
................................................................
................................................................
................................................................
................................................................
................................................................
................................................................
................................................................
................................................................
................................................................
................................................................
................................................................
................................................................
................................................................
................................................................
................................................................
Agents:
58
0,7,26,44,34
1,12,43,60,41
2,51,44,45,28
3,56,58,25,37
4,55,40,38,25
5,21,43,36,11
6,44,31,10,35
7,17,0,43,20
8,14,46,18,7
9,11,8,50,16
10,33,34,11,10
11,0,53,34,10
12,57,33,60,51
13,16,20,32,18
14,56,10,23,5
15,51,9,10,12
16,52,44,44,45
17,14,35,17,31
18,28,60,26,22
19,33,57,44,42
20,22,16,13,55
21,0,54,36,61
22,10,9,15,15
23,33,5,29,52
24,7,35,7,12
25,47,49,48,13
26,9,10,5,36
27,8,36,51,54
28,26,23,10,44
29,50,18,20,24
30,27,36,9,50
31,1,45,57,35
32,53,11,37,56
33,54,63,13,61
34,16,45,47,25
35,36,17,34,29
36,12,17,51,36
37,49,17,14,61
38,34,9,23,29
39,43,48,47,56
40,0,10,19,51
41,13,21,44,7
42,27,2,14,17
43,0,42,46,57
44,36,41,35,4
45,9,4,14,60
46,10,15,36,18
47,29,50,39,24
48,14,19,59,32
49,1,62,39,61
50,18,33,50,18
51,52,25,22,55
52,63,29,20,8
53,37,55,46,49
54,24,55,52,12
55,2,17,25,61
56,43,1,12,23
57,18,16,50,43
