1
Grid:
64,64
................................................................
................................................................
................................................................
................................................................
................................................................
................................................................
................................................................
................................................................
................................................................
................................................................
................................................................
................................................................
................................................................
................................................................
................................................................
................................................................
................................................................
................................................................
................................................................
................................................................
................................................................
................................................................
................................................................
................................................................
................................................................
................................................................
................................................................
................................................................
................................................................
................................................................
................................................................
................................................................
................................................................
................................................................
................................................................
................................................................
................................................................
................................................................
................................................................
................................................................
................................................................
................................................................
................................................................
................................................................
................................................................
................................................................
................................................................
................................................................
................................................................
................................................................
................................................................
................................................................
................................................................
................................................................
................................................................
................................................................
................................................................
................................................................
................................................................
................................................................
................................................................
................................................................
................................................................
................................................................
Agents:
164
0,46,6,28,16
1,57,43,55,11
2,12,56,0,59
3,11,17,41,14
4,14,15,9,45
5,35,61,43,0
6,10,53,58,12
7,59,53,25,9
8,48,2,10,50
9,3,29,33,25
10,12,10,22,63
11,24,26,27,6
12,44,25,19,12
13,51,35,49,18
14,36,23,24,14
15,9,12,25,8
16,16,15,13,28
17,56,48,6,2
18,56,41,1,28
19,14,58,50,16
20,6,9,16,42
21,54,25,56,0
22,17,35,14,27
23,55,6,43,29
24,9,17,29,2
25,33,59,36,61
26,0,7,27,27
27,63,35,47,6
28,45,30,35,16
29,62,51,54,1
30,5,40,38,49
31,45,54,6,23
32,6,23,45,6
33,45,58,55,0
34,60,11,29,26
35,61,7,31,3
36,51,8,19,41
37,23,3,29,57
38,20,63,34,21
39,9,9,8,37
40,33,45,26,40
41,26,19,34,61
42,53,14,43,63
43,11,9,46,50
44,16,21,21,53
45,2,26,13,2
46,42,27,55,43
47,53,30,3,9
48,28,63,13,46
49,18,58,44,43
50,53,61,23,55
51,9,62,60,10
52,19,26,41,15
53,7,56,22,61
54,47,60,24,45
55,14,46,25,61
56,21,53,53,34
57,17,24,40,22
58,14,26,26,16
59,0,56,45,11
60,11,36,3,7
61,42,39,42,49
62,9,35,31,48
63,28,23,9,31
64,18,56,10,17
65,39,21,42,44
66,44,14,39,26
67,19,35,2,37
68,35,27,13,13
69,63,27,21,56
70,6,19,17,49
71,25,20,41,46
72,7,20,5,2
73,4,53,56,10
74,10,29,56,30
75,16,2,12,40
76,62,26,35,24
77,47,17,8,23
78,19,34,22,0
79,53,48,63,10
80,62,48,37,13
81,37,55,52,25
82,20,56,2,50
83,1,6,47,28
84,52,50,61,22
85,26,37,25,22
86,50,55,52,53
87,11,21,4,43
88,31,52,16,63
89,30,39,34,24
90,13,53,15,20
91,40,37,46,52
92,23,18,47,59
93,31,2,55,60
94,16,0,35,35
95,38,14,54,12
96,28,21,18,25
97,46,34,11,42
98,63,14,60,4
99,18,61,59,34
100,19,28,40,58
101,40,30,48,50
102,39,24,56,36
103,39,55,42,29
104,5,61,44,49
105,2,0,56,59
106,18,23,12,15
107,35,47,29,30
108,14,47,10,25
109,32,46,50,54
110,39,31,37,31
111,29,52,20,6
112,11,12,55,12
113,9,29,26,48
114,9,41,63,25
115,22,17,51,41
116,33,32,62,39
117,19,48,54,38
118,13,9,31,63
119,61,63,32,58
120,42,40,23,53
121,60,18,1,26
122,61,38,10,10
123,60,5,3,44
124,49,62,18,41
125,19,15,27,47
126,46,36,18,26
127,22,51,57,12
128,63,51,18,48
129,19,27,18,43
130,15,10,36,59
131,45,28,41,2
132,39,49,49,48
133,30,49,12,34
134,3,51,49,35
135,34,4,21,26
136,50,33,42,0
137,3,63,30,12
138,34,10,3,34
139,55,36,40,34
140,15,3,34,56
141,43,11,20,15
142,21,7,52,1
143,34,61,57,61
144,10,31,4,57
145,49,25,48,24
146,54,34,31,38
147,48,32,55,2
148,58,32,52,5
149,8,11,2,41
150,1,62,49,21
151,27,14,62,32
152,29,12,38,24
153,32,22,33,36
154,17,53,3,63
155,60,46,57,34
156,11,11,27,17
157,31,34,45,49
158,7,32,14,50
159,15,32,5,22
160,38,35,0,28
161,1,9,32,55
162,49,35,4,47
163,4,2,0,11
