3
Grid:
64,64
................................................................
................................................................
................................................................
................................................................
................................................................
................................................................
................................................................
................................................................
................................................................
................................................................
................................................................
................................................................
................................................................
................................................................
................................................................
................................................................
................................................................
................................................................
................................................................
................................................................
................................................................
................................................................
................................................................
................................................................
................................................................
................................................................
................................................................
................................................................
................................................................
................................................................
................................................................
................................................................
................................................................
................................................................
................................................................
................................................................
................................................................
................................................................
................................................................
................................................................
................................................................
................................................................
................................................................
................................................................
................................................................
................................................................
................................................................
................................................................
................................................................
................................................................
................................................................
................................................................
................................................................
................................................................
................................................................
................................................................
................................................................
................................................................
................................................................
................................................................
................................................................
................................................................
................................................................
................................................................
Agents:
216
0,9,2,60,26
1,22,11,31,44
2,28,38,28,9
3,15,35,42,28
4,48,13,36,45
5,3,32,36,44
6,12,42,3,55
7,31,11,7,13
8,16,60,15,46
9,57,29,8,56
10,28,32,11,36
11,12,40,50,10
12,63,37,41,61
13,18,63,10,38
14,8,27,5,3
15,47,1,28,48
16,18,23,61,38
17,8,56,3,26
18,61,39,60,40
19,54,41,15,31
20,14,6,61,63
21,45,58,61,50
22,24,10,13,15
23,44,30,60,18
24,29,9,10,47
25,29,16,58,49
26,26,8,10,37
27,29,41,27,25
28,53,46,11,57
29,11,54,39,25
30,19,16,2,26
31,27,20,12,48
32,29,2,20,34
33,13,53,40,58
34,33,39,20,47
35,13,40,55,16
36,5,16,34,58
37,15,21,16,12
38,50,17,12,31
39,15,52,12,14
40,57,52,37,29
41,33,62,57,55
42,61,31,32,46
43,39,10,24,37
44,57,31,33,21
45,2,15,49,57
46,28,63,17,43
47,21,61,12,46
48,42,25,0,3
49,29,22,0,4
50,61,55,33,0
51,60,54,3,51
52,59,53,54,3
53,10,9,18,0
54,56,7,15,10
55,54,35,20,27
56,30,22,11,31
57,46,28,19,62
58,22,61,35,10
59,26,3,2,17
60,59,2,8,15
61,36,62,6,28
62,12,5,14,11
63,58,17,20,57
64,43,25,55,1
65,52,56,51,33
66,55,2,22,61
67,56,43,60,13
68,3,8,30,35
69,20,30,60,47
70,17,49,54,34
71,41,30,54,0
72,48,5,11,3
73,2,54,57,46
74,14,13,41,40
75,2,31,41,37
76,60,57,16,58
77,59,58,23,5
78,17,60,30,61
79,40,4,9,22
80,14,38,49,3
81,28,29,23,6
82,47,37,6,57
83,31,59,11,12
84,38,3,30,63
85,25,14,5,56
86,41,60,57,50
87,49,9,6,34
88,25,5,59,53
89,13,7,54,18
90,3,4,4,27
91,3,29,50,3
92,23,20,26,46
93,60,61,21,34
94,6,62,0,41
95,25,6,37,4
96,31,15,33,22
97,15,42,29,0
98,20,12,27,18
99,46,11,55,23
100,38,7,51,47
101,15,11,13,37
102,52,51,61,52
103,54,63,60,37
104,8,50,35,52
105,33,12,16,38
106,47,33,32,38
107,1,10,49,7
108,35,63,25,16
109,5,27,5,63
110,41,33,53,35
111,52,40,35,57
112,42,18,6,5
113,46,26,4,36
114,45,7,42,55
115,52,12,28,5
116,22,2,53,48
117,32,60,53,22
118,52,55,31,39
119,40,35,10,18
120,30,60,37,46
121,53,20,5,9
122,28,13,41,4
123,23,61,29,27
124,13,4,36,17
125,6,21,16,3
126,6,19,31,9
127,33,5,17,46
128,18,39,57,53
129,32,34,42,26
130,18,1,36,25
131,61,20,36,27
132,53,45,10,48
133,1,5,22,35
134,22,44,7,10
135,22,34,3,19
136,60,44,47,34
137,43,32,39,17
138,11,29,21,59
139,59,49,34,41
140,0,31,63,35
141,6,3,48,24
142,32,27,15,34
143,41,12,35,23
144,22,6,23,36
145,30,2,53,8
146,42,52,43,37
147,22,8,43,53
148,24,41,61,15
149,60,8,41,1
150,62,35,13,47
151,22,53,0,46
152,25,49,12,32
153,27,3,27,48
154,38,19,4,56
155,1,30,1,52
156,13,49,20,29
157,13,37,49,59
158,27,9,9,17
159,21,15,15,27
160,4,58,18,11
161,1,54,63,19
162,10,2,6,10
163,5,17,39,38
164,52,3,33,51
165,58,37,17,27
166,32,35,16,4
167,44,42,61,48
168,1,56,34,8
169,49,19,6,32
170,32,10,32,22
171,50,0,61,24
172,51,56,56,5
173,59,38,47,16
174,28,23,1,54
175,45,36,47,12
176,5,46,23,48
177,30,28,33,23
178,51,34,20,4
179,39,24,39,23
180,62,20,52,58
181,31,12,17,6
182,47,27,38,36
183,61,42,4,60
184,5,34,32,35
185,35,35,48,26
186,24,2,0,1
187,47,58,58,2
188,8,1,11,11
189,3,18,37,41
190,7,30,3,17
191,53,29,50,12
192,21,21,45,50
193,31,49,13,12
194,4,15,3,0
195,54,31,49,23
196,17,24,61,39
197,20,11,43,8
198,42,38,29,45
199,16,23,56,4
200,58,16,53,51
201,32,57,0,39
202,51,10,58,15
203,12,3,61,36
204,63,35,48,29
205,20,50,53,4
206,31,20,11,52
207,16,31,50,39
208,31,1,42,49
209,54,26,4,32
210,60,12,38,14
211,37,53,61,23
212,44,4,34,37
213,17,63,10,43
214,15,34,34,40
215,49,43,35,59
