4
Grid:
64,64
................................................................
................................................................
................................................................
................................................................
................................................................
................................................................
................................................................
................................................................
................................................................
................................................................
................................................................
................................................................
................................................................
................................................................
................................................................
................................................................
................................................................
................................................................
................................................................
................................................................
................................................................
................................................................
................................................................
................................................................
................................................................
................................................................
................................................................
................................................................
................................................................
................................................................
................................................................
................................................................
................................................................
................................................................
................................................................
................................................................
................................................................
................................................................
................................................................
................................................................
................................................................
................................................................
................................................................
................................................................
................................................................
................................................................
................................................................
................................................................
................................................................
................................................................
................................................................
................................................................
................................................................
................................................................
................................................................
................................................................
................................................................
................................................................
................................................................
................................................................
................................................................
................................................................
................................................................
................................................................
Agents:
212
0,50,33,31,59
1,35,7,60,31
2,28,23,24,41
3,42,23,36,9
4,0,44,42,37
5,46,11,7,49
6,9,62,15,59
7,41,10,55,51
8,52,34,3,61
9,31,37,42,36
10,15,47,8,9
11,51,33,21,24
12,60,2,45,37
13,54,20,17,46
14,58,42,5,23
15,62,29,20,39
16,55,18,52,14
17,55,40,16,31
18,7,63,55,37
19,60,19,61,5
20,52,24,12,50
21,40,56,50,63
22,63,15,33,32
23,27,29,60,15
24,47,3,8,62
25,31,7,28,3
26,1,25,54,35
27,8,2,4,19
28,46,1,52,36
29,10,25,43,37
30,33,21,45,43
31,28,22,53,40
32,45,17,61,3
33,20,55,23,53
34,6,0,38,17
35,3,53,20,30
36,38,12,46,12
37,49,54,38,48
38,6,58,30,47
39,33,45,6,2
40,39,25,39,62
41,36,54,9,15
42,11,54,30,13
43,28,29,60,7
44,9,52,36,44
45,58,5,52,56
46,53,35,0,57
47,50,30,53,54
48,59,18,12,61
49,11,46,42,63
50,58,35,25,53
51,22,46,20,25
52,0,42,27,62
53,33,53,26,1
54,40,17,54,15
55,59,51,9,25
56,31,28,37,13
57,50,7,12,63
58,48,37,22,40
59,53,55,28,55
60,5,61,52,37
61,63,2,10,19
62,25,18,20,4
63,59,52,22,63
64,46,51,21,40
65,50,3,15,23
66,2,53,32,5
67,54,32,23,16
68,21,38,24,7
69,53,56,35,52
70,56,7,37,1
71,38,25,20,50
72,49,42,13,30
73,45,21,49,61
74,7,20,60,3
75,57,3,10,34
76,54,4,24,18
77,41,3,16,49
78,43,30,43,62
79,27,21,45,29
80,21,7,46,13
81,4,44,7,3
82,41,46,25,23
83,5,58,52,20
84,47,42,5,44
85,33,14,56,58
86,2,52,41,58
87,25,62,56,50
88,23,38,18,20
89,17,46,10,16
90,36,37,34,4
91,45,26,47,25
92,57,47,32,20
93,13,61,55,19
94,12,50,44,14
95,53,54,53,25
96,10,31,48,58
97,34,49,62,54
98,2,57,39,1
99,47,2,28,63
100,37,51,31,19
101,38,28,32,57
102,51,42,42,54
103,1,1,38,38
104,43,42,26,57
105,44,5,25,28
106,13,45,45,12
107,48,48,56,22
108,25,42,29,46
109,50,58,20,36
110,32,8,52,5
111,46,60,24,44
112,53,43,57,10
113,3,34,52,9
114,18,39,39,43
115,60,29,26,32
116,54,15,5,1
117,9,49,56,7
118,63,16,22,28
119,39,14,56,63
120,46,12,3,29
121,17,34,15,27
122,6,47,58,35
123,41,29,61,39
124,47,50,46,56
125,23,23,20,14
126,6,53,19,54
127,34,28,26,55
128,5,41,8,39
129,39,8,45,46
130,39,31,49,26
131,46,4,14,47
132,45,14,49,42
133,14,62,63,5
134,36,62,30,2
135,49,9,39,5
136,3,35,1,13
137,11,20,33,26
138,54,11,41,6
139,54,5,23,11
140,1,37,33,20
141,50,31,47,58
142,15,36,37,48
143,23,1,31,49
144,45,44,41,3
145,44,22,38,41
146,41,30,1,1
147,39,15,7,19
148,29,13,43,54
149,52,56,53,27
150,33,43,37,35
151,57,48,38,19
152,1,14,17,26
153,20,34,29,15
154,41,13,23,43
155,37,57,27,20
156,6,1,13,28
157,44,15,43,43
158,52,8,50,21
159,54,13,4,11
160,17,55,39,44
161,18,27,23,31
162,31,36,0,0
163,60,60,43,13
164,54,41,2,27
165,23,61,28,17
166,36,22,28,26
167,44,2,15,56
168,30,1,47,8
169,16,53,17,58
170,23,31,3,32
171,7,51,11,0
172,34,7,34,39
173,24,37,6,5
174,35,14,31,35
175,25,43,45,62
176,1,19,58,18
177,26,2,45,22
178,30,38,19,32
179,46,47,14,20
180,37,45,51,44
181,23,59,28,56
182,34,53,41,27
183,61,47,5,17
184,21,41,41,52
185,48,50,34,47
186,56,1,54,39
187,53,49,5,63
188,48,30,32,29
189,56,24,30,25
190,12,22,36,38
191,25,40,60,22
192,16,43,56,15
193,59,16,52,46
194,60,42,60,59
195,36,56,13,58
196,19,32,52,58
197,15,42,14,24
198,7,11,18,22
199,16,44,11,15
200,10,40,46,62
201,16,57,9,48
202,29,38,57,26
203,51,0,4,9
204,29,40,10,55
205,17,63,5,29
206,45,22,46,26
207,35,15,41,12
208,19,47,1,6
209,43,55,2,16
210,58,44,53,63
211,51,43,61,30
