3
Grid:
64,64
................................................................
................................................................
................................................................
................................................................
................................................................
................................................................
................................................................
................................................................
................................................................
................................................................
................................................................
................................................................
................................................................
................................................................
................................................................
................................................................
................................................................
................................................................
................................................................
................................................................
................................................................
................................................................
................................................................
................................................................
................................................................
................................................................
................................................................
................................................................
................................................................
................................................................
................................................................
................................................................
................................................................
................................................................
................................................................
................................................................
................................................................
................................................................
................................................................
................................................................
................................................................
................................................................
................................................................
................................................................
................................................................
................................................................
................................................................
................................................................
................................................................
................................................................
................................................................
................................................................
................................................................
................................................................
................................................................
................................................................
................................................................
................................................................
................................................................
................................................................
................................................................
................................................................
................................................................
................................................................
Agents:
54
0,21,37,16,45
1,60,25,25,39
2,9,40,2,46
3,58,42,58,52
4,44,16,21,24
5,33,20,32,33
6,62,56,27,60
7,56,14,37,52
8,8,15,5,38
9,55,55,50,60
10,29,50,57,23
11,45,55,30,20
12,35,31,33,36
13,45,30,54,32
14,50,58,27,15
15,5,26,19,12
16,14,7,14,60
17,25,19,8,8
18,37,40,9,57
19,62,49,39,30
20,4,22,43,0
21,17,29,55,42
22,14,27,30,10
23,48,51,48,44
24,27,49,43,57
25,19,3,33,25
26,60,16,14,56
27,38,34,24,42
28,55,5,46,22
29,54,42,17,63
30,58,27,51,39
31,55,49,58,56
32,10,7,9,33
33,5,55,49,1
34,31,37,8,21
35,40,32,59,48
36,17,5,52,35
37,50,7,0,39
38,33,15,13,49
39,40,8,50,0
40,47,58,19,24
41,3,1,9,10
42,38,2,22,56
43,29,62,63,50
44,32,54,40,30
45,27,32,22,32
46,50,20,7,52
47,55,40,56,24
48,30,31,36,54
49,19,6,32,0
50,21,56,26,14
51,19,54,33,24
52,8,51,63,22
53,50,54,17,51
