2
Grid:
64,64
................................................................
................................................................
................................................................
................................................................
................................................................
................................................................
................................................................
................................................................
................................................................
................................................................
................................................................
................................................................
................................................................
................................................................
................................................................
................................................................
................................................................
................................................................
................................................................
................................................................
................................................................
................................................................
................................................................
................................................................
................................................................
................................................................
................................................................
................................................................
................................................................
................................................................
................................................................
................................................................
................................................................
................................................................
................................................................
................................................................
................................................................
................................................................
................................................................
................................................................
................................................................
................................................................
................................................................
................................................................
................................................................
................................................................
................................................................
................................................................
................................................................
................................................................
................................................................
................................................................
................................................................
................................................................
................................................................
................................................................
................................................................
................................................................
................................................................
................................................................
................................................................
................................................................
................................................................
................................................................
Agents:
50
0,55,36,15,6
1,57,25,44,58
2,18,37,38,58
3,4,35,56,59
4,36,44,14,37
5,45,33,2,62
6,8,28,53,55
7,35,43,39,49
8,12,57,58,39
9,27,6,58,28
10,37,28,40,25
11,19,7,23,11
12,13,2,12,48
13,34,10,4,5
14,18,4,12,57
15,22,14,12,23
16,43,57,9,60
17,37,40,2,47
18,54,55,27,35
19,56,38,32,12
20,23,15,3,15
21,50,11,59,63
22,16,31,24,44
23,7,13,3,42
24,48,30,59,1
25,39,23,28,59
26,3,44,55,54
27,14,26,3,36
28,17,50,7,44
29,12,16,26,20
30,2,57,51,51
31,21,30,23,27
32,53,15,53,20
33,54,58,32,11
34,52,21,45,5
35,0,53,6,33
36,47,21,6,17
37,41,7,17,51
38,54,46,59,41
39,58,20,33,35
40,26,52,46,51
41,28,63,43,63
42,11,63,53,24
43,43,10,46,35
44,23,4,7,23
45,42,40,35,12
46,35,29,0,49
47,62,19,37,52
48,54,50,22,62
49,42,55,38,4
