4
Grid:
64,64
................................................................
................................................................
................................................................
................................................................
................................................................
................................................................
................................................................
................................................................
................................................................
................................................................
................................................................
................................................................
................................................................
................................................................
................................................................
................................................................
................................................................
................................................................
................................................................
................................................................
................................................................
................................................................
................................................................
................................................................
................................................................
................................................................
................................................................
................................................................
................................................................
................................................................
................................................................
................................................................
................................................................
................................................................
................................................................
................................................................
................................................................
................................................................
................................................................
................................................................
................................................................
................................................................
................................................................
................................................................
................................................................
................................................................
................................................................
................................................................
................................................................
................................................................
................................................................
................................................................
................................................................
................................................................
................................................................
................................................................
................................................................
................................................................
................................................................
................................................................
................................................................
................................................................
................................................................
................................................................
Agents:
190
0,29,34,0,27
1,33,4,1,1
2,7,16,36,35
3,41,22,59,60
4,18,27,53,9
5,49,27,52,42
6,47,46,30,32
7,51,29,32,50
8,49,15,50,44
9,33,37,26,24
10,10,38,13,28
11,19,62,36,7
12,16,23,51,42
13,41,44,21,0
14,41,13,17,23
15,37,43,58,61
16,47,31,12,38
17,20,57,32,29
18,21,15,14,61
19,0,45,47,49
20,60,47,25,52
21,33,53,42,38
22,20,59,60,21
23,22,29,15,44
24,12,42,63,29
25,61,51,55,60
26,63,51,13,49
27,31,55,39,26
28,15,34,28,30
29,52,47,9,6
30,39,61,9,60
31,44,5,36,41
32,54,6,53,35
33,43,16,25,23
34,25,58,34,52
35,8,33,30,31
36,15,51,41,32
37,41,26,29,7
38,4,30,20,56
39,41,20,62,1
40,1,11,4,40
41,32,63,24,6
42,15,49,61,47
43,43,60,35,49
44,0,29,34,59
45,41,50,51,35
46,27,16,39,40
47,6,63,11,22
48,3,27,40,1
49,62,14,26,43
50,16,6,7,21
51,4,18,54,18
52,33,27,20,19
53,35,12,20,35
54,9,4,5,36
55,50,49,9,32
56,57,31,39,61
57,46,27,14,46
58,28,45,43,23
59,53,4,8,10
60,27,47,42,27
61,15,60,12,11
62,16,22,60,56
63,44,42,43,42
64,23,41,30,34
65,32,27,41,57
66,4,59,24,31
67,7,13,54,34
68,29,51,36,16
69,14,30,58,11
70,50,59,63,25
71,42,56,10,15
72,56,60,0,13
73,34,42,2,25
74,34,22,34,7
75,38,57,13,43
76,50,32,11,49
77,54,8,48,29
78,21,36,24,19
79,32,31,42,29
80,44,9,13,57
81,16,30,61,55
82,26,51,27,25
83,20,15,17,43
84,15,1,55,12
85,54,61,45,57
86,60,19,45,37
87,17,24,58,35
88,29,9,18,11
89,28,1,34,12
90,8,1,60,8
91,2,38,15,17
92,40,35,14,42
93,4,63,49,17
94,12,17,52,2
95,30,41,0,15
96,62,19,47,42
97,15,33,6,20
98,39,26,2,48
99,34,46,54,59
100,22,19,4,59
101,6,37,59,58
102,2,53,35,39
103,36,34,16,49
104,54,41,45,63
105,46,12,58,38
106,7,30,57,38
107,23,43,34,13
108,7,42,24,57
109,53,54,17,36
110,46,20,2,42
111,2,61,55,13
112,62,41,27,63
113,4,47,10,56
114,48,3,14,12
115,39,46,48,43
116,42,53,53,49
117,58,29,33,44
118,36,51,7,35
119,63,34,8,7
120,8,34,28,50
121,34,17,21,45
122,34,32,0,26
123,60,35,27,27
124,26,61,47,4
125,36,43,33,14
126,0,2,8,40
127,16,8,5,23
128,54,58,35,47
129,29,7,12,61
130,57,43,30,47
131,36,25,59,16
132,51,34,59,43
133,49,41,2,57
134,6,2,5,47
135,54,11,39,17
136,12,31,50,32
137,26,17,16,26
138,42,30,56,35
139,45,33,62,37
140,21,50,4,47
141,30,59,5,12
142,46,40,17,5
143,36,49,12,31
144,27,46,63,14
145,61,5,27,41
146,4,1,19,26
147,41,55,20,28
148,44,8,58,17
149,44,26,26,8
150,50,48,23,55
151,55,34,27,55
152,53,52,25,39
153,54,48,52,59
154,45,48,38,55
155,11,23,57,40
156,13,60,57,63
157,50,6,53,48
158,13,41,32,44
159,43,10,42,28
160,61,63,21,19
161,14,23,35,34
162,4,49,17,11
163,6,10,46,22
164,54,35,8,38
165,36,33,57,45
166,49,19,41,37
167,46,36,9,49
168,59,59,51,9
169,6,57,45,13
170,50,51,16,22
171,3,42,30,58
172,34,37,15,45
173,55,8,10,30
174,42,3,23,61
175,28,51,63,35
176,34,31,29,33
177,29,3,33,51
178,45,43,61,23
179,58,10,14,53
180,12,41,16,15
181,37,58,46,19
182,14,13,54,55
183,11,17,30,13
184,35,49,5,58
185,23,10,42,49
186,59,36,49,41
187,52,31,26,13
188,57,62,9,17
189,59,19,5,59
