0
Grid:
64,64
................................................................
................................................................
................................................................
................................................................
................................................................
................................................................
................................................................
................................................................
................................................................
................................................................
................................................................
................................................................
................................................................
................................................................
................................................................
................................................................
................................................................
................................................................
................................................................
................................................................
................................................................
................................................................
................................................................
................................................................
................................................................
................................................................
................................................................
................................................................
................................................................
................................................................
................................................................
................................................................
................................................................
................................................................
................................................................
................................................................
................................................................
................................................................
................................................................
................................................................
................................................................
................................................................
................................................................
................................................................
................................................................
................................................................
................................................................
................................................................
................................................................
................................................................
................................................................
................................................................
................................................................
................................................................
................................................................
................................................................
................................................................
................................................................
................................................................
................................................................
................................................................
................................................................
................................................................
................................................................
Agents:
178
0,1,59,10,20
1,54,16,21,19
2,19,25,2,50
3,38,60,25,16
4,41,20,34,51
5,7,22,30,3
6,43,19,27,36
7,26,36,61,52
8,23,9,26,47
9,30,52,23,30
10,48,38,32,33
11,20,32,45,42
12,51,50,20,52
13,29,8,28,44
14,5,52,10,53
15,48,7,23,55
16,41,24,36,28
17,0,58,4,15
18,49,10,13,22
19,58,15,13,15
20,48,49,30,20
21,59,59,37,34
22,28,58,2,37
23,35,17,40,18
24,6,5,9,63
25,25,58,23,2
26,17,34,19,50
27,62,26,17,4
28,38,22,23,35
29,29,32,9,36
30,59,30,41,59
31,55,53,47,1
32,36,63,62,11
33,45,18,46,25
34,18,31,56,55
35,50,13,59,37
36,15,14,62,45
37,4,63,59,48
38,42,25,36,26
39,3,57,24,62
40,15,12,28,27
41,1,63,17,20
42,26,53,16,54
43,53,7,13,38
44,26,38,55,22
45,20,27,46,3
46,45,25,47,46
47,19,17,7,15
48,57,5,51,18
49,23,28,15,62
50,12,16,55,59
51,63,38,42,59
52,19,12,34,35
53,42,3,4,32
54,29,62,29,33
55,47,13,55,17
56,18,35,7,56
57,16,47,37,3
58,28,55,25,54
59,27,46,45,54
60,9,38,28,55
61,56,44,3,57
62,11,23,10,29
63,31,53,55,63
64,59,50,35,2
65,5,36,26,18
66,2,38,49,45
67,44,62,1,2
68,13,27,22,6
69,44,14,39,24
70,11,50,7,57
71,41,27,42,37
72,54,6,16,27
73,8,9,20,20
74,8,36,47,58
75,53,2,21,11
76,42,40,56,8
77,18,38,31,15
78,24,18,27,11
79,26,59,40,62
80,44,52,55,12
81,7,42,53,12
82,57,10,50,19
83,11,44,43,62
84,55,18,18,17
85,33,1,31,39
86,10,13,3,28
87,35,23,24,15
88,60,28,27,29
89,53,4,8,60
90,15,22,29,4
91,45,22,15,22
92,61,3,39,61
93,58,25,17,60
94,19,5,29,47
95,38,58,14,55
96,0,49,8,45
97,33,22,0,25
98,42,62,20,62
99,34,43,59,55
100,59,27,37,36
101,17,54,11,37
102,2,51,25,13
103,55,29,12,57
104,5,59,44,24
105,41,59,18,44
106,29,22,51,54
107,43,21,38,32
108,7,49,32,60
109,44,53,12,44
110,16,49,19,39
111,24,49,62,53
112,43,39,43,26
113,0,25,16,59
114,43,12,19,60
115,44,61,19,13
116,58,9,34,59
117,8,51,48,3
118,4,54,9,1
119,19,9,3,40
120,12,28,29,17
121,20,23,28,29
122,28,42,19,61
123,5,12,26,48
124,14,57,53,7
125,17,44,40,27
126,27,10,39,22
127,2,32,22,44
128,10,27,21,48
129,51,29,49,35
130,50,56,26,29
131,15,43,34,42
132,1,19,40,24
133,13,55,26,32
134,16,17,35,19
135,29,35,41,5
136,41,52,46,22
137,29,1,26,60
138,21,1,62,34
139,10,21,5,3
140,20,30,47,30
141,61,50,11,48
142,44,13,8,20
143,46,62,52,15
144,48,36,28,8
145,43,56,32,30
146,22,46,47,11
147,8,48,2,45
148,41,8,1,5
149,29,13,26,42
150,59,61,30,22
151,28,46,6,59
152,45,1,14,59
153,10,9,31,35
154,16,30,10,51
155,9,19,26,14
156,58,29,24,50
157,63,51,13,2
158,37,15,59,10
159,6,44,9,12
160,37,36,50,47
161,13,59,58,15
162,10,1,22,37
163,57,37,40,60
164,24,1,60,48
165,56,6,51,5
166,35,0,1,47
167,22,61,57,31
168,11,8,32,3
169,17,47,21,22
170,26,34,41,48
171,40,55,51,20
172,36,21,17,50
173,33,42,22,41
174,48,53,17,33
175,35,13,54,41
176,6,15,52,55
177,24,55,42,35
