3
Grid:
64,64
................................................................
................................................................
................................................................
................................................................
................................................................
................................................................
................................................................
................................................................
................................................................
................................................................
................................................................
................................................................
................................................................
................................................................
................................................................
................................................................
................................................................
................................................................
................................................................
................................................................
................................................................
................................................................
................................................................
................................................................
................................................................
................................................................
................................................................
................................................................
................................................................
................................................................
................................................................
................................................................
................................................................
................................................................
................................................................
................................................................
................................................................
................................................................
................................................................
................................................................
................................................................
................................................................
................................................................
................................................................
................................................................
................................................................
................................................................
................................................................
................................................................
................................................................
................................................................
................................................................
................................................................
................................................................
................................................................
................................................................
................................................................
................................................................
................................................................
................................................................
................................................................
................................................................
................................................................
................................................................
Agents:
78
0,36,28,8,56
1,39,61,27,38
2,62,31,10,16
3,56,18,45,26
4,62,7,26,7
5,46,38,21,7
6,10,17,25,0
7,41,59,33,57
8,49,28,25,51
9,37,53,40,0
10,16,46,13,59
11,30,49,22,23
12,7,31,62,53
13,44,18,40,6
14,61,33,30,40
15,29,62,9,0
16,49,31,12,10
17,5,5,47,19
18,63,38,60,39
19,61,20,54,55
20,51,47,18,48
21,33,41,43,51
22,53,63,16,24
23,51,9,26,20
24,34,24,55,9
25,47,17,56,48
26,48,23,17,3
27,62,53,40,25
28,61,54,15,15
29,54,31,33,38
30,50,38,59,22
31,20,28,31,62
32,42,47,11,42
33,52,42,33,24
34,11,35,54,30
35,60,10,3,17
36,31,17,36,29
37,2,32,16,57
38,12,53,43,4
39,59,8,58,57
40,43,34,55,13
41,47,36,36,40
42,50,12,43,29
43,14,26,38,16
44,32,15,39,58
45,8,9,51,53
46,47,30,9,52
47,33,13,40,54
48,26,5,23,31
49,62,6,20,19
50,10,9,22,15
51,62,62,17,15
52,28,36,57,60
53,21,30,33,36
54,41,7,43,18
55,59,46,51,46
56,51,15,18,36
57,54,48,20,34
58,41,29,24,10
59,33,26,27,51
60,10,59,51,11
61,27,51,7,44
62,26,1,57,44
63,47,53,28,36
64,5,7,53,7
65,54,53,38,56
66,61,34,20,11
67,36,49,34,22
68,7,13,37,25
69,26,47,60,15
70,4,2,17,14
71,38,0,7,63
72,14,1,11,33
73,42,17,40,11
74,22,42,47,42
75,27,33,33,28
76,36,47,22,40
77,62,2,39,4
