1
Grid:
64,64
................................................................
................................................................
................................................................
................................................................
................................................................
................................................................
................................................................
................................................................
................................................................
................................................................
................................................................
................................................................
................................................................
................................................................
................................................................
................................................................
................................................................
................................................................
................................................................
................................................................
................................................................
................................................................
................................................................
................................................................
................................................................
................................................................
................................................................
................................................................
................................................................
................................................................
................................................................
................................................................
................................................................
................................................................
................................................................
................................................................
................................................................
................................................................
................................................................
................................................................
................................................................
................................................................
................................................................
................................................................
................................................................
................................................................
................................................................
................................................................
................................................................
................................................................
................................................................
................................................................
................................................................
................................................................
................................................................
................................................................
................................................................
................................................................
................................................................
................................................................
................................................................
................................................................
................................................................
................................................................
Agents:
162
0,36,25,63,26
1,12,39,44,39
2,21,37,4,36
3,21,22,26,50
4,18,17,27,27
5,52,39,62,31
6,43,23,57,39
7,63,48,40,61
8,52,38,43,8
9,51,44,42,49
10,37,12,9,5
11,23,16,48,12
12,2,13,1,39
13,10,31,54,4
14,5,33,60,37
15,13,8,8,36
16,39,15,50,37
17,33,25,56,6
18,55,29,56,44
19,60,38,37,19
20,45,31,61,62
21,49,47,35,51
22,53,40,40,30
23,58,14,62,22
24,37,44,25,49
25,51,30,41,62
26,57,21,35,47
27,19,24,35,25
28,2,59,31,6
29,36,8,1,18
30,26,54,57,59
31,17,48,29,40
32,3,44,50,29
33,63,28,42,6
34,54,38,9,21
35,57,22,12,19
36,42,13,43,3
37,63,5,6,11
38,26,39,11,25
39,27,26,16,54
40,18,60,9,63
41,57,25,62,20
42,46,47,52,27
43,14,18,23,31
44,59,9,54,53
45,23,59,55,1
46,57,51,47,34
47,11,54,19,6
48,14,0,29,55
49,43,9,38,34
50,40,30,43,19
51,24,63,12,7
52,50,28,22,38
53,21,14,32,15
54,61,26,52,34
55,32,10,27,24
56,53,30,29,33
57,61,56,59,28
58,2,20,10,59
59,29,45,42,62
60,33,45,59,17
61,14,62,41,27
62,28,54,54,36
63,1,8,31,52
64,55,26,3,38
65,60,18,15,9
66,49,52,4,39
67,36,57,56,57
68,38,17,39,31
69,59,34,33,11
70,60,44,51,50
71,12,60,28,49
72,26,47,3,25
73,61,44,56,25
74,61,23,56,63
75,43,58,13,12
76,60,42,61,38
77,63,60,55,19
78,42,12,25,2
79,23,34,27,7
80,30,13,50,51
81,24,1,51,5
82,58,3,59,46
83,18,49,52,5
84,24,58,28,16
85,32,17,21,10
86,35,45,0,16
87,56,21,56,14
88,15,33,44,36
89,28,36,19,38
90,38,54,58,60
91,55,57,60,53
92,8,50,3,1
93,17,63,20,0
94,56,47,57,40
95,21,41,46,37
96,22,60,21,62
97,50,53,46,36
98,3,12,45,27
99,63,49,42,36
100,9,8,60,2
101,9,31,52,24
102,16,18,3,30
103,4,21,35,14
104,61,53,18,4
105,5,57,36,3
106,39,34,28,26
107,9,0,37,63
108,59,31,41,9
109,32,25,62,55
110,2,2,14,31
111,30,55,7,28
112,50,22,53,29
113,34,26,40,27
114,30,16,5,55
115,37,53,55,32
116,45,47,3,37
117,47,40,48,2
118,33,62,4,19
119,50,32,55,2
120,35,37,44,19
121,37,52,38,31
122,51,49,2,37
123,57,35,42,10
124,44,38,6,39
125,46,7,2,42
126,41,18,40,20
127,44,58,3,32
128,59,8,61,41
129,51,34,38,10
130,23,53,53,32
131,19,49,13,38
132,52,26,13,3
133,17,19,63,59
134,62,33,47,61
135,30,32,4,4
136,15,62,4,27
137,19,13,16,41
138,48,34,32,39
139,8,48,31,45
140,32,58,42,43
141,36,63,27,31
142,6,38,13,48
143,5,29,44,37
144,59,38,48,14
145,3,50,56,33
146,47,15,24,7
147,8,46,9,36
148,17,52,33,32
149,63,25,58,24
150,32,37,33,3
151,37,11,35,10
152,7,14,53,62
153,55,42,11,37
154,62,31,8,23
155,10,24,63,9
156,63,2,20,51
157,2,29,51,24
158,16,20,9,35
159,42,14,60,60
160,20,52,12,55
161,23,24,36,2
