0
Grid:
64,64
................................................................
................................................................
................................................................
................................................................
................................................................
................................................................
................................................................
................................................................
................................................................
................................................................
................................................................
................................................................
................................................................
................................................................
................................................................
................................................................
................................................................
................................................................
................................................................
................................................................
................................................................
................................................................
................................................................
................................................................
................................................................
................................................................
................................................................
................................................................
................................................................
................................................................
................................................................
................................................................
................................................................
................................................................
................................................................
................................................................
................................................................
................................................................
................................................................
................................................................
................................................................
................................................................
................................................................
................................................................
................................................................
................................................................
................................................................
................................................................
................................................................
................................................................
................................................................
................................................................
................................................................
................................................................
................................................................
................................................................
................................................................
................................................................
................................................................
................................................................
................................................................
................................................................
................................................................
................................................................
Agents:
36
0,22,20,15,30
1,47,41,59,16
2,46,19,36,56
3,20,63,53,38
4,40,10,53,12
5,2,56,1,15
6,25,14,58,12
7,13,59,13,9
8,18,47,48,24
9,15,17,22,27
10,51,8,36,28
11,10,50,60,33
12,31,7,7,1
13,41,15,40,24
14,23,55,54,49
15,40,54,18,63
16,28,46,19,7
17,43,21,38,43
18,58,33,17,25
19,1,33,61,50
20,62,39,6,35
21,3,30,32,14
22,28,62,18,33
23,30,23,23,35
24,31,0,22,59
25,1,47,43,33
26,14,21,63,16
27,51,13,7,10
28,9,61,32,17
29,9,39,23,34
30,42,4,60,41
31,40,48,60,21
32,33,12,8,17
33,28,42,31,8
34,35,55,14,52
35,0,48,40,9
