2
Grid:
64,64
................................................................
................................................................
................................................................
................................................................
................................................................
................................................................
................................................................
................................................................
................................................................
................................................................
................................................................
................................................................
................................................................
................................................................
................................................................
................................................................
................................................................
................................................................
................................................................
................................................................
................................................................
................................................................
................................................................
................................................................
................................................................
................................................................
................................................................
................................................................
................................................................
................................................................
................................................................
................................................................
................................................................
................................................................
................................................................
................................................................
................................................................
................................................................
................................................................
................................................................
................................................................
................................................................
................................................................
................................................................
................................................................
................................................................
................................................................
................................................................
................................................................
................................................................
................................................................
................................................................
................................................................
................................................................
................................................................
................................................................
................................................................
................................................................
................................................................
................................................................
................................................................
................................................................
................................................................
................................................................
Agents:
54
0,53,18,47,33
1,12,14,14,51
2,51,55,36,2
3,33,14,40,24
4,16,55,8,6
5,54,30,51,57
6,45,43,4,12
7,15,27,61,12
8,35,13,14,30
9,24,7,51,58
10,37,20,49,32
11,42,21,31,58
12,30,60,23,18
13,37,6,40,32
14,1,7,1,33
15,59,44,25,35
16,20,42,33,5
17,15,22,61,10
18,47,26,47,47
19,20,57,43,20
20,19,30,39,15
21,47,53,53,17
22,12,23,27,55
23,42,19,10,41
24,40,37,16,57
25,55,11,27,32
26,4,29,33,59
27,15,32,26,61
28,39,54,7,2
29,48,55,0,56
30,17,27,39,5
31,13,9,23,44
32,59,9,7,37
33,10,3,29,4
34,27,56,27,13
35,44,9,51,20
36,56,31,32,20
37,51,6,16,14
38,37,53,42,17
39,8,6,8,46
40,17,18,7,31
41,30,28,14,62
42,15,47,28,37
43,40,54,4,18
44,27,47,44,15
45,47,56,20,13
46,41,29,63,18
47,39,56,60,53
48,17,37,10,26
49,57,3,12,29
50,12,39,34,33
51,55,47,43,50
52,57,46,28,14
53,18,37,14,14
