0
Grid:
64,64
................................................................
................................................................
................................................................
................................................................
................................................................
................................................................
................................................................
................................................................
................................................................
................................................................
................................................................
................................................................
................................................................
................................................................
................................................................
................................................................
................................................................
................................................................
................................................................
................................................................
................................................................
................................................................
................................................................
................................................................
................................................................
................................................................
................................................................
................................................................
................................................................
................................................................
................................................................
................................................................
................................................................
................................................................
................................................................
................................................................
................................................................
................................................................
................................................................
................................................................
................................................................
................................................................
................................................................
................................................................
................................................................
................................................................
................................................................
................................................................
................................................................
................................................................
................................................................
................................................................
................................................................
................................................................
................................................................
................................................................
................................................................
................................................................
................................................................
................................................................
................................................................
................................................................
................................................................
................................................................
Agents:
38
0,51,16,57,16
1,31,53,22,23
2,37,16,7,62
3,14,5,58,32
4,4,6,50,54
5,27,1,17,18
6,15,16,13,56
7,35,57,62,49
8,48,56,2,59
9,31,24,31,5
10,2,36,20,38
11,47,5,43,17
12,11,0,3,47
13,33,50,49,2
14,37,44,20,58
15,61,7,37,27
16,56,33,34,58
17,56,25,2,5
18,8,33,16,21
19,26,29,55,52
20,47,18,57,11
21,43,44,51,51
22,1,50,5,48
23,12,26,40,34
24,3,42,9,46
25,51,21,43,30
26,5,33,48,57
27,32,15,46,12
28,33,25,43,24
29,41,37,51,35
30,47,28,7,30
31,8,20,57,0
32,9,46,9,47
33,23,10,44,61
34,48,14,9,13
35,30,2,23,63
36,41,47,12,63
37,56,2,24,55
