1
Grid:
64,64
................................................................
................................................................
................................................................
................................................................
................................................................
................................................................
................................................................
................................................................
................................................................
................................................................
................................................................
................................................................
................................................................
................................................................
................................................................
................................................................
................................................................
................................................................
................................................................
................................................................
................................................................
................................................................
................................................................
................................................................
................................................................
................................................................
................................................................
................................................................
................................................................
................................................................
................................................................
................................................................
................................................................
................................................................
................................................................
................................................................
................................................................
................................................................
................................................................
................................................................
................................................................
................................................................
................................................................
................................................................
................................................................
................................................................
................................................................
................................................................
................................................................
................................................................
................................................................
................................................................
................................................................
................................................................
................................................................
................................................................
................................................................
................................................................
................................................................
................................................................
................................................................
................................................................
................................................................
................................................................
Agents:
94
0,19,61,52,37
1,19,0,45,36
2,38,42,19,42
3,21,51,6,28
4,4,41,25,24
5,3,42,57,63
6,2,21,28,51
7,30,33,13,26
8,10,16,24,51
9,47,27,48,17
10,55,39,34,6
11,5,34,11,13
12,24,59,61,8
13,8,43,0,51
14,29,39,35,4
15,47,2,10,7
16,51,53,8,44
17,43,39,29,23
18,48,33,6,19
19,56,16,58,25
20,42,57,42,19
21,45,28,43,25
22,54,27,34,23
23,5,14,7,18
24,49,8,3,55
25,40,20,26,3
26,41,62,25,33
27,31,44,13,11
28,56,48,15,11
29,39,43,60,11
30,34,42,55,13
31,22,28,30,61
32,58,1,56,51
33,54,13,30,11
34,42,54,17,61
35,49,40,9,31
36,24,31,42,33
37,49,62,32,31
38,57,40,39,56
39,44,60,20,54
40,54,57,21,27
41,57,21,17,16
42,63,27,6,13
43,24,53,11,55
44,22,62,6,26
45,46,63,3,58
46,58,12,57,29
47,34,16,15,3
48,34,53,11,34
49,37,56,53,29
50,36,59,16,1
51,22,63,29,16
52,59,9,20,45
53,12,32,24,25
54,50,16,10,62
55,4,42,55,45
56,53,40,36,25
57,49,1,38,24
58,28,30,23,14
59,41,0,6,2
60,54,43,13,46
61,7,49,24,36
62,45,11,62,28
63,49,49,16,27
64,27,40,19,37
65,6,55,3,28
66,23,62,17,43
67,21,62,48,1
68,62,63,45,31
69,32,14,3,19
70,40,53,11,28
71,12,30,53,61
72,59,15,63,23
73,23,5,31,14
74,14,33,55,48
75,51,3,23,0
76,11,36,50,57
77,1,56,17,30
78,51,37,62,26
79,18,47,47,19
80,23,27,18,30
81,5,9,16,5
82,10,13,36,50
83,18,55,38,41
84,19,50,43,20
85,2,29,51,33
86,62,26,26,2
87,23,1,6,4
88,30,41,51,36
89,53,29,0,20
90,51,44,45,13
91,35,57,46,29
92,52,2,32,12
93,43,51,28,58
