3
Grid:
64,64
................................................................
................................................................
................................................................
................................................................
................................................................
................................................................
................................................................
................................................................
................................................................
................................................................
................................................................
................................................................
................................................................
................................................................
................................................................
................................................................
................................................................
................................................................
................................................................
................................................................
................................................................
................................................................
................................................................
................................................................
................................................................
................................................................
................................................................
................................................................
................................................................
................................................................
................................................................
................................................................
................................................................
................................................................
................................................................
................................................................
................................................................
................................................................
................................................................
................................................................
................................................................
................................................................
................................................................
................................................................
................................................................
................................................................
................................................................
................................................................
................................................................
................................................................
................................................................
................................................................
................................................................
................................................................
................................................................
................................................................
................................................................
................................................................
................................................................
................................................................
................................................................
................................................................
................................................................
................................................................
Agents:
118
0,27,44,55,52
1,47,62,19,41
2,55,27,63,38
3,49,30,32,24
4,43,45,4,5
5,3,5,45,48
6,58,9,20,50
7,59,24,53,60
8,22,13,58,16
9,44,44,0,37
10,53,58,11,32
11,52,51,26,13
12,43,31,16,4
13,0,14,11,7
14,49,5,34,0
15,37,6,13,44
16,0,45,18,55
17,3,12,22,10
18,62,11,62,56
19,29,26,52,40
20,53,34,48,5
21,42,44,5,49
22,44,12,28,18
23,46,3,49,32
24,1,34,11,52
25,21,9,6,56
26,47,32,53,8
27,55,60,54,45
28,19,24,44,45
29,26,35,4,39
30,45,38,52,35
31,8,60,43,26
32,5,13,61,46
33,5,46,44,56
34,26,11,22,28
35,27,39,23,36
36,15,27,18,4
37,4,17,63,3
38,8,62,61,11
39,51,51,63,41
40,31,45,25,55
41,3,3,34,20
42,49,55,48,44
43,61,34,20,11
44,20,1,6,58
45,56,24,6,20
46,43,58,50,38
47,44,15,48,57
48,26,45,57,38
49,39,30,14,30
50,7,0,5,38
51,41,54,25,12
52,6,46,35,3
53,57,20,26,9
54,28,37,8,53
55,51,20,61,53
56,37,38,48,6
57,3,63,23,6
58,34,4,55,5
59,11,14,17,26
60,16,35,38,24
61,25,24,23,56
62,18,2,40,28
63,59,20,58,14
64,46,53,54,10
65,23,20,56,0
66,44,31,26,39
67,4,13,4,40
68,60,2,9,4
69,61,41,26,26
70,6,47,8,44
71,14,35,59,34
72,51,4,42,24
73,54,44,11,31
74,45,22,11,5
75,34,24,5,43
76,38,17,1,14
77,35,3,48,49
78,50,37,14,10
79,37,39,42,41
80,46,24,0,0
81,61,16,61,27
82,58,36,9,55
83,8,8,49,51
84,17,38,52,44
85,29,42,63,4
86,9,47,51,26
87,15,55,40,2
88,30,2,63,29
89,7,33,24,12
90,56,62,45,34
91,5,8,34,48
92,56,50,30,20
93,42,57,11,41
94,16,24,56,38
95,3,30,8,20
96,0,54,4,49
97,38,35,56,36
98,10,17,34,13
99,48,24,29,63
100,14,25,30,58
101,6,40,8,38
102,6,60,8,10
103,7,52,11,18
104,52,58,52,16
105,6,35,18,44
106,31,13,20,0
107,31,62,29,30
108,11,49,32,55
109,44,9,23,19
110,42,14,60,10
111,56,57,31,62
112,34,62,15,60
113,41,19,23,45
114,8,44,5,47
115,45,12,44,17
116,17,47,23,52
117,19,30,4,46
