3
Grid:
64,64
................................................................
................................................................
................................................................
................................................................
................................................................
................................................................
................................................................
................................................................
................................................................
................................................................
................................................................
................................................................
................................................................
................................................................
................................................................
................................................................
................................................................
................................................................
................................................................
................................................................
................................................................
................................................................
................................................................
................................................................
................................................................
................................................................
................................................................
................................................................
................................................................
................................................................
................................................................
................................................................
................................................................
................................................................
................................................................
................................................................
................................................................
................................................................
................................................................
................................................................
................................................................
................................................................
................................................................
................................................................
................................................................
................................................................
................................................................
................................................................
................................................................
................................................................
................................................................
................................................................
................................................................
................................................................
................................................................
................................................................
................................................................
................................................................
................................................................
................................................................
................................................................
................................................................
................................................................
................................................................
Agents:
178
0,58,2,40,22
1,31,35,49,6
2,55,2,57,50
3,33,46,33,36
4,19,12,41,10
5,42,53,35,44
6,63,13,15,53
7,20,15,20,59
8,49,20,49,35
9,21,45,55,31
10,57,34,25,27
11,63,11,8,15
12,0,18,45,29
13,23,20,36,50
14,9,52,61,62
15,37,49,54,46
16,3,25,45,61
17,43,33,20,1
18,37,23,57,0
19,2,56,44,1
20,38,2,31,30
21,34,52,37,21
22,18,12,54,36
23,8,0,18,33
24,5,32,27,62
25,2,17,33,32
26,21,5,11,14
27,9,24,49,11
28,3,19,15,60
29,35,37,36,6
30,42,13,35,7
31,37,30,33,6
32,38,56,8,20
33,50,38,9,38
34,33,50,62,52
35,42,25,33,40
36,17,29,49,16
37,6,55,13,7
38,63,10,15,1
39,57,51,30,40
40,9,23,21,46
41,14,40,1,41
42,50,20,54,18
43,28,62,46,47
44,15,19,59,49
45,29,17,44,15
46,52,29,45,58
47,14,25,17,55
48,29,4,12,32
49,13,26,55,52
50,26,33,41,56
51,30,18,59,5
52,54,40,4,59
53,0,56,59,20
54,62,18,42,12
55,24,56,29,34
56,26,48,47,18
57,27,19,5,59
58,62,60,0,10
59,44,18,16,62
60,28,51,16,53
61,23,14,26,31
62,21,24,51,36
63,37,51,4,50
64,15,45,26,45
65,26,59,28,60
66,61,31,38,29
67,24,39,47,22
68,56,60,21,33
69,50,10,15,20
70,20,36,53,49
71,0,61,25,4
72,59,36,30,17
73,55,4,14,7
74,2,58,50,30
75,26,32,44,48
76,24,59,36,46
77,61,39,6,24
78,10,16,23,29
79,61,29,11,40
80,2,12,38,12
81,40,16,18,17
82,55,28,4,10
83,59,59,3,47
84,23,51,12,39
85,26,2,52,44
86,9,33,17,32
87,62,55,15,7
88,50,25,34,29
89,18,48,49,37
90,33,33,3,40
91,19,57,33,22
92,35,1,5,37
93,33,48,11,48
94,29,40,51,41
95,63,21,58,17
96,7,8,19,43
97,59,48,23,62
98,5,31,46,42
99,41,59,7,20
100,44,15,15,36
101,32,23,31,16
102,23,54,23,49
103,61,5,30,29
104,52,49,52,62
105,61,12,62,4
106,59,33,58,55
107,26,20,26,50
108,61,62,49,19
109,56,57,41,44
110,25,39,9,61
111,22,49,63,22
112,3,52,36,22
113,26,53,31,24
114,60,2,29,53
115,20,51,47,38
116,7,37,43,23
117,53,34,36,28
118,52,59,46,14
119,34,45,1,11
120,4,27,62,17
121,59,43,46,23
122,43,50,14,51
123,25,38,62,14
124,45,38,51,30
125,51,6,37,45
126,38,47,20,36
127,34,5,8,55
128,57,46,39,53
129,19,34,6,10
130,28,7,6,56
131,9,50,6,41
132,28,9,11,51
133,4,21,37,34
134,44,56,18,30
135,32,1,62,7
136,28,11,49,13
137,53,62,45,25
138,43,42,14,12
139,6,17,31,54
140,26,52,17,28
141,8,21,34,22
142,15,13,59,33
143,13,24,57,32
144,3,48,26,7
145,40,5,30,52
146,39,63,29,24
147,16,60,21,13
148,18,9,38,47
149,14,33,33,42
150,45,4,51,16
151,57,52,15,22
152,6,49,14,48
153,42,27,4,15
154,57,35,26,5
155,25,15,17,4
156,40,2,62,10
157,7,40,59,36
158,62,51,12,18
159,35,15,28,53
160,60,44,8,34
161,17,60,37,15
162,15,26,5,50
163,25,28,12,52
164,58,56,38,57
165,27,36,19,61
166,35,22,45,53
167,58,19,0,15
168,15,29,58,42
169,34,49,19,13
170,30,32,29,31
171,22,25,36,26
172,29,37,42,19
173,56,40,44,40
174,62,30,16,63
175,37,63,2,26
176,36,1,25,29
177,50,61,37,6
