2
Grid:
64,64
................................................................
................................................................
................................................................
................................................................
................................................................
................................................................
................................................................
................................................................
................................................................
................................................................
................................................................
................................................................
................................................................
................................................................
................................................................
................................................................
................................................................
................................................................
................................................................
................................................................
................................................................
................................................................
................................................................
................................................................
................................................................
................................................................
................................................................
................................................................
................................................................
................................................................
................................................................
................................................................
................................................................
................................................................
................................................................
................................................................
................................................................
................................................................
................................................................
................................................................
................................................................
................................................................
................................................................
................................................................
................................................................
................................................................
................................................................
................................................................
................................................................
................................................................
................................................................
................................................................
................................................................
................................................................
................................................................
................................................................
................................................................
................................................................
................................................................
................................................................
................................................................
................................................................
................................................................
................................................................
Agents:
40
0,56,43,29,61
1,52,53,50,30
2,8,58,16,10
3,49,55,43,60
4,59,56,25,5
5,46,35,25,2
6,59,41,1,52
7,2,47,47,35
8,18,2,2,8
9,44,49,41,6
10,15,31,32,63
11,27,54,44,60
12,43,8,48,53
13,27,35,3,63
14,25,60,56,26
15,62,24,50,2
16,41,26,24,54
17,37,49,5,29
18,3,39,38,35
19,21,31,6,9
20,63,56,44,38
21,60,18,36,7
22,35,0,26,48
23,29,56,58,32
24,40,30,7,12
25,39,51,34,6
26,38,32,10,7
27,11,24,12,20
28,15,61,50,44
29,10,0,31,46
30,31,13,39,31
31,29,63,55,42
32,57,21,9,33
33,58,33,49,15
34,3,16,19,5
35,44,42,46,61
36,44,13,0,54
37,50,22,35,9
38,35,9,56,8
39,19,42,55,39
