1
Grid:
64,64
................................................................
................................................................
................................................................
................................................................
................................................................
................................................................
................................................................
................................................................
................................................................
................................................................
................................................................
................................................................
................................................................
................................................................
................................................................
................................................................
................................................................
................................................................
................................................................
................................................................
................................................................
................................................................
................................................................
................................................................
................................................................
................................................................
................................................................
................................................................
................................................................
................................................................
................................................................
................................................................
................................................................
................................................................
................................................................
................................................................
................................................................
................................................................
................................................................
................................................................
................................................................
................................................................
................................................................
................................................................
................................................................
................................................................
................................................................
................................................................
................................................................
................................................................
................................................................
................................................................
................................................................
................................................................
................................................................
................................................................
................................................................
................................................................
................................................................
................................................................
................................................................
................................................................
................................................................
................................................................
Agents:
214
0,34,5,45,34
1,49,39,24,7
2,32,24,58,30
3,29,21,24,41
4,62,50,4,52
5,51,45,44,46
6,57,40,16,30
7,1,34,11,35
8,40,23,0,14
9,50,63,53,21
10,59,57,12,27
11,3,12,13,14
12,11,30,55,41
13,20,39,44,10
14,13,37,58,13
15,62,17,24,29
16,59,2,44,1
17,16,41,7,50
18,58,28,6,45
19,62,8,61,51
20,26,19,13,51
21,20,35,53,23
22,4,54,6,10
23,60,40,1,6
24,22,44,37,18
25,30,17,7,35
26,51,55,62,9
27,3,41,32,63
28,1,37,41,21
29,27,1,11,14
30,4,53,43,11
31,7,25,22,36
32,51,34,14,62
33,49,55,33,3
34,24,23,24,45
35,39,12,21,62
36,25,42,27,29
37,37,39,61,34
38,37,31,42,59
39,7,21,43,24
40,33,43,61,32
41,17,32,7,10
42,6,44,11,48
43,29,4,1,2
44,63,39,26,60
45,40,21,52,9
46,0,60,61,19
47,3,36,9,49
48,11,58,46,45
49,48,34,41,43
50,4,5,17,53
51,15,62,8,34
52,4,18,26,54
53,55,8,61,8
54,17,27,21,33
55,3,33,36,63
56,30,6,52,61
57,31,24,19,50
58,35,38,41,37
59,18,6,34,18
60,4,45,2,33
61,55,49,31,63
62,47,18,2,16
63,11,28,42,56
64,39,0,61,36
65,28,42,5,28
66,47,37,47,17
67,16,28,23,30
68,28,19,34,9
69,27,51,15,16
70,53,20,61,24
71,50,36,15,19
72,35,6,49,32
73,54,58,42,50
74,1,36,48,43
75,40,41,13,5
76,29,23,27,46
77,13,30,56,48
78,14,50,30,34
79,7,27,11,38
80,33,17,41,59
81,63,25,46,29
82,50,57,18,30
83,54,3,25,37
84,60,16,2,4
85,11,31,40,24
86,17,48,1,61
87,59,19,22,57
88,14,41,29,14
89,27,16,58,26
90,63,60,37,54
91,63,55,46,51
92,2,6,37,12
93,7,56,53,32
94,14,61,26,59
95,5,41,9,18
96,44,25,62,7
97,50,33,51,26
98,37,9,32,60
99,20,61,3,60
100,3,25,3,24
101,45,49,30,22
102,25,9,2,50
103,23,45,27,8
104,28,58,12,36
105,16,37,23,49
106,23,55,35,3
107,27,37,36,14
108,17,7,22,49
109,23,43,52,43
110,49,61,47,52
111,53,63,35,55
112,10,33,27,2
113,51,56,19,6
114,61,25,4,24
115,46,4,32,46
116,20,29,31,33
117,12,38,46,38
118,14,14,0,35
119,29,57,30,32
120,46,26,16,44
121,45,31,10,33
122,18,53,40,5
123,62,13,46,49
124,15,29,14,63
125,50,40,16,7
126,12,6,47,57
127,35,46,42,12
128,38,56,21,13
129,22,31,51,62
130,47,2,18,53
131,11,11,20,19
132,16,57,21,19
133,42,52,3,41
134,22,3,62,11
135,41,30,53,59
136,61,23,10,40
137,33,33,53,48
138,17,43,56,37
139,15,61,1,53
140,58,48,48,50
141,10,16,29,11
142,18,44,5,12
143,17,6,7,4
144,3,31,57,52
145,40,37,50,5
146,35,15,55,45
147,42,26,6,56
148,7,33,47,18
149,15,25,36,49
150,10,9,27,35
151,54,12,59,58
152,51,19,59,45
153,43,52,47,63
154,36,1,41,11
155,29,58,43,58
156,40,24,22,5
157,37,63,32,51
158,55,59,47,5
159,57,36,6,17
160,39,35,59,25
161,27,3,11,8
162,59,45,21,15
163,45,7,9,27
164,25,48,0,11
165,28,54,59,61
166,51,49,16,36
167,58,61,40,2
168,28,63,22,45
169,1,29,34,29
170,33,1,34,62
171,2,45,12,53
172,60,10,34,26
173,42,42,19,28
174,34,12,19,57
175,40,42,61,53
176,23,62,57,53
177,49,48,27,63
178,24,61,10,1
179,6,29,40,47
180,40,44,4,38
181,30,50,14,45
182,36,51,30,46
183,5,57,46,4
184,30,57,63,24
185,34,10,23,36
186,1,48,30,2
187,53,46,38,18
188,6,48,52,21
189,3,2,34,24
190,36,12,28,32
191,7,49,34,48
192,4,11,44,7
193,25,59,20,24
194,12,44,44,28
195,38,3,35,58
196,22,4,7,51
197,25,21,62,2
198,14,9,47,29
199,38,54,37,34
200,37,40,51,41
201,46,46,45,56
202,8,38,55,24
203,37,38,47,58
204,9,3,36,18
205,41,39,38,32
206,58,3,2,48
207,57,27,29,47
208,37,45,6,23
209,46,24,62,36
210,26,10,58,24
211,19,30,47,48
212,51,61,6,48
213,23,31,54,50
