0
Grid:
64,64
................................................................
................................................................
................................................................
................................................................
................................................................
................................................................
................................................................
................................................................
................................................................
................................................................
................................................................
................................................................
................................................................
................................................................
................................................................
................................................................
................................................................
................................................................
................................................................
................................................................
................................................................
................................................................
................................................................
................................................................
................................................................
................................................................
................................................................
................................................................
................................................................
................................................................
................................................................
................................................................
................................................................
................................................................
................................................................
................................................................
................................................................
................................................................
................................................................
................................................................
................................................................
................................................................
................................................................
................................................................
................................................................
................................................................
................................................................
................................................................
................................................................
................................................................
................................................................
................................................................
................................................................
................................................................
................................................................
................................................................
................................................................
................................................................
................................................................
................................................................
................................................................
................................................................
................................................................
................................................................
Agents:
82
0,18,60,27,32
1,41,45,41,62
2,29,25,54,22
3,26,9,56,22
4,6,48,38,57
5,27,42,15,60
6,5,59,56,15
7,49,23,47,24
8,39,45,20,33
9,24,6,26,30
10,1,27,26,57
11,32,17,35,14
12,22,39,38,11
13,35,4,60,29
14,12,31,54,40
15,19,5,37,26
16,62,38,46,47
17,38,12,25,7
18,11,30,39,31
19,28,14,21,54
20,27,62,47,12
21,11,44,24,34
22,17,8,36,53
23,48,34,38,63
24,43,63,62,37
25,29,46,11,7
26,34,14,36,12
27,47,55,62,11
28,28,24,52,6
29,22,54,30,37
30,53,22,40,3
31,61,39,30,15
32,29,21,37,40
33,44,30,9,44
34,21,36,40,6
35,12,8,20,43
36,17,9,41,26
37,43,2,47,11
38,15,51,46,44
39,63,14,30,50
40,55,1,14,19
41,24,12,14,38
42,2,37,17,9
43,34,48,52,50
44,55,47,26,1
45,47,50,3,11
46,7,38,58,44
47,24,5,28,34
48,1,36,8,24
49,14,59,15,30
50,27,17,14,54
51,13,6,46,3
52,50,20,11,58
53,28,25,48,17
54,34,44,7,16
55,39,40,58,47
56,25,8,37,52
57,62,52,36,14
58,61,48,9,40
59,36,56,5,18
60,51,60,13,0
61,39,37,56,38
62,52,25,63,47
63,1,42,54,20
64,48,38,48,56
65,1,43,14,60
66,36,3,2,49
67,50,38,16,49
68,52,17,0,25
69,26,45,10,47
70,8,9,3,13
71,13,10,24,41
72,7,7,56,55
73,25,63,13,3
74,39,36,30,12
75,7,17,24,2
76,63,22,33,50
77,8,30,0,28
78,41,39,26,28
79,17,25,63,8
80,19,49,20,15
81,40,60,39,13
