0
Grid:
64,64
................................................................
................................................................
................................................................
................................................................
................................................................
................................................................
................................................................
................................................................
................................................................
................................................................
................................................................
................................................................
................................................................
................................................................
................................................................
................................................................
................................................................
................................................................
................................................................
................................................................
................................................................
................................................................
................................................................
................................................................
................................................................
................................................................
................................................................
................................................................
................................................................
................................................................
................................................................
................................................................
................................................................
................................................................
................................................................
................................................................
................................................................
................................................................
................................................................
................................................................
................................................................
................................................................
................................................................
................................................................
................................................................
................................................................
................................................................
................................................................
................................................................
................................................................
................................................................
................................................................
................................................................
................................................................
................................................................
................................................................
................................................................
................................................................
................................................................
................................................................
................................................................
................................................................
................................................................
................................................................
Agents:
46
0,33,34,32,59
1,61,23,26,31
2,16,54,30,0
3,9,28,22,24
4,13,9,4,43
5,10,56,41,39
6,47,51,63,5
7,1,28,38,36
8,41,30,11,0
9,25,44,19,9
10,32,46,27,56
11,50,37,36,58
12,6,19,62,35
13,0,56,31,30
14,63,49,7,38
15,48,4,18,31
16,21,56,2,0
17,33,52,17,7
18,44,37,49,38
19,22,58,54,5
20,8,19,53,12
21,41,2,2,37
22,11,49,22,13
23,23,9,20,33
24,62,18,18,12
25,61,8,6,55
26,30,33,24,32
27,12,51,10,18
28,48,23,47,36
29,17,60,50,52
30,54,16,4,51
31,29,28,41,42
32,25,6,35,46
33,34,55,29,31
34,18,13,49,10
35,47,3,20,0
36,8,31,62,25
37,35,12,24,10
38,5,47,48,34
39,26,20,21,11
40,60,54,11,38
41,58,44,59,22
42,51,40,42,24
43,38,52,52,16
44,43,46,7,55
45,4,21,2,39
