1
Grid:
64,64
................................................................
................................................................
................................................................
................................................................
................................................................
................................................................
................................................................
................................................................
................................................................
................................................................
................................................................
................................................................
................................................................
................................................................
................................................................
................................................................
................................................................
................................................................
................................................................
................................................................
................................................................
................................................................
................................................................
................................................................
................................................................
................................................................
................................................................
................................................................
................................................................
................................................................
................................................................
................................................................
................................................................
................................................................
................................................................
................................................................
................................................................
................................................................
................................................................
................................................................
................................................................
................................................................
................................................................
................................................................
................................................................
................................................................
................................................................
................................................................
................................................................
................................................................
................................................................
................................................................
................................................................
................................................................
................................................................
................................................................
................................................................
................................................................
................................................................
................................................................
................................................................
................................................................
................................................................
................................................................
Agents:
174
0,23,54,16,16
1,57,48,62,38
2,3,32,9,63
3,26,29,27,52
4,36,56,26,59
5,27,4,25,37
6,10,53,18,54
7,21,28,28,23
8,39,47,7,42
9,19,59,40,21
10,11,44,53,40
11,48,5,0,12
12,42,49,40,4
13,41,37,37,58
14,56,51,32,51
15,28,6,58,50
16,54,58,32,24
17,47,49,57,29
18,57,1,19,39
19,14,57,39,40
20,11,30,30,60
21,18,24,39,39
22,41,39,5,59
23,30,20,57,7
24,17,47,7,3
25,30,26,52,59
26,38,41,26,10
27,45,42,49,44
28,5,51,5,56
29,6,17,56,38
30,55,52,7,29
31,37,48,30,10
32,28,21,46,4
33,14,15,0,50
34,6,36,56,56
35,34,37,24,43
36,33,25,60,58
37,47,44,24,5
38,26,24,45,27
39,28,2,35,35
40,19,21,35,53
41,20,8,40,2
42,20,1,19,36
43,31,12,34,22
44,12,4,24,12
45,43,5,51,61
46,59,60,59,35
47,2,23,3,50
48,57,33,5,1
49,59,20,22,27
50,25,14,62,26
51,14,44,23,54
52,13,56,2,40
53,57,12,28,26
54,57,0,27,26
55,16,45,18,3
56,23,4,7,41
57,62,34,33,20
58,31,29,15,30
59,27,26,42,53
60,53,1,19,32
61,2,1,27,34
62,56,29,31,18
63,42,36,45,1
64,23,24,25,15
65,51,56,30,52
66,28,7,44,46
67,40,4,35,1
68,6,39,46,29
69,59,27,63,40
70,8,19,29,57
71,19,11,54,41
72,52,62,37,6
73,45,54,63,50
74,62,32,48,25
75,55,27,19,9
76,5,33,42,0
77,31,24,61,10
78,11,12,58,28
79,52,47,52,49
80,14,21,58,15
81,53,32,39,7
82,13,23,41,0
83,16,15,23,33
84,27,57,7,18
85,27,56,58,20
86,34,0,46,59
87,18,33,1,5
88,13,58,10,28
89,47,51,12,60
90,37,54,30,22
91,33,24,3,26
92,51,58,31,24
93,40,16,14,26
94,57,57,16,45
95,51,11,57,45
96,13,51,33,16
97,29,50,51,10
98,62,28,38,23
99,45,30,8,5
100,27,5,37,23
101,5,63,62,2
102,56,5,2,35
103,15,61,10,10
104,42,20,23,56
105,63,58,60,46
106,0,26,45,40
107,47,62,2,12
108,63,52,14,63
109,36,22,40,60
110,39,10,16,42
111,63,33,59,50
112,4,23,11,53
113,50,31,61,50
114,4,58,29,42
115,56,48,29,28
116,12,17,18,38
117,24,32,50,52
118,49,34,23,18
119,31,45,7,20
120,43,43,28,22
121,38,36,13,20
122,58,57,1,35
123,11,50,38,59
124,3,30,47,60
125,51,10,10,54
126,55,23,11,42
127,54,16,48,14
128,5,36,14,58
129,58,33,47,23
130,18,48,28,6
131,57,47,57,41
132,28,14,20,34
133,45,46,21,50
134,2,15,12,42
135,13,28,5,62
136,21,54,7,1
137,42,59,59,56
138,36,27,6,29
139,38,11,43,4
140,12,63,2,53
141,27,37,26,3
142,7,45,43,42
143,56,52,13,49
144,26,7,22,16
145,26,13,50,43
146,40,62,48,49
147,26,59,44,6
148,50,55,62,32
149,8,43,18,56
150,11,28,46,52
151,48,52,22,57
152,17,22,63,19
153,45,59,5,19
154,44,42,54,45
155,61,46,4,25
156,21,19,56,20
157,20,20,9,39
158,39,46,59,21
159,22,56,1,20
160,20,58,60,20
161,52,0,16,55
162,52,23,47,44
163,28,46,57,50
164,9,44,14,24
165,0,48,30,18
166,15,39,17,29
167,19,48,43,18
168,56,55,17,22
169,7,31,16,7
170,27,48,4,46
171,16,58,56,44
172,40,7,23,20
173,39,30,52,50
