1
Grid:
64,64
................................................................
................................................................
................................................................
................................................................
................................................................
................................................................
................................................................
................................................................
................................................................
................................................................
................................................................
................................................................
................................................................
................................................................
................................................................
................................................................
................................................................
................................................................
................................................................
................................................................
................................................................
................................................................
................................................................
................................................................
................................................................
................................................................
................................................................
................................................................
................................................................
................................................................
................................................................
................................................................
................................................................
................................................................
................................................................
................................................................
................................................................
................................................................
................................................................
................................................................
................................................................
................................................................
................................................................
................................................................
................................................................
................................................................
................................................................
................................................................
................................................................
................................................................
................................................................
................................................................
................................................................
................................................................
................................................................
................................................................
................................................................
................................................................
................................................................
................................................................
................................................................
................................................................
................................................................
................................................................
Agents:
102
0,41,51,19,58
1,57,62,17,57
2,40,0,54,15
3,6,15,2,37
4,41,1,22,12
5,33,58,38,6
6,16,12,10,42
7,32,6,49,30
8,16,47,18,21
9,41,18,18,36
10,51,41,58,34
11,38,36,30,2
12,60,7,48,40
13,46,51,48,24
14,12,15,54,60
15,63,25,12,17
16,45,1,35,41
17,17,31,50,32
18,21,2,8,31
19,10,33,20,48
20,29,44,5,21
21,34,58,27,46
22,18,34,15,33
23,37,29,12,48
24,21,35,56,54
25,37,5,9,35
26,15,51,10,61
27,33,0,45,38
28,13,21,30,56
29,2,33,3,40
30,17,18,50,27
31,2,26,27,55
32,1,8,50,5
33,13,15,28,22
34,59,0,23,24
35,48,13,0,61
36,37,7,62,59
37,53,7,46,5
38,6,43,48,18
39,17,25,14,6
40,34,17,20,7
41,29,40,24,50
42,41,57,44,22
43,10,57,42,34
44,31,17,6,40
45,18,0,41,13
46,0,40,34,26
47,16,10,63,59
48,41,8,56,57
49,56,10,22,32
50,20,22,33,38
51,34,21,45,53
52,51,24,33,60
53,31,7,63,35
54,62,26,37,56
55,57,33,13,51
56,3,40,25,30
57,63,0,24,52
58,53,25,60,29
59,48,8,61,35
60,62,20,52,47
61,47,41,7,6
62,45,48,15,0
63,12,60,40,47
64,55,43,12,61
65,29,62,8,57
66,51,7,33,19
67,5,12,24,46
68,47,8,46,18
69,53,16,28,18
70,25,2,58,22
71,59,5,36,15
72,23,49,36,33
73,60,24,58,0
74,41,15,12,10
75,20,15,53,30
76,23,47,41,26
77,11,0,45,52
78,38,56,56,13
79,39,2,48,63
80,11,34,54,21
81,15,18,18,59
82,60,58,44,7
83,45,60,4,59
84,34,50,63,6
85,17,44,1,21
86,36,32,40,22
87,47,59,36,34
88,24,42,57,2
89,18,60,44,54
90,52,52,0,4
91,19,39,33,50
92,22,13,39,50
93,38,3,61,55
94,37,54,17,13
95,33,51,8,30
96,4,54,22,19
97,50,40,11,62
98,8,28,11,35
99,4,0,32,11
100,53,54,32,47
101,62,39,37,54
