0
Grid:
64,64
................................................................
................................................................
................................................................
................................................................
................................................................
................................................................
................................................................
................................................................
................................................................
................................................................
................................................................
................................................................
................................................................
................................................................
................................................................
................................................................
................................................................
................................................................
................................................................
................................................................
................................................................
................................................................
................................................................
................................................................
................................................................
................................................................
................................................................
................................................................
................................................................
................................................................
................................................................
................................................................
................................................................
................................................................
................................................................
................................................................
................................................................
................................................................
................................................................
................................................................
................................................................
................................................................
................................................................
................................................................
................................................................
................................................................
................................................................
................................................................
................................................................
................................................................
................................................................
................................................................
................................................................
................................................................
................................................................
................................................................
................................................................
................................................................
................................................................
................................................................
................................................................
................................................................
................................................................
................................................................
Agents:
114
0,63,1,9,60
1,39,46,51,60
2,24,9,5,22
3,34,29,22,54
4,4,30,35,45
5,38,11,14,15
6,23,48,50,23
7,31,62,22,18
8,62,52,41,38
9,47,23,0,27
10,45,27,47,26
11,33,52,14,5
12,14,43,35,38
13,22,15,38,41
14,1,57,14,27
15,26,46,46,3
16,31,61,9,33
17,55,50,12,42
18,46,46,10,35
19,36,10,32,39
20,12,59,34,2
21,51,48,34,50
22,20,26,35,37
23,10,21,35,53
24,35,16,5,19
25,3,13,27,25
26,42,3,45,61
27,4,35,22,24
28,32,51,15,46
29,31,44,44,60
30,51,18,10,23
31,28,10,24,43
32,3,56,13,60
33,43,25,1,2
34,56,44,55,43
35,15,16,62,57
36,15,36,4,30
37,11,50,30,48
38,39,48,53,54
39,32,52,17,19
40,33,1,10,10
41,43,48,42,7
42,53,13,9,62
43,4,28,20,3
44,57,19,44,44
45,18,59,37,35
46,14,56,44,63
47,23,57,4,62
48,30,40,52,12
49,44,28,36,34
50,46,49,24,27
51,28,54,9,36
52,0,51,51,51
53,62,5,44,17
54,55,18,21,58
55,60,47,23,19
56,18,43,8,20
57,11,49,36,31
58,38,44,2,61
59,20,54,9,11
60,52,14,5,61
61,32,37,38,35
62,25,20,24,31
63,1,22,34,33
64,13,17,15,55
65,19,62,60,54
66,4,3,9,57
67,5,47,38,9
68,37,52,41,39
69,47,2,30,9
70,14,62,14,43
71,36,39,25,25
72,23,35,13,29
73,40,35,23,57
74,45,37,18,4
75,18,50,20,27
76,19,54,30,44
77,40,32,51,62
78,16,54,21,10
79,28,44,57,17
80,49,39,32,3
81,55,38,59,52
82,62,61,26,52
83,42,15,39,42
84,37,27,47,39
85,12,50,42,5
86,60,18,13,33
87,39,53,34,20
88,41,57,63,50
89,13,54,3,49
90,43,30,32,51
91,41,39,42,23
92,62,33,36,20
93,42,13,3,62
94,27,37,16,51
95,30,46,11,18
96,23,2,62,22
97,16,39,43,8
98,7,62,8,30
99,40,26,11,5
100,56,25,20,8
101,62,18,23,6
102,25,32,12,22
103,54,1,26,42
104,14,50,49,25
105,55,23,56,8
106,41,38,1,56
107,1,19,17,33
108,61,15,13,44
109,39,29,19,41
110,18,28,53,44
111,51,63,28,44
112,60,29,50,14
113,26,57,50,43
