2
Grid:
64,64
................................................................
................................................................
................................................................
................................................................
................................................................
................................................................
................................................................
................................................................
................................................................
................................................................
................................................................
................................................................
................................................................
................................................................
................................................................
................................................................
................................................................
................................................................
................................................................
................................................................
................................................................
................................................................
................................................................
................................................................
................................................................
................................................................
................................................................
................................................................
................................................................
................................................................
................................................................
................................................................
................................................................
................................................................
................................................................
................................................................
................................................................
................................................................
................................................................
................................................................
................................................................
................................................................
................................................................
................................................................
................................................................
................................................................
................................................................
................................................................
................................................................
................................................................
................................................................
................................................................
................................................................
................................................................
................................................................
................................................................
................................................................
................................................................
................................................................
................................................................
................................................................
................................................................
................................................................
................................................................
Agents:
42
0,38,63,50,10
1,2,14,17,15
2,50,49,38,47
3,29,55,57,50
4,63,7,45,33
5,12,38,4,48
6,38,19,32,36
7,21,17,56,56
8,56,6,10,33
9,45,36,34,8
10,57,49,25,49
11,45,51,43,9
12,24,12,15,34
13,4,37,40,61
14,39,15,59,48
15,37,16,26,25
16,8,40,40,62
17,33,2,32,16
18,0,5,53,22
19,22,45,52,18
20,57,19,5,36
21,50,28,35,49
22,13,1,26,6
23,60,12,54,19
24,31,40,55,18
25,2,60,2,17
26,48,51,44,19
27,1,53,24,35
28,17,14,11,44
29,54,37,6,60
30,44,55,36,29
31,16,47,59,61
32,34,60,45,12
33,29,62,35,23
34,49,18,26,45
35,17,50,57,26
36,47,63,15,20
37,43,38,39,30
38,62,17,19,34
39,38,23,21,34
40,16,55,60,45
41,6,62,58,48
