0
Grid:
64,64
................................................................
................................................................
................................................................
................................................................
................................................................
................................................................
................................................................
................................................................
................................................................
................................................................
................................................................
................................................................
................................................................
................................................................
................................................................
................................................................
................................................................
................................................................
................................................................
................................................................
................................................................
................................................................
................................................................
................................................................
................................................................
................................................................
................................................................
................................................................
................................................................
................................................................
................................................................
................................................................
................................................................
................................................................
................................................................
................................................................
................................................................
................................................................
................................................................
................................................................
................................................................
................................................................
................................................................
................................................................
................................................................
................................................................
................................................................
................................................................
................................................................
................................................................
................................................................
................................................................
................................................................
................................................................
................................................................
................................................................
................................................................
................................................................
................................................................
................................................................
................................................................
................................................................
................................................................
................................................................
Agents:
92
0,40,58,53,61
1,63,53,28,2
2,59,23,33,20
3,29,32,36,13
4,52,54,45,5
5,4,0,61,47
6,36,49,60,41
7,23,21,0,8
8,0,21,0,60
9,46,31,14,24
10,52,17,50,35
11,6,26,50,12
12,11,8,61,6
13,14,22,12,48
14,6,32,60,29
15,32,58,34,4
16,25,53,60,50
17,25,48,5,59
18,19,22,40,46
19,5,1,25,52
20,38,19,9,22
21,55,14,0,50
22,43,49,54,62
23,62,63,52,50
24,31,6,10,50
25,35,54,4,3
26,63,27,2,39
27,24,23,50,24
28,52,36,17,6
29,41,51,50,21
30,8,7,46,43
31,25,19,44,24
32,21,10,30,3
33,38,47,9,3
34,23,38,59,14
35,2,41,63,4
36,16,45,58,33
37,56,32,57,44
38,26,55,16,32
39,46,26,16,59
40,9,14,31,5
41,54,63,6,6
42,61,42,29,40
43,59,62,57,16
44,29,2,39,5
45,60,46,50,4
46,45,17,55,31
47,56,31,22,56
48,58,36,58,40
49,56,33,7,53
50,10,15,14,19
51,39,57,43,15
52,4,57,10,24
53,38,17,62,26
54,34,55,47,15
55,61,60,32,12
56,54,15,6,29
57,41,57,48,56
58,16,25,15,53
59,21,43,27,29
60,14,40,2,6
61,17,21,19,25
62,42,19,44,2
63,60,62,45,53
64,52,24,8,6
65,38,53,54,43
66,63,13,56,31
67,15,57,35,3
68,38,61,30,6
69,59,4,19,33
70,3,41,33,58
71,27,37,30,31
72,5,63,40,27
73,55,29,1,45
74,40,63,28,7
75,15,32,62,51
76,15,12,53,31
77,18,34,57,49
78,61,18,15,37
79,15,48,12,46
80,60,39,31,15
81,28,9,9,63
82,16,7,60,33
83,60,41,4,37
84,0,47,27,39
85,18,19,42,49
86,30,16,46,35
87,39,37,21,55
88,12,44,36,34
89,16,42,31,19
90,27,30,29,33
91,21,53,38,44
