3
Grid:
64,64
................................................................
................................................................
................................................................
................................................................
................................................................
................................................................
................................................................
................................................................
................................................................
................................................................
................................................................
................................................................
................................................................
................................................................
................................................................
................................................................
................................................................
................................................................
................................................................
................................................................
................................................................
................................................................
................................................................
................................................................
................................................................
................................................................
................................................................
................................................................
................................................................
................................................................
................................................................
................................................................
................................................................
................................................................
................................................................
................................................................
................................................................
................................................................
................................................................
................................................................
................................................................
................................................................
................................................................
................................................................
................................................................
................................................................
................................................................
................................................................
................................................................
................................................................
................................................................
................................................................
................................................................
................................................................
................................................................
................................................................
................................................................
................................................................
................................................................
................................................................
................................................................
................................................................
................................................................
................................................................
Agents:
128
0,40,40,46,61
1,7,41,24,17
2,8,36,49,40
3,46,61,23,63
4,53,11,59,23
5,12,40,39,62
6,43,41,54,27
7,18,56,42,41
8,12,53,29,42
9,54,49,49,25
10,46,31,1,55
11,7,34,7,31
12,8,39,42,52
13,35,38,12,63
14,52,10,21,35
15,10,61,29,5
16,26,25,16,14
17,15,20,48,47
18,44,11,23,2
19,31,36,45,52
20,41,2,63,33
21,34,6,56,12
22,38,42,41,47
23,14,53,21,6
24,41,29,11,50
25,55,38,16,43
26,46,11,10,31
27,26,9,57,2
28,33,37,1,6
29,33,32,46,55
30,0,7,34,28
31,8,42,44,32
32,0,14,11,40
33,13,18,24,0
34,25,61,18,57
35,12,0,12,17
36,22,17,5,25
37,8,43,35,44
38,60,0,8,14
39,59,30,19,32
40,25,46,6,18
41,61,23,50,58
42,19,35,47,17
43,14,14,6,56
44,62,5,38,7
45,51,6,3,17
46,42,63,57,38
47,36,33,54,60
48,58,55,38,2
49,5,24,45,21
50,28,59,19,3
51,27,43,6,49
52,16,54,3,2
53,16,29,11,49
54,3,46,59,29
55,12,32,17,46
56,41,3,40,48
57,6,17,14,63
58,10,48,36,50
59,23,28,3,43
60,0,63,15,13
61,19,20,41,15
62,9,5,56,38
63,22,22,13,8
64,45,39,33,39
65,49,5,61,17
66,59,35,10,13
67,1,30,48,6
68,19,17,5,34
69,6,28,1,61
70,18,48,60,41
71,11,16,19,15
72,57,19,34,12
73,29,38,41,3
74,56,18,48,44
75,22,9,31,51
76,32,40,19,5
77,23,29,27,55
78,40,7,30,15
79,34,10,57,36
80,31,57,51,61
81,48,28,34,16
82,61,7,34,27
83,36,6,34,15
84,1,40,4,20
85,62,57,41,57
86,42,58,26,7
87,9,15,53,49
88,52,3,60,12
89,27,54,24,11
90,40,48,29,23
91,30,27,18,44
92,16,40,55,52
93,36,19,61,57
94,12,36,60,22
95,53,12,25,15
96,47,59,39,19
97,61,25,61,23
98,0,46,17,22
99,18,49,35,42
100,47,22,38,30
101,36,15,59,56
102,19,29,47,15
103,30,38,3,8
104,30,7,19,25
105,41,37,19,34
106,43,43,48,0
107,34,47,51,44
108,27,21,7,17
109,11,21,29,51
110,35,17,29,0
111,58,29,31,38
112,51,50,19,60
113,10,46,4,63
114,61,48,35,40
115,15,5,25,9
116,48,41,29,46
117,11,14,62,26
118,7,50,14,16
119,9,62,5,31
120,52,4,30,44
121,59,16,49,58
122,32,3,46,46
123,25,13,60,20
124,61,43,6,25
125,35,61,6,45
126,14,29,14,49
127,28,7,29,26
