2
Grid:
64,64
................................................................
................................................................
................................................................
................................................................
................................................................
................................................................
................................................................
................................................................
................................................................
................................................................
................................................................
................................................................
................................................................
................................................................
................................................................
................................................................
................................................................
................................................................
................................................................
................................................................
................................................................
................................................................
................................................................
................................................................
................................................................
................................................................
................................................................
................................................................
................................................................
................................................................
................................................................
................................................................
................................................................
................................................................
................................................................
................................................................
................................................................
................................................................
................................................................
................................................................
................................................................
................................................................
................................................................
................................................................
................................................................
................................................................
................................................................
................................................................
................................................................
................................................................
................................................................
................................................................
................................................................
................................................................
................................................................
................................................................
................................................................
................................................................
................................................................
................................................................
................................................................
................................................................
................................................................
................................................................
Agents:
182
0,34,49,7,26
1,37,63,53,0
2,42,59,26,49
3,7,52,15,49
4,34,62,62,3
5,19,8,18,15
6,29,21,51,60
7,9,7,36,50
8,51,39,60,37
9,7,26,0,53
10,22,3,16,30
11,24,46,19,59
12,51,6,10,61
13,50,56,53,51
14,1,44,14,11
15,53,20,58,5
16,20,3,54,17
17,24,55,55,29
18,18,0,33,6
19,38,27,13,45
20,16,4,49,26
21,1,49,55,27
22,60,56,62,24
23,30,5,7,50
24,15,9,35,48
25,8,27,54,57
26,24,1,1,38
27,18,31,30,61
28,24,54,54,13
29,11,36,61,57
30,9,15,4,60
31,51,53,1,26
32,8,62,20,36
33,52,25,4,25
34,60,18,60,3
35,53,50,2,19
36,0,43,32,50
37,9,17,4,47
38,2,39,44,23
39,50,59,57,29
40,39,44,47,25
41,40,55,27,55
42,36,26,5,31
43,49,57,37,27
44,30,27,42,32
45,53,2,4,32
46,17,12,34,52
47,40,62,11,61
48,3,5,57,42
49,9,60,9,53
50,20,21,16,63
51,26,44,30,59
52,55,1,58,10
53,28,49,0,58
54,4,16,57,57
55,60,29,39,2
56,38,59,16,31
57,16,45,62,53
58,1,33,13,30
59,40,2,2,53
60,51,25,15,37
61,61,61,37,47
62,25,8,22,60
63,63,53,20,61
64,62,51,57,32
65,55,34,17,12
66,35,43,59,18
67,35,14,34,33
68,0,16,10,20
69,27,47,58,52
70,28,45,28,15
71,23,36,26,56
72,6,52,54,40
73,25,21,58,15
74,59,59,38,18
75,60,34,49,28
76,28,6,59,31
77,9,58,2,10
78,23,28,33,32
79,18,46,40,22
80,1,39,48,53
81,50,16,3,30
82,25,25,56,34
83,58,59,61,20
84,45,48,44,35
85,5,56,8,32
86,38,6,1,10
87,2,25,55,39
88,55,37,43,33
89,47,41,61,46
90,58,3,20,48
91,55,20,40,5
92,5,28,31,32
93,34,41,22,53
94,55,35,46,8
95,62,45,51,28
96,46,53,5,10
97,58,6,17,5
98,10,44,18,37
99,58,30,54,9
100,61,57,22,29
101,13,11,6,1
102,28,36,32,35
103,31,2,11,12
104,55,61,36,36
105,37,45,57,5
106,63,23,35,39
107,44,47,2,46
108,25,4,63,26
109,19,29,55,62
110,10,10,34,59
111,50,24,12,43
112,9,48,30,56
113,11,60,5,45
114,15,11,38,43
115,42,16,31,36
116,44,1,41,53
117,53,43,22,55
118,56,32,2,15
119,60,31,8,21
120,61,17,3,46
121,46,22,45,61
122,8,11,6,60
123,45,5,17,18
124,24,28,8,33
125,6,15,56,59
126,46,3,20,60
127,26,46,61,47
128,55,59,53,20
129,46,26,11,41
130,2,47,53,54
131,43,43,54,6
132,57,46,17,51
133,12,50,54,21
134,32,56,11,5
135,60,17,37,15
136,12,33,39,57
137,42,51,10,49
138,40,63,34,50
139,50,14,35,28
140,9,29,48,11
141,18,50,62,15
142,17,51,38,44
143,6,13,36,10
144,40,54,2,4
145,10,35,38,17
146,14,62,39,61
147,42,29,28,48
148,18,62,13,14
149,56,37,19,7
150,60,14,20,5
151,18,29,55,18
152,55,56,53,58
153,26,39,9,47
154,6,56,38,24
155,44,37,57,45
156,39,52,25,36
157,37,14,34,7
158,25,7,44,59
159,28,25,20,3
160,44,18,6,21
161,16,6,35,13
162,6,40,48,28
163,18,43,58,41
164,8,10,37,51
165,45,16,10,58
166,16,12,1,33
167,17,59,60,56
168,10,52,21,58
169,58,25,38,19
170,25,30,51,22
171,7,48,16,21
172,10,36,42,2
173,60,26,42,48
174,25,28,15,26
175,3,10,47,20
176,33,31,24,30
177,57,41,53,12
178,62,12,42,18
179,23,14,22,42
180,37,46,50,29
181,31,60,0,11
