3
Grid:
64,64
................................................................
................................................................
................................................................
................................................................
................................................................
................................................................
................................................................
................................................................
................................................................
................................................................
................................................................
................................................................
................................................................
................................................................
................................................................
................................................................
................................................................
................................................................
................................................................
................................................................
................................................................
................................................................
................................................................
................................................................
................................................................
................................................................
................................................................
................................................................
................................................................
................................................................
................................................................
................................................................
................................................................
................................................................
................................................................
................................................................
................................................................
................................................................
................................................................
................................................................
................................................................
................................................................
................................................................
................................................................
................................................................
................................................................
................................................................
................................................................
................................................................
................................................................
................................................................
................................................................
................................................................
................................................................
................................................................
................................................................
................................................................
................................................................
................................................................
................................................................
................................................................
................................................................
................................................................
................................................................
Agents:
220
0,14,61,29,23
1,54,39,31,59
2,7,50,49,44
3,37,41,35,11
4,57,57,42,37
5,20,3,51,56
6,26,62,38,58
7,41,9,43,48
8,43,44,11,63
9,35,48,60,47
10,0,19,38,12
11,25,24,48,57
12,36,54,27,43
13,22,5,54,13
14,28,46,6,49
15,9,46,41,59
16,53,57,41,43
17,17,63,22,21
18,30,13,10,43
19,43,55,52,19
20,30,9,35,45
21,4,49,13,21
22,58,15,62,63
23,22,36,37,7
24,33,61,45,51
25,22,33,56,30
26,25,58,55,44
27,35,30,32,24
28,3,17,48,28
29,27,32,39,29
30,12,10,23,4
31,48,37,29,40
32,14,33,26,10
33,45,41,46,3
34,42,30,30,31
35,0,44,52,17
36,18,54,0,11
37,5,28,18,4
38,20,51,26,59
39,59,7,9,3
40,46,56,14,18
41,13,11,47,33
42,24,19,63,60
43,31,22,12,4
44,28,0,11,56
45,10,26,61,51
46,27,61,40,25
47,60,3,31,29
48,13,30,18,50
49,34,25,3,31
50,34,45,32,5
51,57,3,37,52
52,60,42,43,18
53,15,35,55,55
54,52,6,45,60
55,9,15,8,35
56,22,20,16,49
57,49,20,0,33
58,61,36,62,56
59,13,58,23,20
60,1,22,31,39
61,13,42,54,46
62,19,38,50,29
63,16,20,56,42
64,58,2,38,26
65,14,53,6,46
66,16,33,56,61
67,37,1,12,9
68,63,10,38,29
69,15,46,7,13
70,3,60,35,56
71,34,21,44,22
72,54,58,37,20
73,3,7,22,60
74,11,40,22,18
75,5,41,61,29
76,17,40,52,4
77,24,11,62,5
78,31,15,44,37
79,47,21,32,41
80,25,59,4,8
81,40,50,38,18
82,55,19,46,11
83,63,52,5,19
84,47,48,14,57
85,20,50,61,57
86,20,30,48,31
87,54,4,52,13
88,52,55,34,52
89,51,24,23,33
90,35,9,42,22
91,8,18,11,29
92,60,37,60,40
93,36,40,2,5
94,9,25,56,4
95,33,48,43,53
96,27,57,54,7
97,20,8,18,54
98,20,47,53,19
99,30,35,42,7
100,59,15,54,16
101,23,27,32,11
102,19,19,41,41
103,49,19,51,24
104,22,40,45,9
105,28,22,23,43
106,50,16,59,29
107,51,22,35,63
108,53,18,38,22
109,47,22,60,37
110,42,22,36,40
111,15,36,33,63
112,23,26,6,27
113,10,46,6,42
114,48,4,6,33
115,25,15,32,38
116,29,20,32,59
117,49,45,46,53
118,62,41,4,10
119,16,49,61,41
120,54,53,21,33
121,2,56,54,2
122,20,4,0,6
123,7,3,16,12
124,20,61,48,8
125,57,11,26,56
126,51,36,27,57
127,36,1,15,5
128,12,47,23,46
129,59,57,51,25
130,39,2,25,1
131,35,17,4,2
132,15,12,19,48
133,57,30,11,60
134,30,6,33,47
135,24,12,37,12
136,1,61,40,23
137,32,53,29,7
138,19,22,2,9
139,15,19,45,41
140,19,7,48,29
141,25,50,58,45
142,11,13,51,49
143,27,56,63,15
144,32,14,30,34
145,45,22,9,9
146,10,51,48,50
147,18,48,19,19
148,41,8,41,1
149,10,41,55,35
150,36,14,19,40
151,37,45,55,12
152,10,54,54,42
153,4,47,50,34
154,45,53,4,17
155,31,40,43,34
156,38,32,30,18
157,41,48,63,63
158,6,1,11,43
159,48,1,59,38
160,46,46,15,26
161,37,9,0,14
162,30,42,55,18
163,51,44,21,45
164,34,34,62,57
165,45,7,38,39
166,8,41,7,40
167,34,10,57,41
168,13,29,30,17
169,3,37,43,13
170,51,0,13,24
171,2,42,61,38
172,47,5,21,12
173,48,41,20,28
174,10,33,55,37
175,42,39,28,2
176,24,9,36,29
177,59,53,35,39
178,41,28,20,4
179,14,31,34,49
180,3,24,26,13
181,12,11,3,24
182,8,24,5,50
183,31,61,41,8
184,61,30,42,59
185,35,40,2,62
186,62,10,43,59
187,13,45,26,62
188,43,58,19,30
189,26,24,5,4
190,58,9,37,46
191,33,1,51,47
192,56,5,24,25
193,47,62,44,4
194,46,45,17,35
195,33,49,47,19
196,34,27,3,9
197,52,54,35,37
198,34,22,28,39
199,38,50,28,55
200,44,44,24,29
201,61,1,18,20
202,41,13,57,53
203,59,13,42,15
204,1,53,59,39
205,37,57,16,0
206,54,10,10,44
207,19,3,19,34
208,40,33,6,40
209,15,16,35,18
210,60,50,63,55
211,25,27,63,6
212,57,52,63,12
213,24,3,33,45
214,50,7,3,57
215,29,53,46,28
216,4,55,24,17
217,28,34,51,33
218,2,32,45,29
219,34,50,48,26
