4
Grid:
64,64
................................................................
................................................................
................................................................
................................................................
................................................................
................................................................
................................................................
................................................................
................................................................
................................................................
................................................................
................................................................
................................................................
................................................................
................................................................
................................................................
................................................................
................................................................
................................................................
................................................................
................................................................
................................................................
................................................................
................................................................
................................................................
................................................................
................................................................
................................................................
................................................................
................................................................
................................................................
................................................................
................................................................
................................................................
................................................................
................................................................
................................................................
................................................................
................................................................
................................................................
................................................................
................................................................
................................................................
................................................................
................................................................
................................................................
................................................................
................................................................
................................................................
................................................................
................................................................
................................................................
................................................................
................................................................
................................................................
................................................................
................................................................
................................................................
................................................................
................................................................
................................................................
................................................................
................................................................
................................................................
Agents:
216
0,22,37,26,10
1,40,6,23,2
2,54,10,61,43
3,18,58,24,49
4,58,14,50,10
5,3,1,37,55
6,48,19,60,59
7,44,7,2,13
8,24,10,47,25
9,56,0,18,22
10,52,30,39,32
11,43,48,44,14
12,37,6,43,1
13,26,60,56,50
14,31,38,36,57
15,49,33,3,35
16,55,0,23,33
17,47,28,48,45
18,57,51,55,19
19,35,9,53,45
20,10,27,29,49
21,37,37,63,19
22,45,56,8,13
23,12,28,49,22
24,7,8,16,23
25,12,62,38,47
26,31,7,50,61
27,30,55,63,45
28,58,55,57,17
29,33,47,40,5
30,48,22,26,15
31,26,20,39,34
32,28,33,37,14
33,9,48,49,6
34,36,15,46,33
35,13,37,8,4
36,39,46,6,41
37,53,25,6,4
38,57,6,38,51
39,2,44,17,5
40,58,61,14,0
41,52,23,55,52
42,25,50,59,55
43,2,48,45,43
44,33,55,0,16
45,34,2,39,13
46,18,51,6,43
47,25,51,24,37
48,0,17,63,18
49,8,12,4,31
50,55,55,12,40
51,58,39,14,27
52,23,48,49,43
53,17,5,12,6
54,61,52,33,8
55,53,52,35,12
56,53,50,59,52
57,33,2,52,55
58,58,41,41,52
59,31,24,36,7
60,14,44,59,56
61,45,11,38,46
62,21,2,43,52
63,24,40,19,32
64,61,54,34,30
65,61,30,48,58
66,5,60,15,21
67,29,49,20,47
68,27,17,29,27
69,31,28,30,49
70,57,46,23,8
71,13,30,15,8
72,61,39,23,31
73,17,62,52,49
74,22,30,26,11
75,44,22,17,18
76,13,10,7,22
77,10,47,37,46
78,21,36,11,5
79,27,14,8,34
80,44,21,13,48
81,54,62,9,49
82,54,23,34,46
83,44,36,56,44
84,37,9,50,56
85,14,13,37,19
86,57,49,46,56
87,51,63,48,32
88,62,51,42,10
89,53,45,1,51
90,48,25,37,62
91,17,31,38,52
92,10,39,3,30
93,16,58,13,46
94,50,45,39,63
95,28,55,38,61
96,54,16,39,27
97,48,36,4,5
98,56,14,55,24
99,40,38,58,56
100,58,44,40,61
101,25,13,30,8
102,15,31,44,32
103,29,28,10,63
104,23,10,10,59
105,46,45,27,15
106,30,18,44,46
107,3,22,58,1
108,52,14,6,36
109,7,50,52,45
110,50,55,1,29
111,44,23,15,61
112,22,40,20,54
113,1,15,62,26
114,7,47,22,25
115,11,15,7,32
116,51,3,45,62
117,0,4,31,43
118,15,42,19,26
119,10,52,43,45
120,34,39,37,48
121,60,59,17,29
122,8,9,13,9
123,50,29,38,62
124,32,33,20,63
125,26,25,3,14
126,30,7,44,3
127,58,33,14,2
128,32,56,0,60
129,8,52,44,7
130,26,8,21,18
131,21,30,51,13
132,57,26,27,34
133,17,63,15,7
134,6,9,8,58
135,4,19,62,42
136,15,10,23,28
137,59,48,41,40
138,53,35,39,19
139,47,37,29,62
140,20,50,12,25
141,49,43,39,22
142,9,31,2,37
143,35,23,45,12
144,34,21,46,25
145,25,26,22,12
146,36,58,56,42
147,38,42,42,55
148,15,24,35,14
149,11,32,24,5
150,26,17,57,58
151,20,11,14,20
152,56,48,20,0
153,38,48,17,23
154,41,59,54,45
155,62,54,20,1
156,25,30,57,19
157,44,34,9,29
158,45,13,8,12
159,16,50,7,13
160,27,47,17,0
161,57,53,9,13
162,38,0,9,62
163,10,36,8,10
164,61,29,22,51
165,23,14,5,44
166,11,3,37,0
167,29,37,1,14
168,51,25,35,39
169,46,39,18,31
170,23,34,24,10
171,0,5,11,22
172,13,3,54,25
173,61,1,48,18
174,7,25,43,14
175,5,43,28,50
176,41,37,59,23
177,17,2,5,48
178,9,37,43,26
179,37,5,15,49
180,61,33,15,40
181,30,11,39,59
182,18,41,36,61
183,4,7,63,28
184,26,55,33,44
185,56,39,60,61
186,0,0,3,31
187,23,22,18,62
188,52,32,44,43
189,50,7,63,30
190,38,60,38,10
191,21,62,39,37
192,8,31,24,22
193,25,55,31,58
194,20,48,25,12
195,15,19,22,58
196,14,40,62,33
197,41,53,19,53
198,4,53,33,51
199,51,36,20,17
200,39,16,34,12
201,33,29,34,54
202,42,41,34,59
203,14,58,9,16
204,14,41,9,58
205,51,30,3,28
206,30,0,30,55
207,3,50,43,33
208,15,12,54,19
209,50,41,32,48
210,40,36,61,46
211,25,24,0,46
212,22,33,34,37
213,18,63,42,48
214,45,14,9,6
215,8,48,19,52
