2
Grid:
64,64
................................................................
................................................................
................................................................
................................................................
................................................................
................................................................
................................................................
................................................................
................................................................
................................................................
................................................................
................................................................
................................................................
................................................................
................................................................
................................................................
................................................................
................................................................
................................................................
................................................................
................................................................
................................................................
................................................................
................................................................
................................................................
................................................................
................................................................
................................................................
................................................................
................................................................
................................................................
................................................................
................................................................
................................................................
................................................................
................................................................
................................................................
................................................................
................................................................
................................................................
................................................................
................................................................
................................................................
................................................................
................................................................
................................................................
................................................................
................................................................
................................................................
................................................................
................................................................
................................................................
................................................................
................................................................
................................................................
................................................................
................................................................
................................................................
................................................................
................................................................
................................................................
................................................................
................................................................
................................................................
Agents:
222
0,10,53,42,30
1,46,33,31,37
2,49,45,15,15
3,27,48,62,14
4,61,8,51,49
5,5,13,32,50
6,28,39,3,19
7,40,31,5,41
8,48,18,7,38
9,63,18,2,34
10,42,5,5,13
11,27,15,61,31
12,11,43,23,16
13,36,49,29,10
14,22,33,12,29
15,48,5,26,48
16,60,10,59,63
17,41,42,20,46
18,42,51,40,55
19,20,20,53,34
20,2,3,51,5
21,31,24,18,52
22,44,41,58,37
23,20,9,17,10
24,17,23,40,12
25,43,0,62,5
26,60,4,51,14
27,25,31,8,40
28,21,6,27,22
29,8,41,63,61
30,25,27,30,31
31,23,0,56,23
32,16,18,61,59
33,62,61,55,3
34,53,61,10,32
35,62,43,0,16
36,16,39,57,10
37,38,3,15,57
38,35,34,14,36
39,23,26,39,35
40,31,63,38,28
41,5,8,53,32
42,25,60,7,20
43,13,36,17,48
44,16,11,41,47
45,29,14,42,21
46,12,24,21,16
47,41,4,14,61
48,0,44,25,48
49,25,1,47,19
50,11,20,56,52
51,33,30,18,63
52,41,0,59,47
53,47,20,27,32
54,30,22,34,60
55,59,50,62,53
56,46,45,23,50
57,9,26,5,2
58,22,14,40,32
59,38,19,43,62
60,5,25,12,26
61,44,42,19,20
62,32,47,43,33
63,30,55,2,63
64,62,34,53,61
65,2,55,53,48
66,9,21,53,53
67,15,11,2,16
68,29,38,47,10
69,31,25,40,35
70,12,56,2,4
71,6,58,34,24
72,15,42,20,17
73,31,31,19,42
74,14,15,16,32
75,45,49,59,24
76,5,5,54,8
77,60,49,1,20
78,39,55,43,3
79,62,58,31,43
80,33,55,18,31
81,22,60,36,54
82,20,4,15,28
83,41,25,38,35
84,29,62,18,33
85,60,47,47,14
86,47,13,15,26
87,6,12,35,20
88,19,50,48,54
89,27,53,41,22
90,15,63,15,39
91,41,46,46,7
92,52,16,47,1
93,49,4,56,34
94,25,30,12,34
95,36,38,45,8
96,39,36,47,18
97,55,21,60,0
98,33,9,57,24
99,38,10,26,55
100,1,6,17,3
101,1,16,12,19
102,19,62,54,22
103,2,56,20,52
104,62,47,4,55
105,29,53,14,0
106,27,9,25,63
107,42,34,53,6
108,14,39,12,10
109,8,3,50,37
110,19,37,15,21
111,63,63,16,3
112,26,21,50,33
113,8,11,18,40
114,21,49,50,10
115,42,9,31,9
116,12,16,54,20
117,52,9,47,20
118,61,25,2,14
119,14,57,56,46
120,5,42,63,6
121,0,46,49,1
122,10,30,13,54
123,58,20,46,36
124,1,34,31,55
125,55,28,42,11
126,6,1,13,45
127,54,61,29,16
128,54,55,41,51
129,34,12,57,16
130,4,20,49,11
131,41,11,55,49
132,21,33,30,30
133,36,53,21,0
134,12,18,40,57
135,53,25,8,37
136,31,21,7,1
137,63,43,8,11
138,10,42,54,5
139,17,0,4,9
140,43,48,57,46
141,25,24,3,3
142,3,59,29,38
143,34,30,6,16
144,63,23,32,36
145,22,56,43,23
146,37,43,24,32
147,5,63,24,55
148,8,25,26,39
149,47,17,14,54
150,46,46,12,52
151,45,29,14,53
152,60,48,37,2
153,2,10,18,9
154,50,12,39,24
155,38,33,10,23
156,33,19,30,44
157,12,63,2,61
158,49,61,28,43
159,30,41,51,45
160,18,45,22,39
161,18,29,49,53
162,2,39,60,12
163,48,19,61,6
164,37,11,13,49
165,16,26,45,20
166,2,25,24,48
167,59,59,45,3
168,27,18,31,51
169,57,24,13,16
170,43,51,4,36
171,49,53,4,6
172,23,17,20,51
173,31,5,59,3
174,13,11,61,54
175,59,6,9,8
176,62,0,44,44
177,28,15,43,36
178,36,39,37,52
179,42,46,48,25
180,16,7,46,20
181,17,50,42,28
182,3,53,7,17
183,33,11,51,51
184,47,58,2,53
185,2,31,52,50
186,44,13,59,6
187,15,30,19,2
188,52,32,43,51
189,61,21,1,9
190,27,2,37,46
191,61,44,42,52
192,32,6,53,41
193,18,11,23,31
194,51,4,17,51
195,36,15,36,45
196,1,24,63,12
197,42,47,23,6
198,22,4,32,29
199,34,13,48,8
200,5,33,61,15
201,58,4,63,10
202,41,21,22,42
203,49,6,0,48
204,43,14,40,45
205,53,23,19,17
206,20,27,44,10
207,57,36,51,11
208,7,61,27,6
209,22,41,46,38
210,41,63,24,31
211,29,7,12,17
212,30,37,15,45
213,43,13,35,7
214,51,23,14,7
215,4,63,43,18
216,9,19,54,23
217,0,48,42,41
218,16,46,59,2
219,26,51,43,50
220,54,42,4,27
221,3,15,2,1
