4
Grid:
64,64
................................................................
................................................................
................................................................
................................................................
................................................................
................................................................
................................................................
................................................................
................................................................
................................................................
................................................................
................................................................
................................................................
................................................................
................................................................
................................................................
................................................................
................................................................
................................................................
................................................................
................................................................
................................................................
................................................................
................................................................
................................................................
................................................................
................................................................
................................................................
................................................................
................................................................
................................................................
................................................................
................................................................
................................................................
................................................................
................................................................
................................................................
................................................................
................................................................
................................................................
................................................................
................................................................
................................................................
................................................................
................................................................
................................................................
................................................................
................................................................
................................................................
................................................................
................................................................
................................................................
................................................................
................................................................
................................................................
................................................................
................................................................
................................................................
................................................................
................................................................
................................................................
................................................................
................................................................
................................................................
Agents:
162
0,46,43,1,15
1,51,18,48,37
2,59,9,56,22
3,5,60,3,36
4,19,5,20,25
5,54,16,48,7
6,3,28,62,30
7,38,54,15,4
8,34,37,20,45
9,46,28,44,29
10,32,5,35,63
11,33,56,40,6
12,50,46,36,61
13,59,15,6,20
14,42,54,22,39
15,39,9,19,13
16,35,6,40,10
17,55,5,22,32
18,38,0,51,34
19,26,4,1,24
20,1,42,31,21
21,10,13,13,42
22,46,18,28,36
23,59,18,58,10
24,31,54,54,52
25,45,59,20,8
26,1,2,24,47
27,60,41,38,12
28,9,58,40,22
29,31,12,39,32
30,13,54,27,17
31,18,29,20,26
32,30,44,28,41
33,44,61,40,24
34,37,32,30,54
35,16,34,54,21
36,10,42,55,30
37,27,54,54,29
38,59,19,41,23
39,9,32,41,47
40,51,41,35,17
41,48,52,26,9
42,8,43,52,46
43,8,33,29,6
44,10,14,27,14
45,59,43,29,58
46,32,14,12,46
47,54,10,63,58
48,24,44,48,63
49,47,1,39,45
50,37,62,16,45
51,45,62,44,58
52,38,11,46,24
53,49,23,26,56
54,38,6,22,16
55,45,54,5,61
56,49,62,20,2
57,25,36,33,20
58,6,29,21,11
59,20,50,13,17
60,36,11,10,20
61,50,22,30,2
62,37,36,28,26
63,1,59,24,63
64,51,16,46,29
65,30,14,42,33
66,36,8,54,36
67,59,53,4,54
68,60,50,1,50
69,14,61,34,31
70,58,49,30,60
71,58,4,63,19
72,58,34,11,4
73,53,17,42,4
74,4,58,42,25
75,23,61,22,58
76,28,25,49,23
77,11,22,58,45
78,24,2,56,24
79,9,53,4,26
80,35,22,26,57
81,39,31,38,19
82,17,40,57,16
83,3,35,17,5
84,40,19,39,36
85,15,23,26,42
86,56,51,22,34
87,17,46,15,36
88,54,31,48,32
89,41,30,60,17
90,6,34,1,58
91,11,36,62,31
92,54,38,13,45
93,43,33,36,60
94,42,37,15,39
95,25,12,10,18
96,51,4,29,30
97,14,36,17,39
98,28,1,17,51
99,51,17,53,27
100,31,17,51,60
101,41,49,50,30
102,43,0,21,31
103,5,40,3,10
104,8,28,10,9
105,31,57,4,47
106,24,43,40,33
107,46,1,37,26
108,10,3,62,23
109,40,43,63,15
110,61,33,8,49
111,57,2,16,41
112,58,2,51,9
113,35,51,13,23
114,37,44,46,25
115,18,53,8,41
116,43,23,49,48
117,63,53,4,40
118,56,26,48,29
119,56,54,49,33
120,33,2,52,8
121,24,13,61,61
122,6,31,60,18
123,51,8,5,62
124,22,13,25,14
125,25,25,14,51
126,25,8,34,41
127,20,61,11,45
128,24,38,55,14
129,54,40,21,47
130,29,18,12,25
131,3,27,4,44
132,14,0,28,21
133,43,57,56,33
134,8,47,47,2
135,10,49,5,58
136,10,58,34,21
137,60,27,6,49
138,15,26,59,25
139,28,24,33,39
140,19,56,36,41
141,28,34,58,33
142,2,1,32,4
143,28,17,59,29
144,36,16,50,42
145,25,15,10,1
146,63,60,9,38
147,16,50,14,26
148,29,28,15,18
149,4,41,55,23
150,15,39,10,0
151,62,25,1,44
152,53,45,2,32
153,42,27,58,36
154,25,2,10,50
155,53,42,41,26
156,8,17,51,52
157,14,43,1,12
158,62,42,20,50
159,28,54,40,25
160,11,57,6,59
161,24,59,17,61
