2
Grid:
64,64
................................................................
................................................................
................................................................
................................................................
................................................................
................................................................
................................................................
................................................................
................................................................
................................................................
................................................................
................................................................
................................................................
................................................................
................................................................
................................................................
................................................................
................................................................
................................................................
................................................................
................................................................
................................................................
................................................................
................................................................
................................................................
................................................................
................................................................
................................................................
................................................................
................................................................
................................................................
................................................................
................................................................
................................................................
................................................................
................................................................
................................................................
................................................................
................................................................
................................................................
................................................................
................................................................
................................................................
................................................................
................................................................
................................................................
................................................................
................................................................
................................................................
................................................................
................................................................
................................................................
................................................................
................................................................
................................................................
................................................................
................................................................
................................................................
................................................................
................................................................
................................................................
................................................................
................................................................
................................................................
Agents:
224
0,38,38,11,26
1,13,38,24,6
2,13,28,53,35
3,36,14,7,57
4,56,23,3,47
5,0,32,15,61
6,49,39,34,1
7,60,1,41,24
8,23,9,23,6
9,10,0,22,39
10,51,57,10,27
11,58,26,16,46
12,63,14,28,48
13,59,21,0,48
14,27,43,9,37
15,35,45,39,62
16,29,57,55,8
17,31,1,9,17
18,59,13,62,26
19,44,42,34,27
20,29,9,38,29
21,47,57,21,4
22,52,49,46,27
23,9,47,33,16
24,43,27,4,53
25,57,26,25,34
26,28,41,1,11
27,19,44,38,33
28,44,51,58,50
29,39,62,49,28
30,32,15,17,49
31,51,12,33,35
32,52,19,18,21
33,3,55,41,14
34,8,59,59,31
35,6,10,58,8
36,28,32,20,38
37,35,42,18,40
38,9,1,27,55
39,37,13,17,9
40,5,12,44,11
41,42,63,35,22
42,49,9,46,35
43,17,51,10,22
44,37,50,42,31
45,21,8,45,12
46,37,45,59,47
47,9,14,55,54
48,22,34,33,20
49,4,33,7,63
50,46,17,53,59
51,39,48,48,17
52,21,47,20,21
53,61,60,30,33
54,5,41,30,51
55,34,42,30,18
56,13,25,1,23
57,56,20,13,27
58,36,51,54,52
59,1,15,4,44
60,18,21,9,49
61,37,62,35,16
62,36,46,49,26
63,22,21,37,20
64,20,38,58,63
65,60,4,7,1
66,31,51,13,9
67,37,58,36,28
68,42,1,27,37
69,11,21,30,56
70,46,60,45,38
71,15,42,1,6
72,58,12,62,45
73,53,52,58,13
74,41,34,40,11
75,7,25,60,3
76,32,30,23,20
77,63,17,55,15
78,10,23,31,43
79,11,14,25,39
80,37,48,20,14
81,21,60,50,36
82,45,9,39,42
83,58,5,30,39
84,47,42,53,17
85,8,25,21,13
86,31,44,4,4
87,33,22,45,18
88,6,58,39,18
89,3,23,63,33
90,57,33,26,19
91,43,49,6,9
92,31,34,12,30
93,36,0,11,25
94,47,19,55,6
95,53,61,25,7
96,47,61,20,1
97,39,19,40,36
98,61,49,15,47
99,18,47,23,13
100,5,63,22,8
101,25,45,23,30
102,58,51,27,63
103,61,41,61,58
104,11,15,40,2
105,19,51,23,16
106,20,4,49,14
107,4,36,4,61
108,28,10,0,29
109,37,57,43,21
110,16,27,17,58
111,58,53,34,35
112,35,33,54,38
113,60,35,5,17
114,47,50,9,30
115,61,18,13,53
116,5,9,63,60
117,28,44,43,16
118,23,49,43,63
119,40,48,4,19
120,3,11,14,30
121,8,32,44,26
122,63,2,23,43
123,41,42,46,28
124,56,2,46,17
125,55,50,40,53
126,11,24,13,54
127,30,41,35,11
128,9,25,57,31
129,55,25,60,43
130,58,24,33,18
131,18,1,1,15
132,45,10,12,21
133,40,24,20,47
134,12,42,50,32
135,34,52,31,41
136,54,5,45,0
137,19,26,52,33
138,54,33,48,53
139,56,17,52,43
140,42,44,33,51
141,59,10,2,34
142,6,45,26,33
143,43,50,62,10
144,39,51,31,58
145,40,15,3,60
146,56,41,3,48
147,16,47,61,48
148,13,61,52,9
149,20,30,32,62
150,2,32,63,62
151,53,12,6,29
152,16,22,63,50
153,34,24,43,22
154,22,42,56,58
155,45,40,5,60
156,32,37,44,13
157,46,14,3,11
158,29,7,22,44
159,58,0,51,11
160,31,53,40,46
161,48,25,51,26
162,2,19,31,17
163,60,12,36,11
164,53,35,21,49
165,12,56,54,30
166,13,26,47,41
167,15,10,26,5
168,54,46,57,36
169,58,47,34,30
170,10,18,26,46
171,28,61,50,1
172,46,19,6,21
173,58,2,32,38
174,18,5,60,33
175,3,19,1,31
176,62,12,58,31
177,48,28,48,13
178,9,61,42,36
179,26,21,22,32
180,35,50,16,38
181,29,52,20,27
182,27,6,37,27
183,21,36,1,50
184,24,46,3,28
185,13,11,53,32
186,54,13,25,41
187,25,50,17,38
188,20,2,17,57
189,36,40,29,9
190,17,50,62,4
191,17,6,42,16
192,53,57,50,63
193,27,3,43,57
194,26,26,48,46
195,37,60,15,28
196,20,52,48,22
197,46,41,2,2
198,32,16,10,14
199,61,22,45,55
200,42,35,9,19
201,56,56,26,31
202,29,49,34,31
203,51,61,22,45
204,7,7,59,39
205,24,50,47,44
206,4,49,27,39
207,63,33,29,44
208,43,18,55,12
209,9,62,5,19
210,9,17,10,30
211,54,1,54,31
212,30,47,13,25
213,18,3,3,13
214,29,60,54,50
215,43,59,52,31
216,8,45,23,24
217,14,61,22,54
218,27,41,60,41
219,16,29,3,14
220,18,29,17,7
221,36,34,6,38
222,48,61,63,20
223,7,10,43,43
