3
Grid:
64,64
................................................................
................................................................
................................................................
................................................................
................................................................
................................................................
................................................................
................................................................
................................................................
................................................................
................................................................
................................................................
................................................................
................................................................
................................................................
................................................................
................................................................
................................................................
................................................................
................................................................
................................................................
................................................................
................................................................
................................................................
................................................................
................................................................
................................................................
................................................................
................................................................
................................................................
................................................................
................................................................
................................................................
................................................................
................................................................
................................................................
................................................................
................................................................
................................................................
................................................................
................................................................
................................................................
................................................................
................................................................
................................................................
................................................................
................................................................
................................................................
................................................................
................................................................
................................................................
................................................................
................................................................
................................................................
................................................................
................................................................
................................................................
................................................................
................................................................
................................................................
................................................................
................................................................
................................................................
................................................................
Agents:
176
0,9,40,18,41
1,41,30,56,38
2,55,34,31,2
3,54,35,49,44
4,46,59,59,35
5,9,51,0,30
6,14,2,52,42
7,48,29,26,48
8,3,14,57,58
9,48,14,3,56
10,17,11,27,43
11,46,48,3,33
12,15,49,47,46
13,20,48,7,45
14,51,44,17,27
15,21,50,29,39
16,13,5,39,45
17,62,34,23,31
18,28,50,20,35
19,2,2,6,5
20,58,1,56,58
21,5,25,18,36
22,37,37,49,3
23,18,29,22,56
24,19,0,5,30
25,6,58,1,8
26,48,17,36,2
27,42,61,23,27
28,58,56,36,32
29,14,5,16,51
30,14,6,59,17
31,48,2,63,36
32,38,23,10,15
33,37,8,32,55
34,0,16,55,19
35,12,46,18,58
36,19,16,55,1
37,5,20,8,36
38,10,42,35,7
39,31,54,49,11
40,37,27,47,59
41,1,59,16,25
42,27,0,42,61
43,39,36,34,34
44,35,60,28,30
45,51,52,3,41
46,17,3,30,11
47,51,14,35,25
48,0,9,25,55
49,26,4,54,17
50,0,54,55,33
51,46,2,41,44
52,62,25,21,57
53,56,38,44,35
54,46,36,4,13
55,37,24,23,33
56,41,61,10,31
57,28,11,32,46
58,21,42,28,21
59,45,2,14,35
60,38,28,40,27
61,44,15,59,2
62,58,31,23,28
63,62,2,24,63
64,33,60,38,36
65,41,22,47,35
66,27,23,22,58
67,50,47,55,0
68,45,63,58,2
69,61,2,41,47
70,8,1,56,33
71,54,62,17,41
72,22,27,27,31
73,11,19,62,45
74,38,39,1,48
75,56,21,28,58
76,28,24,15,20
77,29,35,25,31
78,9,30,2,21
79,7,31,23,52
80,26,54,38,13
81,5,49,43,22
82,58,15,47,43
83,60,17,50,24
84,11,45,28,49
85,30,22,9,55
86,45,42,17,18
87,57,37,38,32
88,38,45,52,62
89,56,31,50,7
90,19,42,40,4
91,27,57,58,11
92,3,20,63,28
93,58,3,59,6
94,57,14,6,34
95,37,14,24,13
96,55,29,21,26
97,39,18,52,44
98,60,4,13,8
99,3,7,43,10
100,30,57,18,49
101,8,57,46,60
102,9,34,45,24
103,40,49,18,20
104,30,56,20,28
105,61,27,40,18
106,38,40,40,48
107,11,48,53,17
108,26,12,54,5
109,46,38,39,30
110,21,57,54,40
111,23,61,55,28
112,7,15,5,1
113,30,15,22,52
114,3,39,11,49
115,41,34,58,52
116,41,48,9,19
117,0,26,9,6
118,34,33,36,15
119,47,33,11,46
120,43,8,61,51
121,37,1,49,54
122,17,9,5,11
123,40,15,34,27
124,18,55,20,33
125,55,47,27,38
126,22,29,12,21
127,50,37,7,17
128,33,11,21,1
129,50,57,50,47
130,3,25,5,61
131,46,55,44,6
132,14,26,54,3
133,49,53,3,43
134,39,49,9,37
135,13,57,42,41
136,28,12,19,56
137,59,12,23,46
138,20,22,62,10
139,43,62,37,17
140,39,15,40,29
141,60,11,51,24
142,47,57,33,27
143,11,12,61,40
144,62,27,37,18
145,56,22,23,58
146,47,54,51,9
147,29,17,45,19
148,26,46,60,20
149,50,54,58,4
150,23,51,28,2
151,39,33,3,19
152,41,62,1,4
153,19,9,18,15
154,33,37,9,4
155,16,11,59,15
156,31,52,7,8
157,17,52,22,13
158,29,34,46,57
159,7,21,49,51
160,15,37,35,3
161,54,12,47,54
162,57,54,0,38
163,10,38,18,4
164,46,42,34,5
165,50,38,50,61
166,35,53,16,55
167,38,52,56,39
168,39,27,42,25
169,34,49,8,32
170,38,2,44,20
171,43,25,23,18
172,10,44,11,32
173,55,59,24,14
174,36,41,46,42
175,52,55,29,17
