2
Grid:
64,64
................................................................
................................................................
................................................................
................................................................
................................................................
................................................................
................................................................
................................................................
................................................................
................................................................
................................................................
................................................................
................................................................
................................................................
................................................................
................................................................
................................................................
................................................................
................................................................
................................................................
................................................................
................................................................
................................................................
................................................................
................................................................
................................................................
................................................................
................................................................
................................................................
................................................................
................................................................
................................................................
................................................................
................................................................
................................................................
................................................................
................................................................
................................................................
................................................................
................................................................
................................................................
................................................................
................................................................
................................................................
................................................................
................................................................
................................................................
................................................................
................................................................
................................................................
................................................................
................................................................
................................................................
................................................................
................................................................
................................................................
................................................................
................................................................
................................................................
................................................................
................................................................
................................................................
................................................................
................................................................
Agents:
214
0,11,34,1,39
1,63,33,6,1
2,9,1,28,9
3,12,1,17,61
4,15,32,12,25
5,56,18,39,57
6,42,36,26,25
7,43,37,19,58
8,0,38,48,30
9,31,52,7,56
10,47,37,41,50
11,56,43,25,62
12,16,47,24,61
13,60,21,9,7
14,18,56,60,53
15,48,1,52,10
16,36,36,59,37
17,9,7,11,26
18,6,49,28,26
19,26,58,23,20
20,6,10,58,7
21,2,18,16,35
22,18,33,13,47
23,8,8,8,50
24,23,17,14,12
25,37,40,25,38
26,56,36,60,33
27,18,37,9,62
28,42,20,36,26
29,16,26,47,33
30,5,54,48,18
31,47,23,15,41
32,48,54,26,39
33,45,6,18,61
34,26,36,47,50
35,31,14,12,44
36,12,37,39,62
37,45,37,63,3
38,35,37,11,38
39,25,47,28,40
40,39,52,40,15
41,62,0,34,2
42,18,7,47,54
43,8,0,43,47
44,17,36,22,9
45,29,50,44,16
46,32,0,44,5
47,53,16,42,6
48,26,43,32,24
49,34,27,2,42
50,51,2,36,52
51,45,51,1,30
52,50,22,16,4
53,28,19,12,37
54,54,44,60,2
55,2,4,15,43
56,59,33,33,43
57,50,16,16,5
58,55,47,1,56
59,4,40,25,54
60,46,45,61,26
61,52,54,12,46
62,6,44,9,31
63,46,11,58,0
64,48,29,21,47
65,11,55,13,18
66,3,61,49,52
67,60,37,59,51
68,6,11,42,11
69,13,60,17,28
70,43,53,57,52
71,9,36,17,17
72,34,25,36,47
73,55,63,21,30
74,13,36,32,2
75,24,43,53,9
76,39,57,14,59
77,45,5,59,55
78,13,55,33,56
79,40,16,32,36
80,35,25,16,9
81,33,10,0,47
82,0,61,60,8
83,36,13,24,33
84,10,44,11,13
85,33,8,50,48
86,61,57,50,3
87,35,15,19,21
88,20,44,39,33
89,53,46,9,14
90,61,11,18,33
91,4,31,45,19
92,16,9,13,8
93,15,54,21,51
94,24,15,30,43
95,30,7,25,19
96,19,26,58,32
97,17,48,20,16
98,3,23,20,15
99,24,57,39,1
100,26,0,2,45
101,25,44,56,29
102,10,30,55,51
103,60,52,62,34
104,34,61,55,7
105,34,0,3,8
106,16,58,4,25
107,19,23,53,57
108,20,2,33,25
109,58,55,29,5
110,46,46,38,39
111,53,58,22,62
112,13,25,1,59
113,52,34,11,56
114,39,51,43,33
115,12,61,0,38
116,19,59,18,2
117,19,61,10,25
118,50,24,43,32
119,20,49,15,11
120,12,27,46,13
121,20,26,46,25
122,45,29,10,47
123,54,25,14,60
124,7,58,62,28
125,27,0,45,57
126,29,33,9,38
127,11,44,41,39
128,11,31,58,33
129,30,48,28,37
130,42,26,22,36
131,12,46,19,25
132,48,37,52,57
133,45,21,62,13
134,38,21,41,14
135,37,60,19,8
136,45,8,43,1
137,42,18,19,9
138,26,26,5,2
139,13,47,27,16
140,27,45,7,30
141,24,11,56,19
142,32,49,3,34
143,47,38,41,21
144,50,18,43,23
145,57,35,20,48
146,7,50,60,57
147,15,37,39,42
148,42,7,18,52
149,48,33,17,57
150,50,49,7,63
151,20,30,29,20
152,19,20,9,17
153,55,57,44,17
154,18,48,24,53
155,17,46,43,34
156,14,14,36,58
157,63,30,6,54
158,22,36,35,19
159,5,59,47,17
160,37,63,15,36
161,35,18,16,10
162,2,9,34,37
163,1,55,38,4
164,2,53,10,23
165,48,6,31,53
166,63,1,36,32
167,40,41,60,22
168,56,11,4,38
169,58,54,43,56
170,20,1,55,42
171,1,11,2,57
172,21,56,52,47
173,51,48,60,14
174,14,5,14,19
175,59,50,61,51
176,13,2,9,4
177,27,9,61,42
178,18,0,23,1
179,54,29,12,0
180,0,11,1,4
181,47,13,13,13
182,37,21,42,4
183,5,28,21,6
184,43,57,63,58
185,1,47,52,25
186,43,34,15,49
187,17,55,14,14
188,52,9,9,8
189,3,17,31,46
190,38,42,16,30
191,3,9,10,45
192,27,22,17,29
193,30,47,34,14
194,57,57,46,57
195,63,55,60,10
196,0,54,12,56
197,27,8,7,27
198,18,30,61,15
199,43,50,61,27
200,26,8,37,3
201,52,12,4,4
202,7,43,45,53
203,49,35,17,54
204,20,9,57,19
205,60,36,39,49
206,54,22,49,8
207,7,37,16,23
208,7,47,13,61
209,57,46,47,47
210,62,60,5,50
211,0,7,34,42
212,47,51,45,27
213,33,26,63,13
