1
Grid:
64,64
................................................................
................................................................
................................................................
................................................................
................................................................
................................................................
................................................................
................................................................
................................................................
................................................................
................................................................
................................................................
................................................................
................................................................
................................................................
................................................................
................................................................
................................................................
................................................................
................................................................
................................................................
................................................................
................................................................
................................................................
................................................................
................................................................
................................................................
................................................................
................................................................
................................................................
................................................................
................................................................
................................................................
................................................................
................................................................
................................................................
................................................................
................................................................
................................................................
................................................................
................................................................
................................................................
................................................................
................................................................
................................................................
................................................................
................................................................
................................................................
................................................................
................................................................
................................................................
................................................................
................................................................
................................................................
................................................................
................................................................
................................................................
................................................................
................................................................
................................................................
................................................................
................................................................
................................................................
................................................................
Agents:
72
0,63,56,9,10
1,54,51,10,12
2,18,34,21,31
3,52,58,27,43
4,8,15,53,60
5,11,10,12,10
6,59,37,24,59
7,16,11,23,52
8,10,50,47,39
9,21,57,60,33
10,32,39,44,48
11,27,5,51,51
12,60,51,13,53
13,15,25,0,37
14,34,36,46,36
15,31,41,10,15
16,28,46,40,51
17,13,52,44,42
18,52,60,30,5
19,56,26,2,31
20,50,30,0,9
21,51,22,25,26
22,7,32,58,54
23,22,2,59,56
24,36,20,45,21
25,1,48,49,41
26,50,29,33,32
27,14,23,42,39
28,29,49,60,59
29,55,30,39,50
30,18,26,14,55
31,24,35,3,12
32,47,34,51,19
33,45,13,47,38
34,23,27,32,28
35,22,13,50,4
36,58,59,31,37
37,7,2,59,27
38,52,4,54,38
39,61,27,2,8
40,29,12,36,46
41,52,13,25,52
42,35,47,5,38
43,54,62,29,1
44,32,53,11,32
45,23,3,18,57
46,4,25,46,2
47,7,23,18,23
48,5,15,11,53
49,39,37,23,32
50,50,8,24,25
51,43,8,37,58
52,61,51,43,35
53,54,54,9,49
54,21,11,63,59
55,35,24,26,59
56,51,28,6,46
57,1,6,43,16
58,37,10,53,45
59,0,63,53,23
60,43,47,15,41
61,45,34,2,19
62,4,18,55,22
63,8,32,52,34
64,52,47,47,62
65,60,36,30,12
66,29,24,59,26
67,40,20,0,36
68,33,44,10,56
69,16,47,25,42
70,57,0,38,23
71,18,63,53,63
