4
Grid:
64,64
................................................................
................................................................
................................................................
................................................................
................................................................
................................................................
................................................................
................................................................
................................................................
................................................................
................................................................
................................................................
................................................................
................................................................
................................................................
................................................................
................................................................
................................................................
................................................................
................................................................
................................................................
................................................................
................................................................
................................................................
................................................................
................................................................
................................................................
................................................................
................................................................
................................................................
................................................................
................................................................
................................................................
................................................................
................................................................
................................................................
................................................................
................................................................
................................................................
................................................................
................................................................
................................................................
................................................................
................................................................
................................................................
................................................................
................................................................
................................................................
................................................................
................................................................
................................................................
................................................................
................................................................
................................................................
................................................................
................................................................
................................................................
................................................................
................................................................
................................................................
................................................................
................................................................
................................................................
................................................................
Agents:
42
0,8,59,30,15
1,41,33,45,16
2,62,25,11,58
3,48,36,56,60
4,25,34,5,32
5,22,61,8,58
6,59,20,59,53
7,15,15,61,10
8,58,5,61,30
9,43,36,17,31
10,57,27,11,22
11,44,15,44,16
12,23,32,15,63
13,62,15,46,39
14,33,19,6,3
15,56,57,22,28
16,15,10,35,0
17,26,17,41,21
18,29,8,10,38
19,40,32,26,23
20,14,1,37,56
21,49,31,43,11
22,47,50,6,35
23,42,55,16,16
24,2,56,59,49
25,58,10,15,18
26,49,40,42,52
27,12,45,27,5
28,14,26,56,11
29,10,30,61,54
30,26,33,18,50
31,3,5,27,42
32,42,29,16,13
33,45,49,46,2
34,58,62,50,27
35,50,50,52,47
36,28,10,28,57
37,21,55,17,2
38,41,13,18,42
39,31,36,40,57
40,53,7,50,52
41,12,41,11,47
