1
Grid:
64,64
................................................................
................................................................
................................................................
................................................................
................................................................
................................................................
................................................................
................................................................
................................................................
................................................................
................................................................
................................................................
................................................................
................................................................
................................................................
................................................................
................................................................
................................................................
................................................................
................................................................
................................................................
................................................................
................................................................
................................................................
................................................................
................................................................
................................................................
................................................................
................................................................
................................................................
................................................................
................................................................
................................................................
................................................................
................................................................
................................................................
................................................................
................................................................
................................................................
................................................................
................................................................
................................................................
................................................................
................................................................
................................................................
................................................................
................................................................
................................................................
................................................................
................................................................
................................................................
................................................................
................................................................
................................................................
................................................................
................................................................
................................................................
................................................................
................................................................
................................................................
................................................................
................................................................
................................................................
................................................................
Agents:
226
0,4,61,38,29
1,48,54,10,22
2,20,21,5,56
3,26,46,56,4
4,49,16,58,2
5,44,42,38,45
6,41,34,34,20
7,27,21,44,42
8,39,14,48,43
9,22,10,51,14
10,14,28,54,29
11,29,15,7,22
12,34,53,14,0
13,20,18,32,31
14,26,29,28,35
15,41,31,52,25
16,13,6,31,45
17,44,36,28,47
18,58,57,35,43
19,45,49,41,21
20,51,43,27,55
21,45,54,23,44
22,38,18,16,0
23,6,0,3,55
24,10,3,37,61
25,32,24,41,8
26,53,49,23,47
27,29,40,12,54
28,32,32,5,61
29,20,31,32,17
30,1,7,42,52
31,20,19,3,2
32,38,12,44,44
33,28,34,59,11
34,53,54,49,40
35,26,45,1,61
36,32,36,19,29
37,22,34,9,47
38,46,39,28,2
39,41,16,6,45
40,46,19,36,5
41,8,22,49,31
42,61,16,4,49
43,42,28,18,58
44,41,4,4,44
45,4,26,20,54
46,37,13,1,26
47,48,44,54,39
48,23,26,61,59
49,15,25,8,35
50,53,36,9,10
51,11,19,33,43
52,40,51,37,6
53,55,16,59,53
54,26,59,7,27
55,57,56,16,3
56,54,3,39,21
57,49,46,9,55
58,62,61,7,13
59,22,21,36,35
60,34,63,40,8
61,56,49,31,2
62,50,0,61,53
63,7,19,1,21
64,51,41,37,50
65,10,20,26,17
66,23,15,51,60
67,27,9,44,28
68,8,53,42,30
69,46,10,37,5
70,25,25,34,62
71,2,45,12,2
72,11,11,44,38
73,36,33,63,22
74,28,2,35,46
75,45,26,36,32
76,4,58,56,54
77,55,53,23,7
78,43,26,1,58
79,32,40,11,39
80,43,36,14,54
81,29,48,44,32
82,48,37,31,54
83,33,38,18,38
84,40,39,59,58
85,37,9,3,45
86,15,11,54,21
87,60,8,57,42
88,61,10,62,3
89,38,38,31,3
90,28,38,41,9
91,54,49,23,43
92,60,48,28,51
93,16,29,15,61
94,24,37,11,3
95,29,46,20,18
96,20,5,39,40
97,31,52,16,31
98,60,17,34,39
99,61,37,16,51
100,42,61,34,18
101,56,53,46,18
102,28,35,54,48
103,10,56,59,46
104,61,46,2,1
105,55,33,39,32
106,52,58,26,25
107,12,4,62,26
108,46,43,16,50
109,52,0,41,7
110,20,3,48,55
111,14,3,56,11
112,9,55,50,49
113,53,9,41,58
114,44,8,56,23
115,12,44,44,19
116,13,0,13,37
117,59,30,26,14
118,45,1,41,26
119,21,24,21,32
120,37,24,57,15
121,32,41,48,52
122,45,60,59,24
123,58,25,62,52
124,57,26,11,49
125,5,16,60,15
126,28,61,47,31
127,17,39,27,61
128,46,53,58,62
129,46,1,25,53
130,11,52,28,7
131,34,11,0,51
132,19,51,40,58
133,62,45,35,61
134,23,45,6,28
135,22,28,14,24
136,26,60,32,44
137,35,37,3,6
138,21,13,58,52
139,61,27,29,55
140,16,18,5,1
141,3,59,55,39
142,15,16,22,59
143,47,20,21,24
144,48,55,14,12
145,22,48,51,63
146,41,36,40,32
147,12,43,32,19
148,7,33,23,50
149,41,6,11,48
150,27,11,39,59
151,3,24,51,48
152,57,0,43,7
153,34,20,42,41
154,3,9,3,14
155,32,29,53,26
156,38,19,46,13
157,48,57,40,38
158,49,38,2,50
159,60,3,40,4
160,4,42,13,25
161,61,31,8,30
162,23,38,12,45
163,50,53,47,11
164,48,56,7,55
165,29,51,22,50
166,36,55,48,38
167,0,4,25,59
168,15,43,39,13
169,1,14,19,6
170,16,38,59,25
171,23,56,44,54
172,9,22,59,7
173,52,19,56,13
174,57,32,30,30
175,37,37,8,50
176,1,48,7,56
177,14,35,17,56
178,0,19,43,0
179,14,45,32,43
180,35,11,49,45
181,43,44,55,35
182,57,47,26,23
183,19,44,43,13
184,42,6,35,37
185,36,46,41,5
186,21,41,24,48
187,25,22,28,29
188,7,31,55,60
189,28,28,38,43
190,1,29,19,7
191,13,62,27,4
192,54,15,25,27
193,53,43,12,23
194,42,46,35,29
195,0,0,28,27
196,55,5,6,0
197,59,42,4,28
198,62,26,17,24
199,3,7,2,46
200,41,51,40,16
201,60,55,21,5
202,16,23,18,3
203,28,33,34,29
204,54,50,19,39
205,43,6,36,53
206,12,46,56,17
207,31,59,1,42
208,57,3,45,21
209,54,62,1,47
210,28,54,45,27
211,45,21,35,48
212,50,19,50,45
213,27,29,25,58
214,32,2,9,30
215,25,57,55,51
216,52,11,16,32
217,0,22,50,16
218,45,30,10,45
219,56,61,0,61
220,15,8,55,19
221,55,13,39,57
222,20,48,29,31
223,57,12,41,19
224,11,2,13,45
225,32,63,21,53
