3
Grid:
64,64
................................................................
................................................................
................................................................
................................................................
................................................................
................................................................
................................................................
................................................................
................................................................
................................................................
................................................................
................................................................
................................................................
................................................................
................................................................
................................................................
................................................................
................................................................
................................................................
................................................................
................................................................
................................................................
................................................................
................................................................
................................................................
................................................................
................................................................
................................................................
................................................................
................................................................
................................................................
................................................................
................................................................
................................................................
................................................................
................................................................
................................................................
................................................................
................................................................
................................................................
................................................................
................................................................
................................................................
................................................................
................................................................
................................................................
................................................................
................................................................
................................................................
................................................................
................................................................
................................................................
................................................................
................................................................
................................................................
................................................................
................................................................
................................................................
................................................................
................................................................
................................................................
................................................................
................................................................
................................................................
Agents:
166
0,46,5,6,37
1,43,1,18,7
2,5,31,54,26
3,53,49,51,53
4,14,29,35,15
5,49,6,10,12
6,47,8,43,4
7,21,39,6,29
8,9,63,59,58
9,37,31,14,24
10,4,35,39,10
11,3,61,48,23
12,1,19,48,3
13,50,50,26,7
14,58,50,33,40
15,16,19,10,15
16,15,14,42,63
17,41,7,23,3
18,51,47,12,30
19,2,38,40,2
20,1,17,14,58
21,37,41,11,2
22,36,28,1,49
23,27,27,59,2
24,53,42,59,37
25,25,36,33,13
26,12,50,24,10
27,26,11,62,3
28,2,45,28,11
29,63,49,39,34
30,45,3,58,35
31,55,28,18,35
32,12,29,0,59
33,54,32,17,45
34,30,13,21,4
35,51,25,44,57
36,61,63,26,59
37,30,51,59,21
38,61,26,39,41
39,56,23,6,58
40,60,15,47,44
41,24,43,37,17
42,7,29,46,31
43,52,30,5,47
44,5,6,60,24
45,48,17,36,47
46,56,61,2,41
47,26,9,29,33
48,28,6,12,29
49,38,59,1,8
50,60,39,56,28
51,55,0,30,39
52,39,12,4,53
53,19,39,15,53
54,14,40,9,5
55,20,26,57,26
56,56,21,0,53
57,6,39,43,61
58,4,33,18,20
59,22,24,60,13
60,43,0,9,32
61,8,44,56,58
62,41,44,20,15
63,6,32,44,3
64,24,51,52,16
65,61,18,8,63
66,62,61,10,9
67,26,21,56,35
68,24,23,15,2
69,4,58,36,59
70,10,13,41,57
71,15,28,35,8
72,49,21,29,5
73,24,35,43,6
74,54,51,52,41
75,5,59,24,52
76,47,14,57,39
77,15,60,13,25
78,31,11,10,54
79,23,59,24,24
80,6,50,54,6
81,14,26,53,2
82,42,2,6,31
83,28,59,63,38
84,59,49,45,33
85,15,44,52,58
86,29,28,8,50
87,13,30,50,42
88,48,43,41,30
89,59,19,57,58
90,19,35,13,54
91,41,37,7,46
92,46,2,3,33
93,35,47,17,12
94,45,30,42,28
95,53,13,37,12
96,63,8,47,53
97,51,23,59,59
98,63,53,14,34
99,50,47,10,32
100,56,28,5,21
101,39,5,55,9
102,36,24,30,38
103,29,18,50,26
104,0,48,54,9
105,11,51,16,42
106,15,3,21,27
107,39,35,12,22
108,8,40,53,32
109,43,40,38,22
110,30,44,22,42
111,13,29,26,12
112,59,2,52,34
113,44,20,52,47
114,41,54,54,16
115,31,59,30,53
116,57,11,8,26
117,27,55,15,20
118,59,36,32,38
119,1,22,10,28
120,36,16,30,55
121,47,61,53,58
122,18,2,7,36
123,61,60,54,45
124,33,16,36,25
125,14,22,2,54
126,10,9,63,16
127,16,11,19,6
128,14,10,21,21
129,9,33,1,46
130,43,9,40,51
131,41,9,42,60
132,16,16,3,30
133,58,4,6,54
134,40,48,4,29
135,39,36,11,59
136,38,21,46,17
137,3,14,5,27
138,61,16,51,7
139,10,57,48,19
140,4,48,11,34
141,50,24,51,46
142,39,9,51,32
143,48,47,25,54
144,59,15,18,3
145,40,49,58,49
146,27,31,61,62
147,42,27,1,47
148,38,37,61,6
149,44,1,42,16
150,7,57,36,30
151,19,49,31,59
152,40,42,52,10
153,48,52,35,36
154,6,1,25,59
155,14,62,59,56
156,63,16,59,40
157,29,58,36,22
158,22,16,27,63
159,34,7,18,27
160,8,24,28,49
161,7,54,47,1
162,8,6,0,29
163,42,40,61,50
164,39,23,27,42
165,36,8,38,1
