0
Grid:
64,64
................................................................
................................................................
................................................................
................................................................
................................................................
................................................................
................................................................
................................................................
................................................................
................................................................
................................................................
................................................................
................................................................
................................................................
................................................................
................................................................
................................................................
................................................................
................................................................
................................................................
................................................................
................................................................
................................................................
................................................................
................................................................
................................................................
................................................................
................................................................
................................................................
................................................................
................................................................
................................................................
................................................................
................................................................
................................................................
................................................................
................................................................
................................................................
................................................................
................................................................
................................................................
................................................................
................................................................
................................................................
................................................................
................................................................
................................................................
................................................................
................................................................
................................................................
................................................................
................................................................
................................................................
................................................................
................................................................
................................................................
................................................................
................................................................
................................................................
................................................................
................................................................
................................................................
................................................................
................................................................
Agents:
104
0,59,11,40,35
1,46,56,61,17
2,13,7,51,11
3,14,56,2,55
4,7,15,25,32
5,0,36,2,29
6,40,27,27,5
7,50,14,56,21
8,58,60,61,49
9,23,52,21,6
10,4,39,36,21
11,3,45,3,45
12,63,28,9,22
13,61,54,53,49
14,27,15,23,25
15,26,49,30,48
16,44,36,2,25
17,21,27,52,61
18,10,62,34,62
19,40,20,54,46
20,2,14,54,31
21,43,10,62,4
22,32,7,35,20
23,7,2,55,10
24,27,58,12,43
25,31,38,13,41
26,59,16,2,11
27,11,20,19,46
28,8,1,62,10
29,57,49,56,12
30,9,24,2,57
31,29,56,1,6
32,52,14,31,13
33,56,3,17,47
34,5,22,28,21
35,4,59,53,27
36,20,3,31,10
37,50,53,47,51
38,60,56,20,30
39,12,55,22,26
40,20,59,35,60
41,26,32,42,36
42,48,51,61,47
43,53,28,19,15
44,25,1,51,47
45,19,8,29,30
46,5,54,31,18
47,11,42,7,3
48,49,51,7,48
49,21,18,49,59
50,15,3,43,22
51,61,4,49,45
52,54,35,4,31
53,18,56,28,46
54,29,21,51,52
55,23,15,23,5
56,52,1,26,38
57,29,14,29,13
58,61,61,46,16
59,7,0,18,55
60,25,27,23,6
61,41,4,60,63
62,3,59,31,22
63,54,30,21,61
64,56,7,12,61
65,4,9,16,41
66,35,58,40,4
67,40,16,32,50
68,61,22,23,28
69,42,13,24,15
70,33,60,11,55
71,62,4,36,14
72,25,60,54,45
73,45,52,48,3
74,43,21,54,35
75,56,51,41,36
76,25,57,61,51
77,1,58,61,24
78,44,51,62,13
79,0,22,62,24
80,16,14,52,39
81,44,57,7,24
82,25,12,27,24
83,16,38,41,52
84,18,58,20,34
85,30,28,53,0
86,29,37,53,15
87,26,62,21,16
88,39,50,43,13
89,26,16,52,8
90,29,13,63,60
91,2,52,19,10
92,54,4,4,44
93,21,47,18,10
94,32,45,40,57
95,60,40,34,29
96,51,27,19,9
97,24,26,38,12
98,42,12,34,63
99,44,6,6,21
100,33,49,62,25
101,54,28,37,47
102,21,52,60,44
103,30,2,7,39
