2
Grid:
64,64
................................................................
................................................................
................................................................
................................................................
................................................................
................................................................
................................................................
................................................................
................................................................
................................................................
................................................................
................................................................
................................................................
................................................................
................................................................
................................................................
................................................................
................................................................
................................................................
................................................................
................................................................
................................................................
................................................................
................................................................
................................................................
................................................................
................................................................
................................................................
................................................................
................................................................
................................................................
................................................................
................................................................
................................................................
................................................................
................................................................
................................................................
................................................................
................................................................
................................................................
................................................................
................................................................
................................................................
................................................................
................................................................
................................................................
................................................................
................................................................
................................................................
................................................................
................................................................
................................................................
................................................................
................................................................
................................................................
................................................................
................................................................
................................................................
................................................................
................................................................
................................................................
................................................................
................................................................
................................................................
Agents:
36
0,16,32,19,16
1,60,8,51,37
2,50,31,13,42
3,1,63,11,4
4,46,31,50,46
5,35,57,20,17
6,3,11,48,20
7,2,54,55,14
8,36,10,41,41
9,43,61,55,38
10,38,62,50,51
11,10,5,60,15
12,34,43,36,12
13,29,47,62,24
14,30,13,42,50
15,28,57,50,39
16,25,16,20,35
17,24,45,59,49
18,58,53,45,40
19,15,1,29,32
20,14,33,52,12
21,58,37,28,47
22,61,36,39,45
23,30,4,3,25
24,40,13,47,58
25,37,21,18,62
26,57,20,20,10
27,6,17,32,45
28,22,55,60,20
29,38,7,16,25
30,2,18,29,7
31,33,32,28,39
32,3,42,48,23
33,31,50,0,38
34,50,21,57,42
35,60,46,59,58
