1
Grid:
64,64
................................................................
................................................................
................................................................
................................................................
................................................................
................................................................
................................................................
................................................................
................................................................
................................................................
................................................................
................................................................
................................................................
................................................................
................................................................
................................................................
................................................................
................................................................
................................................................
................................................................
................................................................
................................................................
................................................................
................................................................
................................................................
................................................................
................................................................
................................................................
................................................................
................................................................
................................................................
................................................................
................................................................
................................................................
................................................................
................................................................
................................................................
................................................................
................................................................
................................................................
................................................................
................................................................
................................................................
................................................................
................................................................
................................................................
................................................................
................................................................
................................................................
................................................................
................................................................
................................................................
................................................................
................................................................
................................................................
................................................................
................................................................
................................................................
................................................................
................................................................
................................................................
................................................................
................................................................
................................................................
Agents:
198
0,33,28,4,41
1,32,54,57,24
2,37,55,35,60
3,13,16,57,23
4,21,53,6,61
5,43,25,59,52
6,51,7,11,52
7,22,26,48,0
8,7,12,45,26
9,58,41,34,31
10,26,27,12,58
11,35,17,41,22
12,10,11,56,26
13,63,35,5,15
14,13,24,8,47
15,20,4,21,14
16,14,62,37,54
17,7,34,20,42
18,51,61,47,59
19,23,47,18,10
20,8,63,51,22
21,61,59,18,1
22,50,4,23,43
23,58,52,6,51
24,13,62,59,48
25,35,36,6,30
26,22,17,54,12
27,57,6,26,39
28,57,15,28,20
29,43,26,4,46
30,56,41,32,49
31,3,60,24,53
32,32,38,28,51
33,10,52,3,10
34,63,52,33,39
35,39,10,16,1
36,53,10,56,38
37,32,26,38,2
38,29,40,2,36
39,31,6,53,52
40,17,10,1,22
41,22,15,21,4
42,52,47,25,43
43,46,61,30,21
44,5,0,19,38
45,40,36,39,50
46,17,61,51,17
47,55,31,24,54
48,59,0,13,25
49,26,11,57,12
50,58,6,44,14
51,52,24,14,9
52,23,25,23,35
53,47,12,20,34
54,48,30,9,29
55,41,17,58,45
56,48,37,27,18
57,9,45,39,11
58,18,52,1,29
59,8,49,55,1
60,56,12,54,16
61,46,63,35,36
62,12,2,5,37
63,56,56,17,51
64,18,1,59,30
65,30,28,18,46
66,13,19,61,45
67,12,10,10,60
68,22,62,12,13
69,56,26,53,38
70,0,33,53,44
71,13,38,7,11
72,23,23,45,3
73,51,44,33,19
74,52,9,17,4
75,12,7,8,7
76,18,45,36,61
77,23,53,26,49
78,12,20,2,34
79,33,55,10,16
80,57,47,50,36
81,63,12,33,58
82,3,28,58,63
83,25,62,12,10
84,23,20,32,3
85,60,46,0,52
86,49,23,58,60
87,63,8,12,41
88,39,53,63,17
89,14,11,62,3
90,4,9,2,52
91,53,23,59,28
92,36,36,23,62
93,1,30,63,23
94,50,32,9,47
95,50,35,3,12
96,56,8,50,9
97,39,30,53,35
98,38,10,62,39
99,19,23,36,7
100,19,53,59,9
101,50,56,14,24
102,11,10,22,34
103,55,58,62,8
104,46,14,44,17
105,14,22,46,22
106,5,22,36,45
107,51,48,2,15
108,57,40,9,44
109,40,31,52,59
110,27,58,51,36
111,11,54,10,19
112,33,24,55,17
113,53,40,25,28
114,48,32,56,30
115,34,28,22,25
116,55,14,60,42
117,23,61,50,14
118,11,26,41,39
119,44,6,17,37
120,47,35,22,41
121,18,27,37,0
122,30,34,9,53
123,21,55,40,10
124,36,61,15,5
125,34,52,6,54
126,60,25,17,38
127,41,59,5,12
128,22,51,1,19
129,20,15,3,59
130,10,13,53,39
131,44,49,19,40
132,53,14,0,28
133,30,36,50,7
134,24,60,41,58
135,29,14,32,62
136,50,20,45,2
137,10,39,49,33
138,35,6,61,41
139,58,18,0,43
140,18,56,15,48
141,60,36,37,39
142,57,45,44,32
143,58,30,50,6
144,37,27,9,45
145,38,23,61,18
146,5,29,15,44
147,59,34,0,58
148,55,33,30,36
149,38,16,4,2
150,4,49,28,25
151,30,39,7,34
152,31,20,24,30
153,1,40,23,15
154,14,1,4,8
155,23,16,54,40
156,57,2,26,24
157,60,17,6,47
158,17,7,7,38
159,55,7,40,22
160,19,63,58,37
161,63,60,48,19
162,21,6,25,15
163,8,21,50,29
164,24,40,25,52
165,48,2,58,33
166,31,42,12,8
167,13,33,1,48
168,26,20,29,29
169,5,37,8,52
170,44,18,60,29
171,16,35,38,8
172,4,22,45,56
173,30,3,12,11
174,32,41,50,5
175,16,47,17,21
176,41,30,22,37
177,60,4,8,54
178,49,33,52,28
179,17,25,47,32
180,11,44,60,30
181,15,37,2,7
182,16,20,54,55
183,48,15,16,62
184,52,26,61,47
185,55,60,12,49
186,2,17,44,21
187,27,0,54,6
188,47,28,10,54
189,56,63,13,42
190,40,5,17,2
191,52,46,22,53
192,23,1,57,61
193,25,1,21,48
194,45,8,20,57
195,48,57,44,7
196,2,43,10,50
197,26,63,3,43
