1
Grid:
64,64
................................................................
................................................................
................................................................
................................................................
................................................................
................................................................
................................................................
................................................................
................................................................
................................................................
................................................................
................................................................
................................................................
................................................................
................................................................
................................................................
................................................................
................................................................
................................................................
................................................................
................................................................
................................................................
................................................................
................................................................
................................................................
................................................................
................................................................
................................................................
................................................................
................................................................
................................................................
................................................................
................................................................
................................................................
................................................................
................................................................
................................................................
................................................................
................................................................
................................................................
................................................................
................................................................
................................................................
................................................................
................................................................
................................................................
................................................................
................................................................
................................................................
................................................................
................................................................
................................................................
................................................................
................................................................
................................................................
................................................................
................................................................
................................................................
................................................................
................................................................
................................................................
................................................................
................................................................
................................................................
Agents:
222
0,15,54,34,60
1,17,62,25,57
2,62,23,0,41
3,9,35,43,18
4,59,35,51,0
5,6,63,13,28
6,8,24,58,50
7,11,34,19,57
8,7,55,14,45
9,57,38,22,5
10,27,41,50,40
11,56,31,42,50
12,25,7,56,14
13,31,27,4,33
14,46,14,9,25
15,50,59,6,14
16,46,21,39,5
17,46,48,46,14
18,5,22,11,33
19,1,62,45,32
20,48,13,4,29
21,46,42,9,23
22,2,9,29,29
23,4,9,52,1
24,26,39,60,42
25,11,60,1,14
26,34,25,35,61
27,18,38,62,27
28,61,50,33,8
29,36,54,63,25
30,55,45,32,5
31,53,44,43,33
32,48,11,63,26
33,17,50,45,1
34,42,27,35,21
35,29,49,43,31
36,53,58,57,49
37,54,13,61,48
38,58,14,10,6
39,29,16,51,36
40,2,21,21,12
41,0,6,6,33
42,3,53,49,14
43,24,21,34,23
44,3,8,13,53
45,50,19,27,17
46,50,10,3,45
47,6,2,38,27
48,24,1,40,23
49,57,54,23,4
50,56,18,13,26
51,31,63,5,33
52,10,26,5,9
53,7,39,42,19
54,35,5,0,4
55,43,46,24,17
56,20,20,50,61
57,52,33,31,8
58,45,46,55,44
59,41,58,43,3
60,51,60,10,24
61,47,34,21,58
62,40,9,40,31
63,62,42,20,1
64,52,51,45,7
65,52,57,5,62
66,21,38,24,23
67,23,48,42,1
68,54,0,21,52
69,60,41,4,2
70,49,62,15,14
71,28,3,11,43
72,62,29,50,47
73,22,36,62,20
74,21,42,57,60
75,24,62,11,58
76,3,59,1,18
77,34,61,26,15
78,23,1,22,42
79,27,28,53,3
80,51,47,4,14
81,16,50,52,6
82,25,45,40,2
83,60,4,39,60
84,43,44,43,43
85,49,63,9,3
86,12,2,55,30
87,10,49,3,53
88,5,36,5,3
89,10,33,55,16
90,20,15,56,54
91,29,9,41,51
92,33,22,9,58
93,35,28,58,4
94,13,57,54,21
95,41,59,41,46
96,14,17,55,41
97,61,2,29,39
98,45,42,40,26
99,41,17,14,29
100,32,18,3,58
101,56,41,55,59
102,57,24,5,56
103,50,1,32,52
104,49,48,53,17
105,55,50,51,63
106,54,58,34,50
107,8,35,19,33
108,18,7,26,24
109,16,3,12,53
110,10,32,39,0
111,54,50,40,10
112,2,54,21,9
113,49,58,44,2
114,4,8,0,3
115,4,26,18,3
116,58,57,18,39
117,0,1,29,56
118,23,51,8,61
119,16,8,52,13
120,35,34,14,49
121,43,29,49,32
122,1,55,47,24
123,4,20,16,23
124,9,26,53,29
125,47,38,1,47
126,25,38,11,10
127,7,0,61,10
128,28,6,16,9
129,39,2,43,14
130,39,56,4,51
131,60,40,41,59
132,44,29,30,16
133,55,60,14,17
134,57,6,45,48
135,12,30,29,9
136,55,8,54,17
137,31,39,28,27
138,53,25,59,37
139,49,11,41,18
140,49,29,54,42
141,48,41,27,25
142,24,30,43,26
143,0,20,58,8
144,50,63,39,8
145,37,16,49,16
146,12,13,46,16
147,33,43,35,2
148,37,2,8,53
149,48,35,52,41
150,63,8,51,7
151,26,2,49,59
152,46,17,32,26
153,6,31,39,19
154,11,3,39,52
155,20,27,49,4
156,16,9,31,55
157,7,18,2,19
158,16,14,3,18
159,28,35,25,24
160,10,57,15,5
161,32,59,54,46
162,17,41,33,18
163,38,52,60,19
164,1,50,24,51
165,40,13,58,20
166,11,41,2,4
167,3,46,5,4
168,27,7,1,30
169,47,47,60,17
170,14,19,6,61
171,52,34,24,12
172,59,48,62,58
173,60,23,4,36
174,35,19,38,9
175,50,34,23,19
176,7,28,23,40
177,61,32,42,4
178,34,19,6,42
179,63,5,48,20
180,42,17,15,58
181,29,24,53,11
182,26,7,35,26
183,16,39,27,37
184,6,25,14,48
185,55,9,43,6
186,31,45,22,60
187,20,55,29,2
188,5,61,12,11
189,63,32,29,22
190,44,15,43,24
191,16,46,20,57
192,6,47,37,23
193,43,34,41,24
194,11,7,48,33
195,7,41,44,42
196,4,60,13,7
197,53,28,12,29
198,8,52,3,10
199,32,21,39,59
200,16,10,32,18
201,27,40,55,3
202,3,25,48,54
203,7,6,49,7
204,26,36,42,15
205,19,31,15,50
206,24,27,60,26
207,0,47,6,30
208,23,20,40,29
209,0,33,9,15
210,59,36,37,10
211,13,47,42,5
212,2,53,17,2
213,41,24,23,63
214,1,41,59,31
215,53,11,13,56
216,0,23,1,41
217,62,6,36,22
218,19,23,40,37
219,3,44,34,42
220,39,36,48,41
221,52,39,18,1
