1
Grid:
64,64
................................................................
................................................................
................................................................
................................................................
................................................................
................................................................
................................................................
................................................................
................................................................
................................................................
................................................................
................................................................
................................................................
................................................................
................................................................
................................................................
................................................................
................................................................
................................................................
................................................................
................................................................
................................................................
................................................................
................................................................
................................................................
................................................................
................................................................
................................................................
................................................................
................................................................
................................................................
................................................................
................................................................
................................................................
................................................................
................................................................
................................................................
................................................................
................................................................
................................................................
................................................................
................................................................
................................................................
................................................................
................................................................
................................................................
................................................................
................................................................
................................................................
................................................................
................................................................
................................................................
................................................................
................................................................
................................................................
................................................................
................................................................
................................................................
................................................................
................................................................
................................................................
................................................................
................................................................
................................................................
Agents:
66
0,51,2,43,15
1,19,31,57,12
2,12,63,60,11
3,10,16,5,59
4,21,46,19,30
5,61,19,2,44
6,16,45,53,3
7,15,35,17,8
8,18,57,24,48
9,24,52,0,40
10,8,14,10,55
11,41,49,3,2
12,33,18,43,46
13,10,51,7,16
14,33,50,22,9
15,5,51,13,21
16,26,49,30,53
17,34,30,39,53
18,48,57,28,38
19,50,4,57,40
20,40,47,47,34
21,35,31,51,24
22,4,45,23,30
23,25,26,33,14
24,20,20,7,34
25,59,37,36,7
26,9,33,20,38
27,15,36,24,15
28,24,34,34,63
29,61,57,51,29
30,53,23,16,59
31,47,34,42,26
32,41,10,14,44
33,56,31,37,63
34,11,49,25,12
35,50,25,50,17
36,6,19,3,43
37,11,25,9,11
38,43,9,23,27
39,45,52,56,11
40,57,47,62,63
41,30,13,30,11
42,55,32,46,15
43,41,57,12,56
44,33,62,7,1
45,5,14,9,60
46,60,57,12,26
47,15,17,40,17
48,0,1,3,57
49,54,57,36,3
50,53,58,63,61
51,15,34,19,1
52,34,34,12,55
53,31,54,1,5
54,21,54,28,30
55,56,15,63,39
56,52,9,43,53
57,63,5,28,59
58,56,33,21,56
59,42,8,48,62
60,32,62,2,54
61,61,12,50,14
62,43,36,5,35
63,28,12,63,52
64,3,58,63,12
65,25,42,63,17
