0
Grid:
64,64
................................................................
................................................................
................................................................
................................................................
................................................................
................................................................
................................................................
................................................................
................................................................
................................................................
................................................................
................................................................
................................................................
................................................................
................................................................
................................................................
................................................................
................................................................
................................................................
................................................................
................................................................
................................................................
................................................................
................................................................
................................................................
................................................................
................................................................
................................................................
................................................................
................................................................
................................................................
................................................................
................................................................
................................................................
................................................................
................................................................
................................................................
................................................................
................................................................
................................................................
................................................................
................................................................
................................................................
................................................................
................................................................
................................................................
................................................................
................................................................
................................................................
................................................................
................................................................
................................................................
................................................................
................................................................
................................................................
................................................................
................................................................
................................................................
................................................................
................................................................
................................................................
................................................................
................................................................
................................................................
Agents:
154
0,37,38,33,56
1,43,55,41,44
2,47,58,7,25
3,21,63,2,57
4,59,61,34,27
5,60,27,39,13
6,14,34,21,39
7,44,38,6,27
8,36,24,36,63
9,8,42,36,38
10,40,38,56,57
11,14,4,14,26
12,57,23,1,46
13,56,42,37,20
14,4,53,7,11
15,15,13,38,45
16,53,39,15,37
17,5,17,40,47
18,6,55,30,51
19,20,51,18,13
20,13,29,48,30
21,15,51,40,14
22,12,56,1,1
23,31,5,51,59
24,51,28,13,31
25,13,14,36,32
26,16,6,31,12
27,5,63,26,40
28,23,38,23,18
29,61,24,43,35
30,1,42,2,26
31,59,5,7,22
32,46,47,9,18
33,37,39,3,42
34,29,26,62,45
35,32,44,13,24
36,4,20,56,23
37,29,11,41,30
38,23,27,54,24
39,55,1,22,56
40,55,51,4,13
41,54,39,45,52
42,40,0,40,55
43,60,47,52,17
44,34,6,57,6
45,58,31,24,9
46,58,60,39,16
47,50,34,54,7
48,34,9,59,22
49,4,29,45,28
50,19,56,41,51
51,40,24,23,54
52,60,32,57,48
53,10,60,4,39
54,41,58,18,46
55,40,60,62,56
56,46,60,59,0
57,32,14,37,39
58,52,20,31,48
59,29,45,45,16
60,51,54,55,16
61,4,22,9,14
62,32,0,14,10
63,50,7,12,35
64,34,59,21,41
65,40,13,10,20
66,22,26,2,43
67,45,63,22,51
68,10,30,17,9
69,42,7,31,63
70,54,63,52,34
71,6,40,37,35
72,30,61,56,50
73,48,62,11,45
74,27,35,12,20
75,46,14,0,49
76,44,22,48,27
77,42,28,26,61
78,51,18,63,11
79,55,60,44,21
80,45,2,29,3
81,26,45,5,61
82,17,27,18,23
83,37,20,2,32
84,14,32,29,16
85,4,21,26,18
86,41,21,21,38
87,48,27,51,12
88,55,35,52,6
89,15,52,24,7
90,44,62,40,52
91,13,26,38,57
92,48,17,46,1
93,11,56,52,2
94,38,45,53,51
95,25,52,46,23
96,23,3,32,22
97,23,28,13,26
98,31,24,26,7
99,36,23,54,38
100,31,54,42,2
101,44,24,40,61
102,26,20,8,49
103,44,57,0,59
104,22,27,11,42
105,32,54,2,2
106,58,37,29,6
107,36,60,18,24
108,21,11,45,21
109,47,59,21,61
110,59,3,31,31
111,15,23,61,47
112,4,52,47,34
113,11,51,10,26
114,4,49,61,24
115,31,52,61,8
116,54,9,3,47
117,33,58,54,46
118,36,51,55,56
119,30,17,61,17
120,0,32,30,17
121,30,8,28,24
122,55,32,37,11
123,9,50,12,32
124,55,50,10,27
125,37,19,62,36
126,40,40,18,39
127,27,27,54,47
128,39,20,8,20
129,19,37,46,60
130,9,57,58,44
131,53,36,52,37
132,60,43,63,27
133,0,49,54,49
134,3,42,62,38
135,24,34,8,14
136,45,29,46,44
137,58,27,41,46
138,37,6,13,8
139,32,35,13,5
140,43,25,63,61
141,59,17,24,49
142,12,11,23,31
143,12,13,41,54
144,45,5,31,55
145,19,15,53,55
146,31,56,30,56
147,8,7,12,61
148,43,57,32,47
149,12,12,34,22
150,32,23,28,44
151,46,13,30,2
152,26,2,63,49
153,37,11,1,59
