1
Grid:
64,64
................................................................
................................................................
................................................................
................................................................
................................................................
................................................................
................................................................
................................................................
................................................................
................................................................
................................................................
................................................................
................................................................
................................................................
................................................................
................................................................
................................................................
................................................................
................................................................
................................................................
................................................................
................................................................
................................................................
................................................................
................................................................
................................................................
................................................................
................................................................
................................................................
................................................................
................................................................
................................................................
................................................................
................................................................
................................................................
................................................................
................................................................
................................................................
................................................................
................................................................
................................................................
................................................................
................................................................
................................................................
................................................................
................................................................
................................................................
................................................................
................................................................
................................................................
................................................................
................................................................
................................................................
................................................................
................................................................
................................................................
................................................................
................................................................
................................................................
................................................................
................................................................
................................................................
................................................................
................................................................
Agents:
60
0,7,18,63,49
1,0,60,8,26
2,35,20,54,5
3,37,33,44,17
4,4,10,36,62
5,30,26,22,35
6,56,20,31,7
7,26,23,60,4
8,28,49,2,14
9,44,15,22,12
10,32,46,42,22
11,12,23,63,46
12,28,43,42,8
13,32,33,46,4
14,11,8,61,46
15,25,63,22,22
16,40,14,24,50
17,1,57,22,46
18,19,53,26,36
19,24,48,41,48
20,40,36,3,3
21,21,7,36,20
22,5,6,5,51
23,6,9,47,26
24,52,3,10,0
25,18,62,58,27
26,12,30,2,32
27,48,25,41,22
28,6,40,56,27
29,31,55,28,38
30,52,4,16,14
31,21,59,13,20
32,49,31,43,6
33,49,42,60,48
34,18,32,47,56
35,4,38,28,21
36,24,60,26,24
37,38,60,11,21
38,24,5,7,39
39,18,22,21,39
40,36,22,12,7
41,45,8,20,22
42,54,26,37,18
43,50,9,52,14
44,29,40,24,30
45,51,42,12,58
46,22,32,57,13
47,59,35,1,48
48,14,26,40,2
49,22,38,34,46
50,20,28,51,43
51,54,19,48,47
52,62,43,4,56
53,37,15,52,57
54,55,52,60,23
55,0,0,38,28
56,22,9,47,10
57,19,29,45,40
58,23,13,16,25
59,5,22,28,56
