3
Grid:
64,64
................................................................
................................................................
................................................................
................................................................
................................................................
................................................................
................................................................
................................................................
................................................................
................................................................
................................................................
................................................................
................................................................
................................................................
................................................................
................................................................
................................................................
................................................................
................................................................
................................................................
................................................................
................................................................
................................................................
................................................................
................................................................
................................................................
................................................................
................................................................
................................................................
................................................................
................................................................
................................................................
................................................................
................................................................
................................................................
................................................................
................................................................
................................................................
................................................................
................................................................
................................................................
................................................................
................................................................
................................................................
................................................................
................................................................
................................................................
................................................................
................................................................
................................................................
................................................................
................................................................
................................................................
................................................................
................................................................
................................................................
................................................................
................................................................
................................................................
................................................................
................................................................
................................................................
................................................................
................................................................
Agents:
88
0,32,38,1,2
1,3,45,6,23
2,53,49,35,55
3,0,30,28,13
4,28,4,52,28
5,59,59,30,47
6,54,45,32,16
7,39,9,52,52
8,57,18,21,45
9,26,45,62,35
10,36,14,16,23
11,21,26,8,35
12,8,4,4,0
13,56,15,39,21
14,23,26,11,5
15,23,32,52,56
16,23,40,6,34
17,42,20,36,28
18,52,15,55,62
19,30,12,51,8
20,54,6,24,10
21,33,5,55,18
22,58,40,10,33
23,46,29,47,48
24,31,13,6,42
25,47,2,24,18
26,1,37,22,10
27,2,17,11,47
28,17,41,15,27
29,37,48,25,59
30,56,49,40,29
31,6,2,60,31
32,45,26,29,1
33,35,14,31,7
34,3,18,28,0
35,20,41,54,45
36,52,14,59,0
37,54,30,13,39
38,45,15,44,28
39,31,31,46,38
40,22,26,3,42
41,48,10,2,17
42,31,50,13,43
43,37,24,46,63
44,3,11,62,40
45,42,45,20,3
46,19,4,33,20
47,0,31,61,1
48,24,31,15,17
49,4,32,26,38
50,26,12,59,63
51,57,5,4,4
52,14,51,50,55
53,46,36,29,46
54,35,1,34,33
55,10,5,9,46
56,26,30,28,15
57,1,60,6,61
58,23,24,60,4
59,59,49,40,60
60,40,42,35,2
61,15,9,39,3
62,63,6,14,61
63,58,50,32,20
64,29,14,22,5
65,54,63,39,51
66,26,54,23,11
67,0,35,22,40
68,16,36,11,29
69,6,43,38,44
70,3,0,6,1
71,53,1,2,14
72,19,53,11,17
73,2,3,56,56
74,7,63,37,8
75,36,19,45,21
76,55,48,4,54
77,61,48,9,0
78,6,7,27,19
79,56,60,17,29
80,6,21,18,9
81,10,10,59,23
82,42,36,23,45
83,29,30,44,49
84,43,51,53,30
85,18,15,35,27
86,46,40,42,8
87,53,14,57,29
