2
Grid:
64,64
................................................................
................................................................
................................................................
................................................................
................................................................
................................................................
................................................................
................................................................
................................................................
................................................................
................................................................
................................................................
................................................................
................................................................
................................................................
................................................................
................................................................
................................................................
................................................................
................................................................
................................................................
................................................................
................................................................
................................................................
................................................................
................................................................
................................................................
................................................................
................................................................
................................................................
................................................................
................................................................
................................................................
................................................................
................................................................
................................................................
................................................................
................................................................
................................................................
................................................................
................................................................
................................................................
................................................................
................................................................
................................................................
................................................................
................................................................
................................................................
................................................................
................................................................
................................................................
................................................................
................................................................
................................................................
................................................................
................................................................
................................................................
................................................................
................................................................
................................................................
................................................................
................................................................
................................................................
................................................................
Agents:
166
0,22,6,17,48
1,28,6,48,49
2,56,37,26,43
3,34,44,11,48
4,51,27,59,22
5,6,60,51,63
6,7,25,38,10
7,16,3,31,3
8,63,32,9,16
9,10,30,42,39
10,28,31,43,55
11,50,45,34,35
12,55,49,12,55
13,25,11,43,56
14,21,22,31,13
15,55,14,6,9
16,37,51,17,7
17,13,9,55,57
18,3,26,50,29
19,7,20,4,28
20,24,2,12,28
21,40,14,41,52
22,36,13,17,12
23,45,36,47,36
24,31,14,7,17
25,13,37,3,29
26,42,24,6,55
27,51,54,56,29
28,19,46,49,33
29,15,7,8,47
30,12,22,35,2
31,23,28,43,13
32,35,56,5,26
33,22,19,18,28
34,12,6,60,39
35,0,37,47,9
36,24,53,19,32
37,5,25,63,35
38,55,36,0,26
39,9,41,42,58
40,3,53,39,53
41,43,6,5,46
42,9,18,39,36
43,35,12,57,22
44,0,22,43,49
45,54,21,45,8
46,10,63,10,8
47,7,1,6,32
48,42,11,3,42
49,43,43,1,25
50,54,25,46,11
51,23,24,27,29
52,14,40,51,47
53,12,52,6,25
54,19,26,31,54
55,63,47,24,43
56,37,37,38,9
57,3,23,6,3
58,43,17,44,29
59,19,16,62,28
60,21,10,51,48
61,19,53,4,2
62,15,43,38,18
63,26,25,32,1
64,46,3,16,25
65,46,43,41,30
66,56,29,35,31
67,51,42,19,49
68,29,18,19,57
69,56,32,63,58
70,6,46,3,9
71,57,38,62,49
72,22,7,47,1
73,47,37,38,15
74,60,48,50,13
75,22,25,20,16
76,56,26,48,11
77,22,44,49,56
78,5,33,0,4
79,8,35,8,19
80,14,51,19,51
81,6,16,34,63
82,43,19,18,12
83,54,7,62,39
84,49,24,11,4
85,57,24,17,53
86,24,50,39,40
87,9,39,36,21
88,16,45,7,4
89,30,8,30,35
90,59,53,3,4
91,28,61,25,22
92,44,20,28,7
93,51,30,41,5
94,6,7,38,40
95,37,59,12,9
96,10,20,57,53
97,18,19,23,32
98,39,40,27,20
99,58,3,28,53
100,17,40,0,32
101,51,35,12,43
102,54,62,15,25
103,1,5,31,44
104,16,47,11,39
105,27,23,55,1
106,3,0,16,29
107,40,24,42,46
108,22,9,39,33
109,35,22,14,25
110,31,23,24,51
111,0,42,17,43
112,51,62,4,58
113,14,3,11,29
114,32,53,61,38
115,63,40,6,52
116,55,18,29,3
117,1,57,44,14
118,6,45,44,56
119,13,23,47,16
120,44,13,28,39
121,56,9,22,31
122,44,57,24,56
123,61,29,27,38
124,4,35,21,2
125,35,57,39,62
126,39,9,16,55
127,47,56,46,62
128,48,61,24,22
129,37,27,62,9
130,47,50,49,50
131,36,39,24,52
132,9,21,7,53
133,23,29,36,41
134,2,54,1,62
135,3,49,14,19
136,10,41,40,50
137,61,38,24,25
138,5,4,20,44
139,23,38,1,40
140,56,34,8,11
141,35,15,57,28
142,56,61,11,17
143,43,56,43,24
144,9,14,7,37
145,61,22,45,30
146,9,50,35,14
147,40,57,55,51
148,40,17,59,53
149,0,23,54,38
150,34,32,28,15
151,27,14,59,57
152,32,49,16,38
153,46,62,60,34
154,11,9,21,7
155,50,43,6,11
156,37,63,26,3
157,34,13,51,45
158,15,21,5,11
159,46,11,5,30
160,42,30,13,34
161,19,52,12,61
162,56,45,26,9
163,0,3,47,6
164,61,52,8,60
165,4,0,16,32
