1
Grid:
64,64
................................................................
................................................................
................................................................
................................................................
................................................................
................................................................
................................................................
................................................................
................................................................
................................................................
................................................................
................................................................
................................................................
................................................................
................................................................
................................................................
................................................................
................................................................
................................................................
................................................................
................................................................
................................................................
................................................................
................................................................
................................................................
................................................................
................................................................
................................................................
................................................................
................................................................
................................................................
................................................................
................................................................
................................................................
................................................................
................................................................
................................................................
................................................................
................................................................
................................................................
................................................................
................................................................
................................................................
................................................................
................................................................
................................................................
................................................................
................................................................
................................................................
................................................................
................................................................
................................................................
................................................................
................................................................
................................................................
................................................................
................................................................
................................................................
................................................................
................................................................
................................................................
................................................................
................................................................
................................................................
Agents:
52
0,1,24,15,40
1,32,61,16,24
2,55,42,34,61
3,43,25,62,5
4,7,3,50,35
5,5,38,8,6
6,61,14,20,14
7,30,54,49,58
8,14,2,12,48
9,25,26,62,38
10,48,6,21,42
11,40,19,59,45
12,32,19,35,16
13,43,56,62,0
14,41,50,17,37
15,19,2,59,17
16,55,4,8,21
17,5,13,36,41
18,29,34,29,50
19,56,33,51,10
20,61,52,12,21
21,16,32,1,57
22,56,59,18,16
23,14,33,39,33
24,16,50,51,38
25,41,27,59,13
26,54,58,29,46
27,47,12,50,2
28,28,36,53,14
29,63,51,11,59
30,47,20,62,11
31,48,2,56,6
32,46,57,36,44
33,9,17,24,25
34,24,44,10,52
35,10,55,27,6
36,28,59,20,28
37,53,8,45,7
38,27,36,1,51
39,4,10,23,36
40,23,44,17,41
41,34,32,59,23
42,25,28,13,38
43,13,10,58,27
44,29,16,41,26
45,5,19,32,1
46,33,10,19,28
47,4,59,39,26
48,48,53,10,23
49,12,20,58,4
50,24,15,42,5
51,36,35,31,53
