4
Grid:
64,64
................................................................
................................................................
................................................................
................................................................
................................................................
................................................................
................................................................
................................................................
................................................................
................................................................
................................................................
................................................................
................................................................
................................................................
................................................................
................................................................
................................................................
................................................................
................................................................
................................................................
................................................................
................................................................
................................................................
................................................................
................................................................
................................................................
................................................................
................................................................
................................................................
................................................................
................................................................
................................................................
................................................................
................................................................
................................................................
................................................................
................................................................
................................................................
................................................................
................................................................
................................................................
................................................................
................................................................
................................................................
................................................................
................................................................
................................................................
................................................................
................................................................
................................................................
................................................................
................................................................
................................................................
................................................................
................................................................
................................................................
................................................................
................................................................
................................................................
................................................................
................................................................
................................................................
................................................................
................................................................
Agents:
176
0,45,37,63,49
1,23,30,42,51
2,54,43,15,2
3,57,23,53,15
4,45,10,21,2
5,46,54,54,42
6,14,41,21,60
7,37,16,49,31
8,3,6,35,48
9,7,37,42,17
10,60,46,57,52
11,57,55,39,20
12,6,16,26,30
13,57,45,55,3
14,50,47,29,10
15,7,6,30,28
16,58,40,11,29
17,13,4,62,29
18,8,21,42,0
19,53,36,43,50
20,20,60,13,11
21,50,62,10,22
22,2,53,52,14
23,32,28,25,43
24,32,25,14,49
25,57,60,42,3
26,49,36,19,44
27,57,63,2,28
28,44,31,43,6
29,24,37,43,39
30,50,11,44,24
31,37,61,25,35
32,3,39,24,25
33,59,37,61,59
34,27,32,12,24
35,8,46,26,51
36,16,35,10,58
37,17,63,54,36
38,60,59,26,49
39,53,16,46,44
40,47,29,51,26
41,13,24,36,37
42,53,10,19,17
43,21,22,22,43
44,46,13,1,14
45,24,40,5,36
46,60,15,50,58
47,49,9,36,30
48,23,52,53,47
49,59,26,38,58
50,57,58,9,45
51,0,63,10,57
52,17,11,24,29
53,44,14,9,3
54,18,58,1,37
55,3,49,38,44
56,42,7,32,54
57,54,20,53,33
58,61,12,49,14
59,7,56,32,31
60,17,36,9,50
61,54,13,43,48
62,8,31,63,40
63,49,0,49,56
64,49,8,11,47
65,39,7,4,62
66,63,27,12,44
67,23,53,0,5
68,28,13,6,23
69,7,42,49,21
70,30,7,61,54
71,4,52,3,19
72,10,38,22,54
73,62,52,15,54
74,25,29,40,16
75,11,11,26,13
76,44,2,10,29
77,4,50,3,18
78,54,49,5,20
79,25,43,12,21
80,28,9,47,36
81,18,59,34,61
82,49,15,25,15
83,48,1,53,38
84,56,48,42,36
85,4,29,29,5
86,26,10,41,15
87,31,1,48,4
88,3,33,49,59
89,33,60,7,33
90,38,20,25,57
91,61,28,17,2
92,27,61,36,57
93,18,1,55,17
94,48,41,24,18
95,22,22,63,22
96,16,50,41,26
97,42,58,37,9
98,34,15,49,11
99,53,46,58,44
100,4,24,9,42
101,36,26,11,59
102,7,14,52,6
103,40,62,63,20
104,53,2,33,28
105,47,21,40,21
106,15,29,2,7
107,5,8,35,59
108,12,54,44,38
109,31,51,29,4
110,16,14,45,56
111,25,46,62,55
112,13,39,31,30
113,32,37,9,14
114,43,50,32,56
115,56,13,47,2
116,47,34,3,52
117,21,12,59,5
118,21,20,60,36
119,12,46,49,26
120,58,1,63,43
121,6,50,17,51
122,45,33,30,15
123,46,43,10,34
124,47,1,23,58
125,50,21,45,51
126,8,22,58,17
127,0,24,2,61
128,1,0,1,11
129,30,16,18,15
130,34,60,62,32
131,41,28,18,55
132,37,55,55,42
133,25,41,3,33
134,32,19,44,50
135,30,40,20,51
136,34,34,44,18
137,19,24,0,16
138,39,26,30,20
139,58,62,42,26
140,54,51,8,10
141,3,42,53,61
142,0,34,40,63
143,5,25,15,63
144,10,20,54,48
145,53,60,16,34
146,11,62,33,13
147,24,42,51,25
148,13,54,1,29
149,8,5,43,43
150,10,28,41,52
151,35,9,24,44
152,51,38,3,8
153,2,40,16,28
154,49,38,27,10
155,6,31,59,40
156,56,63,44,12
157,27,3,6,13
158,7,36,16,42
159,8,10,35,41
160,50,37,4,38
161,22,21,13,50
162,0,60,32,59
163,40,39,59,59
164,6,55,44,34
165,46,31,37,46
166,22,57,8,39
167,10,35,58,19
168,14,22,23,2
169,34,28,29,53
170,5,24,4,36
171,15,10,60,55
172,4,8,11,41
173,61,38,14,46
174,19,25,60,1
175,22,14,11,10
