0
Grid:
64,64
................................................................
................................................................
................................................................
................................................................
................................................................
................................................................
................................................................
................................................................
................................................................
................................................................
................................................................
................................................................
................................................................
................................................................
................................................................
................................................................
................................................................
................................................................
................................................................
................................................................
................................................................
................................................................
................................................................
................................................................
................................................................
................................................................
................................................................
................................................................
................................................................
................................................................
................................................................
................................................................
................................................................
................................................................
................................................................
................................................................
................................................................
................................................................
................................................................
................................................................
................................................................
................................................................
................................................................
................................................................
................................................................
................................................................
................................................................
................................................................
................................................................
................................................................
................................................................
................................................................
................................................................
................................................................
................................................................
................................................................
................................................................
................................................................
................................................................
................................................................
................................................................
................................................................
................................................................
................................................................
Agents:
70
0,57,18,32,37
1,35,52,5,29
2,1,2,10,49
3,56,50,32,63
4,29,46,13,8
5,55,48,32,46
6,4,36,4,62
7,47,25,41,43
8,52,35,10,61
9,58,28,37,59
10,32,0,9,48
11,51,17,48,24
12,11,38,17,3
13,9,4,61,18
14,24,5,2,17
15,32,9,19,25
16,36,19,6,35
17,5,24,8,12
18,4,14,56,46
19,12,22,45,56
20,26,8,34,17
21,5,42,2,24
22,28,56,31,62
23,45,18,43,61
24,51,5,20,62
25,58,4,62,50
26,22,54,37,14
27,43,56,34,57
28,31,18,10,34
29,41,27,63,9
30,56,51,15,26
31,25,23,5,39
32,14,46,7,23
33,12,49,18,63
34,30,22,34,37
35,21,38,11,38
36,22,35,52,39
37,2,23,58,51
38,59,8,47,31
39,52,18,57,13
40,57,55,54,8
41,16,19,1,53
42,11,27,63,4
43,50,45,53,44
44,40,13,10,24
45,57,49,14,1
46,36,49,16,52
47,29,39,43,31
48,46,45,58,52
49,28,46,35,26
50,43,59,17,20
51,51,29,26,20
52,47,19,38,29
53,45,51,57,2
54,52,19,48,32
55,61,23,20,4
56,29,22,43,21
57,33,1,24,30
58,34,6,51,5
59,12,51,52,56
60,59,31,17,25
61,9,17,18,49
62,29,35,27,37
63,1,37,28,55
64,5,26,52,0
65,44,6,38,17
66,39,62,29,45
67,3,51,27,7
68,35,55,20,61
69,45,63,28,12
