4
Grid:
64,64
................................................................
................................................................
................................................................
................................................................
................................................................
................................................................
................................................................
................................................................
................................................................
................................................................
................................................................
................................................................
................................................................
................................................................
................................................................
................................................................
................................................................
................................................................
................................................................
................................................................
................................................................
................................................................
................................................................
................................................................
................................................................
................................................................
................................................................
................................................................
................................................................
................................................................
................................................................
................................................................
................................................................
................................................................
................................................................
................................................................
................................................................
................................................................
................................................................
................................................................
................................................................
................................................................
................................................................
................................................................
................................................................
................................................................
................................................................
................................................................
................................................................
................................................................
................................................................
................................................................
................................................................
................................................................
................................................................
................................................................
................................................................
................................................................
................................................................
................................................................
................................................................
................................................................
................................................................
................................................................
Agents:
54
0,41,9,14,18
1,23,23,36,3
2,28,1,22,30
3,19,0,42,61
4,59,52,13,63
5,22,22,57,61
6,16,0,18,33
7,19,34,32,7
8,45,41,45,1
9,36,41,15,37
10,50,39,49,46
11,61,26,21,43
12,31,63,21,0
13,55,18,42,32
14,5,4,63,17
15,63,36,37,57
16,30,12,37,13
17,4,6,19,31
18,58,56,46,26
19,27,39,42,13
20,0,26,23,1
21,39,20,31,62
22,63,45,49,6
23,18,63,33,61
24,0,22,27,32
25,32,11,4,51
26,44,59,10,57
27,48,2,47,30
28,12,60,21,22
29,56,28,2,25
30,10,0,47,34
31,59,55,50,34
32,53,49,8,6
33,55,4,51,50
34,60,12,8,52
35,39,52,12,61
36,13,61,57,49
37,41,23,31,57
38,63,40,7,22
39,26,50,53,2
40,45,56,49,28
41,17,47,44,48
42,36,51,28,24
43,55,34,62,8
44,27,2,9,50
45,58,61,23,28
46,0,63,62,6
47,29,63,0,34
48,31,48,29,39
49,31,13,58,57
50,53,14,6,25
51,3,52,58,52
52,46,43,14,53
53,62,47,51,18
