1
Grid:
64,64
................................................................
................................................................
................................................................
................................................................
................................................................
................................................................
................................................................
................................................................
................................................................
................................................................
................................................................
................................................................
................................................................
................................................................
................................................................
................................................................
................................................................
................................................................
................................................................
................................................................
................................................................
................................................................
................................................................
................................................................
................................................................
................................................................
................................................................
................................................................
................................................................
................................................................
................................................................
................................................................
................................................................
................................................................
................................................................
................................................................
................................................................
................................................................
................................................................
................................................................
................................................................
................................................................
................................................................
................................................................
................................................................
................................................................
................................................................
................................................................
................................................................
................................................................
................................................................
................................................................
................................................................
................................................................
................................................................
................................................................
................................................................
................................................................
................................................................
................................................................
................................................................
................................................................
................................................................
................................................................
Agents:
140
0,39,18,60,18
1,27,34,41,19
2,28,13,61,55
3,27,14,26,49
4,23,16,51,9
5,40,18,49,14
6,34,41,34,34
7,46,34,6,17
8,50,12,62,11
9,61,28,19,39
10,6,46,1,18
11,57,30,37,11
12,29,13,12,22
13,42,10,58,55
14,5,46,19,52
15,10,21,23,61
16,35,23,57,57
17,17,4,14,48
18,16,14,50,43
19,44,55,34,47
20,56,50,61,44
21,8,0,60,34
22,1,0,10,60
23,55,58,9,50
24,49,58,29,45
25,3,21,27,57
26,43,28,8,13
27,3,56,49,43
28,24,60,49,42
29,4,15,23,32
30,34,17,17,3
31,9,41,33,37
32,5,19,29,7
33,46,11,5,27
34,23,41,55,39
35,18,36,38,46
36,32,6,38,33
37,35,20,52,23
38,38,57,13,45
39,28,29,36,7
40,21,48,15,34
41,24,10,19,17
42,42,53,36,12
43,41,6,36,29
44,20,25,40,3
45,44,19,34,45
46,9,29,3,47
47,20,39,39,62
48,40,31,32,35
49,59,46,36,5
50,17,44,49,45
51,35,8,36,14
52,39,31,46,44
53,53,37,49,26
54,57,46,23,12
55,17,31,56,39
56,31,39,62,14
57,57,50,0,17
58,56,62,39,43
59,62,16,19,10
60,42,39,26,31
61,54,61,34,42
62,60,63,31,48
63,27,2,11,55
64,50,59,29,59
65,44,7,17,7
66,61,46,58,44
67,11,40,47,3
68,12,16,18,52
69,35,11,44,56
70,63,4,7,37
71,13,37,2,57
72,7,13,50,28
73,51,34,33,43
74,35,33,34,9
75,47,42,47,62
76,32,43,13,48
77,4,41,32,3
78,3,50,43,12
79,51,61,8,43
80,2,10,27,41
81,33,49,38,12
82,28,16,20,51
83,38,39,36,53
84,27,51,58,3
85,16,37,7,6
86,26,17,50,34
87,53,47,8,1
88,11,57,22,4
89,31,16,54,12
90,12,2,20,28
91,38,18,38,52
92,42,33,34,23
93,51,38,16,13
94,4,58,19,21
95,7,12,52,61
96,16,15,61,15
97,35,61,5,58
98,44,2,5,23
99,59,7,39,28
100,14,45,2,42
101,26,30,22,16
102,15,36,26,53
103,47,28,22,6
104,29,10,0,60
105,19,35,8,54
106,49,0,28,21
107,36,14,6,44
108,6,59,33,53
109,29,63,35,46
110,34,32,40,27
111,44,3,14,27
112,21,10,36,36
113,45,56,36,50
114,3,8,35,29
115,51,12,10,53
116,20,4,28,27
117,51,57,50,1
118,55,11,60,45
119,17,14,19,20
120,54,40,20,7
121,29,60,36,49
122,57,45,6,28
123,30,34,6,41
124,24,29,40,18
125,59,10,9,3
126,53,60,5,37
127,36,46,41,54
128,1,23,43,51
129,9,4,5,15
130,54,54,31,2
131,25,20,16,59
132,23,7,25,2
133,14,44,57,13
134,13,43,8,59
135,22,58,35,11
136,41,14,41,49
137,8,58,49,22
138,3,47,33,0
139,9,39,33,10
