3
Grid:
64,64
................................................................
................................................................
................................................................
................................................................
................................................................
................................................................
................................................................
................................................................
................................................................
................................................................
................................................................
................................................................
................................................................
................................................................
................................................................
................................................................
................................................................
................................................................
................................................................
................................................................
................................................................
................................................................
................................................................
................................................................
................................................................
................................................................
................................................................
................................................................
................................................................
................................................................
................................................................
................................................................
................................................................
................................................................
................................................................
................................................................
................................................................
................................................................
................................................................
................................................................
................................................................
................................................................
................................................................
................................................................
................................................................
................................................................
................................................................
................................................................
................................................................
................................................................
................................................................
................................................................
................................................................
................................................................
................................................................
................................................................
................................................................
................................................................
................................................................
................................................................
................................................................
................................................................
................................................................
................................................................
Agents:
154
0,25,38,37,55
1,11,55,18,11
2,37,49,6,11
3,52,11,41,40
4,58,16,60,28
5,58,7,37,15
6,19,1,46,41
7,30,32,0,39
8,12,0,18,2
9,50,16,52,55
10,23,36,36,39
11,1,8,59,53
12,8,8,51,16
13,27,52,60,49
14,11,9,52,18
15,48,35,2,6
16,34,44,15,26
17,58,58,20,0
18,14,41,61,24
19,23,51,50,42
20,22,17,22,59
21,37,18,54,12
22,44,24,11,49
23,38,34,2,18
24,8,50,58,19
25,11,22,0,38
26,19,30,9,48
27,56,52,23,26
28,37,3,21,3
29,46,29,47,7
30,22,0,14,59
31,63,48,4,39
32,31,23,51,45
33,36,38,10,12
34,6,35,39,51
35,18,35,44,59
36,41,62,17,32
37,57,6,33,58
38,63,47,13,34
39,28,48,47,61
40,33,56,62,62
41,62,26,44,51
42,15,3,57,27
43,51,6,47,55
44,21,11,14,35
45,58,57,61,60
46,28,22,15,57
47,17,52,8,27
48,50,20,51,44
49,51,63,40,7
50,27,36,48,27
51,32,40,38,38
52,45,20,21,15
53,37,50,1,35
54,53,53,1,41
55,38,62,33,0
56,60,29,12,18
57,19,39,28,33
58,50,4,40,17
59,8,33,34,44
60,50,0,39,57
61,13,6,21,13
62,40,47,34,23
63,34,35,45,21
64,53,10,54,30
65,60,7,24,25
66,60,33,7,49
67,29,7,42,8
68,56,21,12,5
69,45,58,41,59
70,30,1,26,15
71,16,32,31,44
72,36,59,34,35
73,61,63,29,63
74,2,42,9,27
75,1,46,15,60
76,12,18,5,20
77,12,26,0,32
78,23,25,29,58
79,63,61,40,37
80,50,2,46,36
81,60,42,50,3
82,57,31,0,26
83,1,26,24,18
84,0,12,28,17
85,46,28,33,12
86,23,13,35,61
87,2,49,11,50
88,47,45,12,13
89,34,45,0,63
90,50,34,15,36
91,32,10,29,26
92,9,14,34,63
93,59,42,24,0
94,21,2,33,5
95,48,31,44,42
96,22,47,17,30
97,7,28,53,59
98,4,38,51,51
99,38,5,28,56
100,57,35,61,22
101,62,54,12,56
102,59,36,11,38
103,23,62,36,7
104,15,27,9,46
105,42,41,18,44
106,55,18,54,35
107,11,15,37,49
108,33,49,53,57
109,33,42,19,5
110,36,23,60,37
111,4,61,27,60
112,27,15,10,34
113,6,39,55,54
114,6,38,59,1
115,44,9,4,34
116,6,28,26,11
117,51,15,46,15
118,36,41,22,20
119,15,36,31,29
120,55,60,38,25
121,27,57,37,27
122,23,6,25,1
123,40,4,52,50
124,36,55,27,51
125,58,19,62,42
126,5,60,6,51
127,33,34,59,30
128,30,0,46,42
129,26,44,8,53
130,30,48,2,48
131,56,40,10,22
132,47,33,4,56
133,35,26,46,47
134,31,60,46,27
135,43,55,4,16
136,34,61,16,56
137,51,40,3,32
138,59,11,2,12
139,38,21,19,45
140,39,2,40,26
141,2,14,16,33
142,43,25,50,37
143,3,10,50,62
144,59,16,49,39
145,49,35,57,16
146,15,34,59,58
147,5,6,32,42
148,3,50,6,8
149,10,54,7,22
150,35,14,14,56
151,36,40,37,22
152,12,2,25,43
153,48,8,23,18
