0
Grid:
64,64
................................................................
................................................................
................................................................
................................................................
................................................................
................................................................
................................................................
................................................................
................................................................
................................................................
................................................................
................................................................
................................................................
................................................................
................................................................
................................................................
................................................................
................................................................
................................................................
................................................................
................................................................
................................................................
................................................................
................................................................
................................................................
................................................................
................................................................
................................................................
................................................................
................................................................
................................................................
................................................................
................................................................
................................................................
................................................................
................................................................
................................................................
................................................................
................................................................
................................................................
................................................................
................................................................
................................................................
................................................................
................................................................
................................................................
................................................................
................................................................
................................................................
................................................................
................................................................
................................................................
................................................................
................................................................
................................................................
................................................................
................................................................
................................................................
................................................................
................................................................
................................................................
................................................................
................................................................
................................................................
Agents:
132
0,8,7,50,59
1,41,23,10,3
2,27,57,56,1
3,18,14,25,36
4,27,10,29,30
5,25,37,27,0
6,14,11,9,15
7,23,32,62,21
8,26,34,54,63
9,46,26,47,28
10,55,35,33,57
11,11,56,4,42
12,3,30,19,7
13,6,53,27,29
14,49,18,30,7
15,44,51,54,56
16,10,10,37,48
17,44,48,46,54
18,47,43,3,62
19,50,25,34,0
20,56,36,3,0
21,36,39,58,34
22,10,13,6,27
23,19,62,8,8
24,42,0,9,61
25,61,20,40,19
26,30,58,33,59
27,43,36,37,26
28,59,49,21,9
29,20,60,58,19
30,51,28,51,56
31,29,9,46,15
32,30,38,25,31
33,26,4,5,35
34,30,39,35,42
35,48,47,6,62
36,48,21,3,43
37,34,19,50,23
38,62,36,26,21
39,45,53,48,26
40,11,7,56,36
41,10,48,21,44
42,20,23,6,3
43,21,16,23,24
44,31,7,12,9
45,52,61,14,11
46,23,53,26,40
47,38,27,46,21
48,7,27,36,7
49,9,36,53,29
50,50,15,24,22
51,32,3,60,2
52,15,13,10,59
53,35,8,39,10
54,23,24,48,11
55,37,23,13,5
56,49,43,7,36
57,17,44,61,38
58,52,6,55,49
59,16,10,27,3
60,36,22,40,46
61,50,51,28,27
62,24,59,1,54
63,47,6,35,13
64,12,35,4,6
65,27,9,16,11
66,3,60,54,8
67,39,7,56,22
68,33,7,34,35
69,51,12,1,52
70,56,7,22,45
71,34,29,61,14
72,57,56,7,16
73,4,58,60,53
74,9,26,52,35
75,38,2,57,50
76,19,39,32,58
77,42,9,2,16
78,16,28,39,22
79,52,40,4,4
80,25,16,10,19
81,11,2,44,61
82,60,58,8,33
83,26,53,35,32
84,4,10,63,26
85,11,45,35,27
86,19,4,63,37
87,18,29,9,34
88,52,21,8,50
89,57,31,39,12
90,54,52,48,22
91,60,49,37,24
92,60,24,34,56
93,54,27,23,58
94,17,29,17,51
95,54,5,6,54
96,18,10,14,47
97,50,39,10,11
98,59,31,49,24
99,33,63,29,13
100,30,14,19,41
101,53,63,2,41
102,15,57,6,57
103,47,14,12,60
104,21,12,14,31
105,20,59,15,29
106,35,21,17,42
107,49,37,60,41
108,19,26,27,5
109,5,35,19,62
110,4,62,62,27
111,35,38,14,59
112,19,5,29,11
113,27,8,50,46
114,17,42,46,42
115,34,21,49,3
116,52,57,5,38
117,1,40,5,57
118,62,61,49,61
119,34,3,45,29
120,41,39,47,16
121,6,5,62,41
122,9,59,62,48
123,33,61,62,7
124,24,13,58,12
125,20,32,49,16
126,26,61,4,23
127,42,15,42,21
128,44,9,41,12
129,60,42,32,6
130,42,63,56,52
131,7,41,53,17
