0
Grid:
64,64
................................................................
................................................................
................................................................
................................................................
................................................................
................................................................
................................................................
................................................................
................................................................
................................................................
................................................................
................................................................
................................................................
................................................................
................................................................
................................................................
................................................................
................................................................
................................................................
................................................................
................................................................
................................................................
................................................................
................................................................
................................................................
................................................................
................................................................
................................................................
................................................................
................................................................
................................................................
................................................................
................................................................
................................................................
................................................................
................................................................
................................................................
................................................................
................................................................
................................................................
................................................................
................................................................
................................................................
................................................................
................................................................
................................................................
................................................................
................................................................
................................................................
................................................................
................................................................
................................................................
................................................................
................................................................
................................................................
................................................................
................................................................
................................................................
................................................................
................................................................
................................................................
................................................................
................................................................
................................................................
Agents:
136
0,25,17,43,15
1,21,27,61,55
2,50,8,3,42
3,15,42,58,43
4,5,10,1,54
5,47,11,37,24
6,56,24,19,53
7,23,57,39,4
8,32,62,51,22
9,2,46,2,24
10,21,15,61,12
11,7,55,33,28
12,63,28,4,30
13,7,39,58,35
14,10,37,54,22
15,22,59,4,3
16,30,51,44,21
17,46,54,23,37
18,34,34,14,32
19,46,7,23,63
20,17,9,55,48
21,56,36,27,38
22,40,7,48,38
23,46,2,23,58
24,19,15,12,15
25,34,29,51,37
26,16,0,22,59
27,16,9,48,2
28,10,29,55,24
29,28,21,10,3
30,1,39,2,52
31,32,31,27,1
32,52,52,31,51
33,45,4,43,45
34,42,33,19,23
35,23,61,4,46
36,16,58,11,46
37,29,11,53,3
38,23,35,17,43
39,15,55,21,34
40,46,5,30,51
41,19,58,55,21
42,3,57,11,15
43,42,29,38,13
44,35,37,60,50
45,44,4,4,45
46,6,24,45,55
47,6,41,0,60
48,41,25,5,57
49,47,51,60,17
50,26,41,44,52
51,23,50,41,6
52,13,22,51,21
53,35,4,6,52
54,50,38,12,12
55,14,36,19,42
56,39,60,20,44
57,20,38,49,53
58,27,59,20,19
59,10,15,26,4
60,33,5,11,45
61,52,18,36,38
62,54,55,50,29
63,51,51,43,55
64,34,61,61,22
65,51,27,34,44
66,29,5,45,19
67,45,33,5,8
68,1,30,47,2
69,44,20,8,10
70,58,30,4,4
71,50,5,46,3
72,54,33,62,47
73,48,10,34,35
74,21,3,35,47
75,61,52,9,8
76,40,10,52,5
77,7,18,32,7
78,61,37,63,39
79,45,21,40,40
80,34,47,37,37
81,34,52,17,58
82,51,50,60,32
83,6,34,16,63
84,14,50,61,54
85,36,60,21,9
86,15,54,33,25
87,21,2,48,47
88,18,47,0,38
89,28,20,23,16
90,7,41,29,51
91,29,31,27,51
92,0,63,13,56
93,51,19,14,46
94,61,26,13,36
95,35,28,36,50
96,49,22,13,0
97,49,10,48,54
98,60,62,42,53
99,18,4,28,1
100,27,14,49,23
101,59,34,27,34
102,31,0,28,62
103,37,50,57,5
104,52,4,56,31
105,0,14,33,59
106,8,24,33,3
107,14,56,32,45
108,17,3,18,8
109,52,51,48,4
110,63,51,0,52
111,36,52,30,35
112,15,7,46,57
113,11,56,18,0
114,4,11,0,42
115,6,20,47,31
116,28,24,9,26
117,57,56,38,26
118,45,59,62,0
119,25,0,19,43
120,31,56,2,23
121,26,20,37,56
122,19,24,49,6
123,8,56,46,53
124,56,57,28,53
125,9,30,50,0
126,4,40,17,12
127,42,7,47,11
128,19,23,6,32
129,53,45,19,59
130,45,40,62,61
131,62,43,25,14
132,50,48,51,3
133,31,21,5,40
134,11,22,46,25
135,2,52,48,22
