3
Grid:
64,64
................................................................
................................................................
................................................................
................................................................
................................................................
................................................................
................................................................
................................................................
................................................................
................................................................
................................................................
................................................................
................................................................
................................................................
................................................................
................................................................
................................................................
................................................................
................................................................
................................................................
................................................................
................................................................
................................................................
................................................................
................................................................
................................................................
................................................................
................................................................
................................................................
................................................................
................................................................
................................................................
................................................................
................................................................
................................................................
................................................................
................................................................
................................................................
................................................................
................................................................
................................................................
................................................................
................................................................
................................................................
................................................................
................................................................
................................................................
................................................................
................................................................
................................................................
................................................................
................................................................
................................................................
................................................................
................................................................
................................................................
................................................................
................................................................
................................................................
................................................................
................................................................
................................................................
................................................................
................................................................
Agents:
202
0,18,53,28,63
1,57,24,18,40
2,43,60,16,62
3,27,37,43,43
4,42,12,2,10
5,9,50,50,37
6,49,51,13,23
7,4,58,52,46
8,36,12,12,20
9,25,16,34,12
10,12,9,13,32
11,59,41,61,42
12,30,55,31,14
13,50,18,37,31
14,36,60,27,57
15,38,22,47,63
16,16,34,18,44
17,61,30,53,33
18,7,6,43,52
19,32,26,56,50
20,33,59,50,47
21,57,60,40,43
22,60,46,34,34
23,24,58,31,41
24,37,0,15,15
25,25,4,29,24
26,42,60,22,62
27,57,8,20,7
28,58,16,16,4
29,58,51,60,14
30,10,8,25,22
31,1,45,51,13
32,38,51,44,48
33,33,14,7,47
34,53,38,53,52
35,50,29,26,15
36,43,63,16,45
37,46,17,39,37
38,16,62,32,22
39,44,48,51,60
40,31,56,25,47
41,44,35,45,58
42,34,33,34,61
43,43,20,0,59
44,41,53,23,21
45,36,54,27,0
46,11,45,26,50
47,15,24,54,50
48,58,11,56,0
49,22,9,59,61
50,4,63,56,37
51,13,59,50,25
52,25,43,28,6
53,13,39,39,45
54,55,59,34,32
55,36,10,12,23
56,20,18,47,20
57,27,29,10,17
58,10,4,43,19
59,7,13,41,47
60,37,63,7,31
61,1,60,33,49
62,18,62,13,57
63,47,22,11,27
64,22,4,47,2
65,40,34,48,16
66,35,21,45,8
67,51,45,43,8
68,21,39,49,39
69,8,0,57,39
70,6,1,50,18
71,61,41,29,40
72,18,1,0,48
73,24,61,47,35
74,60,28,5,11
75,0,17,40,13
76,2,62,9,32
77,36,4,53,60
78,62,17,16,17
79,41,26,20,10
80,59,55,4,42
81,16,51,5,22
82,38,63,31,46
83,30,46,44,23
84,7,35,54,62
85,60,7,14,58
86,6,35,8,26
87,2,24,37,36
88,41,16,34,23
89,37,50,36,26
90,25,58,21,50
91,4,23,50,4
92,32,36,33,48
93,49,46,18,6
94,46,4,62,34
95,61,45,56,18
96,5,15,33,35
97,48,10,7,55
98,23,16,9,53
99,26,25,28,30
100,30,14,45,21
101,20,28,48,11
102,20,59,35,0
103,56,0,4,18
104,2,37,59,5
105,40,25,20,1
106,53,8,19,49
107,30,22,13,6
108,46,58,31,58
109,33,1,10,49
110,13,48,21,33
111,63,3,11,61
112,38,14,53,11
113,1,54,57,58
114,51,56,3,22
115,1,24,16,47
116,53,12,25,0
117,19,10,57,55
118,37,39,55,40
119,44,9,44,44
120,27,36,37,48
121,56,60,18,1
122,49,26,53,55
123,27,28,0,35
124,47,25,30,39
125,11,46,49,18
126,14,17,17,16
127,54,5,15,39
128,57,1,31,49
129,13,10,5,37
130,36,16,50,17
131,35,40,48,29
132,53,19,49,58
133,49,7,43,29
134,55,60,15,40
135,21,28,55,28
136,4,54,62,38
137,40,1,17,63
138,22,5,26,23
139,5,24,15,6
140,28,36,61,8
141,41,28,41,28
142,1,37,49,36
143,60,19,22,22
144,48,61,15,56
145,43,43,8,44
146,35,33,19,26
147,36,11,47,40
148,0,15,23,24
149,7,30,53,22
150,40,20,43,36
151,3,46,38,32
152,42,23,1,44
153,40,53,18,23
154,47,52,34,45
155,59,52,61,26
156,46,0,25,5
157,38,7,3,53
158,38,16,27,5
159,22,29,50,32
160,22,58,7,20
161,16,42,27,40
162,57,34,2,26
163,18,28,16,37
164,0,6,41,46
165,61,38,40,47
166,48,7,9,62
167,62,54,32,41
168,24,19,53,47
169,58,37,51,41
170,43,59,38,18
171,13,55,62,58
172,47,47,54,31
173,51,35,50,60
174,36,57,6,63
175,40,55,47,32
176,8,11,52,20
177,62,43,5,29
178,34,25,35,21
179,52,7,17,2
180,4,12,35,22
181,52,40,27,15
182,54,20,54,16
183,4,38,58,60
184,2,48,33,3
185,46,19,32,60
186,21,48,29,38
187,50,26,60,60
188,44,25,14,30
189,59,10,27,30
190,47,46,55,34
191,56,7,10,8
192,29,6,35,26
193,30,36,42,51
194,8,19,8,19
195,20,63,18,33
196,30,51,9,27
197,32,30,55,3
198,7,37,7,21
199,1,26,46,61
200,33,52,14,24
201,11,21,4,9
