1
Grid:
64,64
................................................................
................................................................
................................................................
................................................................
................................................................
................................................................
................................................................
................................................................
................................................................
................................................................
................................................................
................................................................
................................................................
................................................................
................................................................
................................................................
................................................................
................................................................
................................................................
................................................................
................................................................
................................................................
................................................................
................................................................
................................................................
................................................................
................................................................
................................................................
................................................................
................................................................
................................................................
................................................................
................................................................
................................................................
................................................................
................................................................
................................................................
................................................................
................................................................
................................................................
................................................................
................................................................
................................................................
................................................................
................................................................
................................................................
................................................................
................................................................
................................................................
................................................................
................................................................
................................................................
................................................................
................................................................
................................................................
................................................................
................................................................
................................................................
................................................................
................................................................
................................................................
................................................................
................................................................
................................................................
Agents:
200
0,21,23,21,0
1,15,50,12,36
2,62,34,24,44
3,47,9,41,16
4,0,47,36,41
5,52,59,2,55
6,47,50,59,46
7,51,23,22,55
8,11,50,1,39
9,62,58,16,54
10,62,63,39,52
11,35,33,53,31
12,47,21,7,24
13,52,44,54,3
14,12,28,51,0
15,13,8,15,10
16,43,49,5,26
17,48,52,42,52
18,43,41,58,6
19,44,50,11,0
20,22,16,44,13
21,61,20,24,55
22,6,11,44,28
23,58,14,47,17
24,9,33,13,5
25,47,43,9,37
26,2,27,39,15
27,18,22,2,42
28,52,46,33,1
29,3,40,42,36
30,46,3,10,28
31,60,36,25,0
32,34,43,21,53
33,15,61,42,6
34,1,63,11,23
35,44,34,1,30
36,5,11,53,29
37,35,46,50,13
38,2,14,44,46
39,27,35,23,45
40,27,37,28,22
41,45,33,62,31
42,5,15,11,54
43,30,26,55,46
44,0,61,18,11
45,38,3,42,43
46,3,19,56,32
47,19,24,43,57
48,50,26,44,29
49,60,61,2,10
50,13,10,49,9
51,53,12,59,4
52,37,54,18,18
53,56,36,57,56
54,19,37,26,51
55,18,31,41,47
56,13,9,50,0
57,32,17,44,19
58,55,0,57,20
59,37,63,31,14
60,30,38,21,37
61,62,46,27,12
62,59,2,13,57
63,8,16,47,36
64,26,41,11,27
65,28,0,19,58
66,39,30,47,58
67,24,24,15,35
68,53,32,60,47
69,59,15,2,28
70,23,58,5,60
71,6,26,36,63
72,42,7,46,13
73,53,58,3,13
74,50,1,21,18
75,33,49,16,20
76,52,60,55,25
77,11,6,4,14
78,17,35,5,51
79,46,40,61,35
80,9,42,10,47
81,9,17,9,54
82,56,47,59,48
83,48,8,2,9
84,27,22,58,49
85,4,22,35,44
86,40,36,40,63
87,32,36,40,23
88,3,52,58,40
89,12,13,49,5
90,29,25,27,35
91,7,42,26,41
92,12,42,42,10
93,63,50,34,22
94,12,47,28,8
95,14,24,53,8
96,33,47,41,13
97,48,27,25,46
98,17,24,10,6
99,14,6,37,40
100,9,41,21,63
101,37,11,27,26
102,44,30,6,62
103,20,58,58,63
104,5,39,14,55
105,2,29,33,61
106,22,32,29,36
107,10,48,33,17
108,35,30,26,32
109,5,14,51,31
110,47,62,46,4
111,60,44,9,3
112,7,44,54,31
113,53,56,36,35
114,51,4,49,34
115,19,43,15,26
116,37,6,9,34
117,4,51,29,1
118,51,60,61,59
119,62,45,33,59
120,22,5,3,61
121,44,36,37,13
122,44,49,50,21
123,2,0,41,59
124,36,0,37,0
125,56,50,44,21
126,19,0,31,31
127,23,11,60,55
128,45,57,60,51
129,3,0,60,50
130,41,27,27,51
131,6,1,7,45
132,20,23,18,44
133,55,16,35,58
134,28,23,13,47
135,61,39,52,36
136,32,23,54,32
137,55,42,27,38
138,18,23,56,58
139,0,22,49,52
140,41,52,16,37
141,20,51,58,45
142,11,32,43,39
143,23,37,60,33
144,46,57,58,12
145,6,57,12,35
146,56,61,53,52
147,4,59,30,37
148,62,42,28,9
149,16,20,10,14
150,58,50,54,4
151,36,13,31,38
152,2,16,50,25
153,18,59,54,9
154,8,45,28,14
155,56,21,8,17
156,56,44,61,9
157,23,52,59,52
158,7,19,6,48
159,53,51,7,8
160,63,17,31,21
161,33,35,21,21
162,16,3,22,29
163,46,34,12,38
164,18,60,36,15
165,43,39,0,6
166,28,55,5,15
167,15,7,37,22
168,48,59,22,14
169,14,28,51,36
170,28,1,30,57
171,0,49,10,18
172,1,11,13,31
173,38,16,46,54
174,51,43,25,5
175,53,28,44,35
176,20,40,45,1
177,16,1,27,14
178,60,63,46,62
179,34,47,30,61
180,40,12,34,11
181,1,17,53,17
182,14,12,14,21
183,16,31,27,21
184,36,63,0,39
185,35,58,48,6
186,37,35,53,22
187,52,32,58,42
188,34,31,54,50
189,2,35,53,62
190,8,0,12,49
191,49,42,49,43
192,23,51,59,20
193,39,14,28,3
194,24,30,28,63
195,52,16,43,47
196,63,46,47,15
197,34,52,50,27
198,58,7,50,28
199,43,51,63,14
