2
Grid:
64,64
................................................................
................................................................
................................................................
................................................................
................................................................
................................................................
................................................................
................................................................
................................................................
................................................................
................................................................
................................................................
................................................................
................................................................
................................................................
................................................................
................................................................
................................................................
................................................................
................................................................
................................................................
................................................................
................................................................
................................................................
................................................................
................................................................
................................................................
................................................................
................................................................
................................................................
................................................................
................................................................
................................................................
................................................................
................................................................
................................................................
................................................................
................................................................
................................................................
................................................................
................................................................
................................................................
................................................................
................................................................
................................................................
................................................................
................................................................
................................................................
................................................................
................................................................
................................................................
................................................................
................................................................
................................................................
................................................................
................................................................
................................................................
................................................................
................................................................
................................................................
................................................................
................................................................
................................................................
................................................................
Agents:
144
0,15,40,46,57
1,62,56,12,29
2,30,9,9,43
3,9,42,6,7
4,17,61,11,47
5,40,50,48,39
6,24,8,35,3
7,20,38,25,25
8,56,4,7,5
9,15,5,11,19
10,22,31,53,39
11,10,43,27,16
12,51,0,8,17
13,43,21,13,34
14,37,31,8,9
15,15,2,52,13
16,54,33,0,42
17,41,62,10,31
18,14,22,1,46
19,37,56,31,53
20,3,18,1,14
21,47,47,18,36
22,40,14,37,43
23,48,34,60,46
24,18,61,26,6
25,45,39,21,50
26,28,45,7,48
27,50,48,48,4
28,30,19,5,1
29,4,29,8,20
30,30,51,58,30
31,5,49,20,21
32,46,38,11,26
33,59,55,56,26
34,31,21,5,47
35,23,33,9,41
36,31,23,47,0
37,2,3,33,5
38,48,26,21,39
39,2,37,27,13
40,16,8,47,36
41,3,39,22,0
42,49,39,31,16
43,37,9,41,36
44,47,56,29,63
45,32,59,55,2
46,18,7,40,13
47,25,15,41,3
48,13,61,49,19
49,1,2,45,19
50,18,56,40,60
51,2,61,40,48
52,37,12,2,58
53,8,5,57,15
54,43,46,24,51
55,63,4,34,38
56,16,30,60,57
57,12,21,21,53
58,48,29,34,44
59,0,6,4,6
60,0,50,24,3
61,8,38,18,28
62,53,28,29,24
63,15,23,49,48
64,61,50,27,6
65,54,51,9,34
66,25,0,9,37
67,19,23,14,24
68,6,6,8,5
69,31,32,35,52
70,30,0,22,56
71,57,28,37,42
72,42,51,52,62
73,58,4,60,51
74,30,47,33,56
75,60,58,26,46
76,1,31,6,18
77,48,27,2,28
78,8,9,33,10
79,61,48,22,34
80,8,56,24,22
81,56,11,42,17
82,42,16,57,12
83,11,53,19,48
84,14,42,45,10
85,26,27,10,5
86,39,31,37,28
87,20,7,55,21
88,45,24,39,20
89,49,27,24,9
90,28,56,21,52
91,19,7,54,28
92,54,31,42,30
93,63,52,8,11
94,38,42,44,61
95,62,57,12,61
96,40,47,42,29
97,24,37,9,49
98,8,45,63,54
99,49,26,37,2
100,39,5,20,30
101,53,52,8,26
102,20,33,51,19
103,19,33,12,14
104,10,41,45,24
105,46,47,6,39
106,19,15,48,48
107,37,48,18,61
108,21,11,33,2
109,17,23,20,22
110,14,36,3,6
111,44,33,20,9
112,51,55,1,12
113,7,47,17,62
114,62,63,25,13
115,39,23,8,28
116,51,23,25,48
117,2,31,6,43
118,50,21,15,43
119,12,29,8,46
120,41,61,16,40
121,59,14,31,21
122,33,6,17,22
123,28,8,1,22
124,0,23,41,29
125,24,38,27,4
126,9,16,23,46
127,55,17,54,25
128,8,50,62,62
129,45,27,50,47
130,42,46,6,35
131,8,63,51,48
132,45,59,24,11
133,12,5,55,27
134,63,51,54,58
135,45,16,61,39
136,40,29,30,6
137,63,44,32,53
138,27,62,44,47
139,46,39,18,1
140,39,0,4,39
141,14,35,45,54
142,32,49,15,39
143,23,63,17,12
