1
Grid:
64,64
................................................................
................................................................
................................................................
................................................................
................................................................
................................................................
................................................................
................................................................
................................................................
................................................................
................................................................
................................................................
................................................................
................................................................
................................................................
................................................................
................................................................
................................................................
................................................................
................................................................
................................................................
................................................................
................................................................
................................................................
................................................................
................................................................
................................................................
................................................................
................................................................
................................................................
................................................................
................................................................
................................................................
................................................................
................................................................
................................................................
................................................................
................................................................
................................................................
................................................................
................................................................
................................................................
................................................................
................................................................
................................................................
................................................................
................................................................
................................................................
................................................................
................................................................
................................................................
................................................................
................................................................
................................................................
................................................................
................................................................
................................................................
................................................................
................................................................
................................................................
................................................................
................................................................
................................................................
................................................................
Agents:
228
0,9,20,46,31
1,10,15,20,12
2,18,10,27,6
3,26,47,8,62
4,23,26,20,21
5,34,48,1,25
6,60,38,27,58
7,5,36,58,30
8,55,24,58,32
9,44,60,34,13
10,16,61,33,59
11,56,2,17,49
12,53,60,49,21
13,60,17,47,31
14,55,30,5,32
15,34,16,57,22
16,45,39,54,28
17,21,9,57,30
18,19,24,0,15
19,8,29,48,18
20,17,20,55,5
21,33,27,37,52
22,20,2,53,5
23,11,36,51,6
24,17,3,0,48
25,24,60,29,10
26,54,58,43,20
27,51,11,4,45
28,27,8,14,24
29,25,21,7,13
30,14,9,14,26
31,55,57,57,8
32,55,18,47,58
33,3,21,5,39
34,17,60,62,3
35,17,31,1,7
36,16,15,57,10
37,43,59,19,29
38,27,28,19,63
39,45,50,62,59
40,48,24,38,8
41,0,52,51,19
42,5,38,29,26
43,25,51,9,11
44,51,9,6,2
45,45,10,3,34
46,62,50,47,62
47,15,8,22,8
48,28,40,6,34
49,36,2,32,29
50,63,54,38,52
51,18,21,25,46
52,50,57,6,12
53,44,39,56,50
54,15,55,24,3
55,48,62,7,33
56,26,39,4,6
57,36,54,33,34
58,8,3,53,39
59,51,16,3,0
60,56,16,55,27
61,33,7,48,25
62,14,6,18,52
63,32,29,50,53
64,0,34,44,37
65,30,51,11,23
66,56,43,43,2
67,51,58,17,10
68,5,42,49,41
69,2,11,4,39
70,58,50,54,42
71,35,59,22,40
72,24,46,6,56
73,48,22,18,20
74,13,24,44,3
75,63,25,56,43
76,52,19,56,49
77,9,47,52,56
78,20,10,27,19
79,6,43,28,44
80,24,14,59,34
81,38,44,21,52
82,24,61,45,59
83,6,46,43,4
84,52,42,13,25
85,48,30,0,46
86,1,39,61,52
87,22,5,49,14
88,44,37,50,23
89,46,31,30,58
90,15,39,50,16
91,35,5,21,14
92,62,36,8,16
93,33,3,28,48
94,38,58,47,18
95,35,22,12,8
96,51,43,20,14
97,11,54,30,6
98,35,27,38,54
99,40,2,29,63
100,34,35,57,19
101,40,33,31,24
102,24,12,21,39
103,61,4,7,24
104,2,46,57,26
105,28,39,18,2
106,22,15,43,29
107,62,63,48,56
108,9,19,23,7
109,63,34,41,29
110,12,48,58,62
111,4,54,6,6
112,58,42,41,1
113,57,53,44,29
114,2,19,43,21
115,55,19,38,62
116,39,43,8,42
117,63,1,8,26
118,45,49,44,4
119,39,29,59,31
120,0,55,47,23
121,30,60,3,8
122,0,36,17,33
123,45,12,36,34
124,45,15,34,56
125,28,5,60,25
126,53,49,24,5
127,31,49,53,9
128,38,45,49,13
129,23,18,6,51
130,10,13,12,30
131,43,8,57,60
132,47,2,6,32
133,39,18,46,15
134,63,7,21,15
135,38,13,21,9
136,59,46,23,41
137,47,12,16,37
138,23,61,54,26
139,42,16,60,62
140,61,44,63,62
141,8,51,8,53
142,54,49,15,59
143,29,53,28,34
144,12,13,36,51
145,27,63,42,29
146,25,20,44,53
147,19,51,37,31
148,11,21,13,34
149,12,61,38,47
150,60,26,25,43
151,13,37,4,16
152,41,15,14,1
153,10,6,17,35
154,1,18,8,57
155,26,41,44,11
156,2,7,34,36
157,21,29,51,41
158,5,56,24,60
159,17,62,30,4
160,37,49,31,33
161,6,49,56,21
162,44,38,41,24
163,51,38,18,39
164,27,60,0,37
165,1,2,28,49
166,49,45,18,13
167,20,35,27,54
168,31,34,40,42
169,9,39,62,39
170,39,22,56,52
171,52,57,18,35
172,51,49,30,12
173,61,18,38,50
174,46,18,41,36
175,3,14,45,50
176,24,10,19,32
177,19,28,16,62
178,57,3,5,34
179,27,35,15,10
180,43,5,20,38
181,17,23,56,35
182,55,21,61,8
183,50,50,50,61
184,61,34,23,12
185,46,42,35,54
186,22,14,11,49
187,61,13,28,33
188,61,58,12,58
189,41,32,0,13
190,39,36,53,7
191,14,46,13,33
192,62,34,38,53
193,20,9,27,48
194,15,3,2,54
195,40,6,54,62
196,11,3,37,51
197,42,46,56,33
198,39,27,61,54
199,58,40,37,20
200,31,12,34,18
201,56,11,33,49
202,36,25,4,62
203,55,10,58,27
204,12,6,15,36
205,30,63,45,34
206,26,59,41,4
207,60,7,58,3
208,55,34,33,38
209,0,41,42,57
210,34,58,33,11
211,30,19,47,4
212,35,15,19,23
213,37,33,27,3
214,0,0,5,45
215,0,26,3,36
216,43,2,1,60
217,10,36,25,52
218,42,10,29,40
219,60,9,42,11
220,37,41,43,6
221,44,16,5,33
222,6,35,4,54
223,55,4,49,26
224,1,36,9,47
225,40,54,42,40
226,42,62,62,19
227,59,36,52,15
