1
Grid:
64,64
................................................................
................................................................
................................................................
................................................................
................................................................
................................................................
................................................................
................................................................
................................................................
................................................................
................................................................
................................................................
................................................................
................................................................
................................................................
................................................................
................................................................
................................................................
................................................................
................................................................
................................................................
................................................................
................................................................
................................................................
................................................................
................................................................
................................................................
................................................................
................................................................
................................................................
................................................................
................................................................
................................................................
................................................................
................................................................
................................................................
................................................................
................................................................
................................................................
................................................................
................................................................
................................................................
................................................................
................................................................
................................................................
................................................................
................................................................
................................................................
................................................................
................................................................
................................................................
................................................................
................................................................
................................................................
................................................................
................................................................
................................................................
................................................................
................................................................
................................................................
................................................................
................................................................
................................................................
................................................................
Agents:
106
0,56,6,58,6
1,60,3,33,50
2,57,28,1,10
3,2,33,59,40
4,18,54,27,42
5,17,57,36,32
6,58,7,20,2
7,22,61,57,58
8,43,5,45,28
9,27,10,38,1
10,42,41,38,13
11,1,43,51,28
12,30,25,14,45
13,25,22,6,48
14,34,3,55,27
15,1,37,50,45
16,58,30,7,23
17,6,53,12,48
18,12,19,15,22
19,24,21,62,0
20,12,34,17,59
21,4,55,55,56
22,8,7,35,40
23,57,20,10,25
24,55,10,34,29
25,12,12,38,60
26,42,59,28,48
27,39,15,52,32
28,5,17,51,10
29,37,31,57,21
30,2,43,2,34
31,63,15,30,57
32,52,44,12,20
33,63,27,57,39
34,0,32,28,24
35,49,24,46,12
36,45,6,4,5
37,62,7,37,47
38,36,9,5,25
39,34,22,8,8
40,32,5,43,10
41,31,23,1,37
42,54,53,25,7
43,58,62,2,5
44,54,55,8,63
45,48,59,5,4
46,46,56,25,2
47,19,32,43,32
48,35,52,19,54
49,3,28,7,26
50,8,29,17,24
51,20,22,30,20
52,25,52,13,24
53,31,36,10,11
54,60,32,44,49
55,46,14,18,48
56,62,60,12,58
57,11,40,33,55
58,24,62,1,7
59,49,0,57,8
60,36,8,48,3
61,47,54,47,10
62,41,53,15,29
63,50,29,49,50
64,36,48,41,40
65,6,6,31,41
66,13,3,52,10
67,49,9,18,60
68,61,2,57,30
69,22,21,38,63
70,1,22,31,34
71,13,52,61,38
72,12,31,30,48
73,57,22,46,30
74,21,59,63,10
75,27,4,48,40
76,42,8,48,44
77,56,11,48,59
78,38,35,36,24
79,10,42,42,56
80,50,31,25,57
81,60,57,20,59
82,53,40,60,61
83,0,59,34,60
84,11,2,61,30
85,42,22,26,44
86,40,28,20,6
87,62,14,56,62
88,59,58,48,29
89,41,10,29,43
90,59,28,44,48
91,7,40,40,27
92,21,1,16,26
93,27,5,21,26
94,10,37,15,17
95,34,26,10,60
96,56,44,51,46
97,35,34,9,25
98,26,19,59,13
99,63,36,37,18
100,31,61,26,11
101,10,19,8,5
102,17,5,1,20
103,27,14,41,34
104,16,43,56,38
105,57,0,54,30
