0
Grid:
64,64
................................................................
................................................................
................................................................
................................................................
................................................................
................................................................
................................................................
................................................................
................................................................
................................................................
................................................................
................................................................
................................................................
................................................................
................................................................
................................................................
................................................................
................................................................
................................................................
................................................................
................................................................
................................................................
................................................................
................................................................
................................................................
................................................................
................................................................
................................................................
................................................................
................................................................
................................................................
................................................................
................................................................
................................................................
................................................................
................................................................
................................................................
................................................................
................................................................
................................................................
................................................................
................................................................
................................................................
................................................................
................................................................
................................................................
................................................................
................................................................
................................................................
................................................................
................................................................
................................................................
................................................................
................................................................
................................................................
................................................................
................................................................
................................................................
................................................................
................................................................
................................................................
................................................................
................................................................
................................................................
Agents:
172
0,14,26,7,31
1,47,48,43,19
2,44,12,20,24
3,8,63,55,49
4,21,38,40,19
5,55,19,27,56
6,2,0,39,47
7,49,51,13,62
8,36,34,47,14
9,15,12,50,34
10,49,16,60,26
11,31,60,12,26
12,59,17,5,38
13,4,30,47,57
14,40,51,42,17
15,59,0,44,47
16,6,34,46,63
17,22,53,0,5
18,50,14,52,27
19,48,38,25,46
20,3,3,10,9
21,11,22,15,39
22,29,44,52,15
23,63,34,37,33
24,27,12,43,3
25,55,25,54,63
26,57,59,37,59
27,36,61,13,3
28,58,51,59,47
29,52,26,5,7
30,7,41,11,0
31,23,33,60,62
32,42,55,3,2
33,12,31,57,55
34,41,59,20,9
35,1,21,19,53
36,50,41,2,59
37,8,45,47,43
38,4,8,20,18
39,31,15,2,51
40,18,33,49,40
41,3,28,41,31
42,60,34,9,7
43,6,11,35,44
44,62,24,21,57
45,58,63,37,36
46,26,21,42,31
47,30,26,34,61
48,44,42,15,10
49,44,37,33,11
50,31,31,46,15
51,57,31,46,52
52,11,34,23,19
53,38,16,12,3
54,50,54,31,28
55,56,50,30,36
56,19,37,24,35
57,8,38,15,12
58,38,59,46,31
59,36,8,19,9
60,48,1,22,42
61,33,16,15,3
62,0,1,26,40
63,59,29,18,27
64,10,46,61,61
65,1,26,43,24
66,28,57,16,8
67,48,50,11,58
68,40,35,17,56
69,16,26,30,0
70,59,54,5,15
71,24,7,3,6
72,31,8,55,53
73,43,52,32,49
74,12,56,3,5
75,51,48,29,13
76,5,35,5,54
77,53,30,41,40
78,61,40,56,54
79,30,9,18,59
80,38,9,38,39
81,6,3,31,39
82,21,26,13,58
83,53,21,29,9
84,61,3,13,0
85,42,10,12,0
86,13,57,39,53
87,40,26,59,38
88,48,56,48,9
89,22,6,49,16
90,16,17,29,17
91,59,16,56,40
92,20,56,44,29
93,3,17,38,50
94,52,63,15,31
95,4,7,4,42
96,51,50,4,39
97,48,20,40,56
98,17,1,53,15
99,51,16,9,12
100,63,55,13,7
101,59,48,63,40
102,6,59,7,15
103,22,59,32,55
104,53,35,37,29
105,55,38,17,39
106,51,32,34,50
107,56,52,12,2
108,8,36,27,12
109,9,28,34,7
110,22,35,35,53
111,32,61,0,40
112,62,34,8,3
113,22,26,9,19
114,9,19,40,17
115,8,47,47,47
116,4,5,8,39
117,6,25,16,27
118,22,10,59,25
119,10,25,2,33
120,34,7,35,11
121,27,17,15,53
122,8,29,38,38
123,20,19,0,14
124,12,45,53,57
125,56,22,29,20
126,58,28,17,61
127,22,61,18,22
128,50,36,61,20
129,36,59,24,37
130,50,34,62,56
131,27,8,57,1
132,33,45,34,57
133,25,31,37,10
134,29,61,16,53
135,26,47,19,17
136,57,14,3,28
137,7,15,24,52
138,53,32,24,28
139,13,3,42,60
140,32,13,31,13
141,7,26,12,48
142,55,46,52,36
143,11,42,1,42
144,2,25,21,18
145,24,38,14,47
146,53,38,9,21
147,21,57,50,46
148,54,63,38,31
149,59,38,16,32
150,57,26,49,33
151,30,14,17,49
152,19,8,37,21
153,28,43,16,34
154,20,6,42,12
155,7,17,14,20
156,22,32,53,34
157,26,36,56,44
158,26,0,48,7
159,17,51,4,31
160,34,47,48,32
161,28,4,46,24
162,37,52,0,54
163,57,19,1,7
164,57,13,35,23
165,25,53,9,56
166,36,39,35,9
167,10,6,19,30
168,47,56,18,37
169,7,46,36,44
170,17,32,10,39
171,21,60,17,45
