2
Grid:
64,64
................................................................
................................................................
................................................................
................................................................
................................................................
................................................................
................................................................
................................................................
................................................................
................................................................
................................................................
................................................................
................................................................
................................................................
................................................................
................................................................
................................................................
................................................................
................................................................
................................................................
................................................................
................................................................
................................................................
................................................................
................................................................
................................................................
................................................................
................................................................
................................................................
................................................................
................................................................
................................................................
................................................................
................................................................
................................................................
................................................................
................................................................
................................................................
................................................................
................................................................
................................................................
................................................................
................................................................
................................................................
................................................................
................................................................
................................................................
................................................................
................................................................
................................................................
................................................................
................................................................
................................................................
................................................................
................................................................
................................................................
................................................................
................................................................
................................................................
................................................................
................................................................
................................................................
................................................................
................................................................
Agents:
108
0,35,12,0,44
1,6,35,48,18
2,55,55,39,28
3,58,12,28,29
4,41,8,55,51
5,6,25,48,41
6,3,0,54,9
7,21,1,61,9
8,20,20,51,44
9,22,46,7,2
10,2,8,31,8
11,35,41,28,8
12,59,37,55,41
13,11,38,10,55
14,61,52,11,23
15,53,57,21,48
16,45,8,8,49
17,9,26,53,35
18,49,1,63,40
19,10,62,46,40
20,10,48,36,55
21,18,54,53,13
22,7,49,22,51
23,21,24,19,5
24,33,1,20,35
25,50,39,12,13
26,42,28,37,19
27,38,26,32,59
28,41,29,5,61
29,40,18,49,33
30,43,19,27,22
31,14,53,2,58
32,18,13,59,46
33,44,59,40,56
34,54,59,40,1
35,15,18,3,23
36,9,24,22,22
37,35,18,29,3
38,54,45,9,54
39,33,10,14,1
40,16,51,16,32
41,5,60,30,15
42,1,13,40,11
43,15,16,27,47
44,33,47,55,42
45,48,20,55,30
46,25,56,46,4
47,18,55,48,56
48,33,28,2,25
49,35,58,42,33
50,4,25,57,12
51,33,37,31,28
52,50,31,29,1
53,30,18,4,35
54,57,20,56,11
55,35,59,3,30
56,59,30,38,5
57,2,56,13,34
58,14,18,2,35
59,51,5,22,62
60,61,28,38,51
61,25,7,14,60
62,11,59,47,5
63,56,17,40,21
64,6,44,26,36
65,48,26,58,17
66,9,38,22,49
67,5,54,32,0
68,17,31,44,63
69,9,33,32,42
70,47,61,26,60
71,22,12,45,8
72,11,52,11,49
73,24,59,35,15
74,53,25,24,17
75,41,15,39,7
76,40,30,51,61
77,60,39,61,39
78,63,25,33,50
79,26,54,54,29
80,39,12,45,63
81,11,13,24,23
82,36,9,61,12
83,50,20,27,30
84,24,11,35,26
85,38,46,55,45
86,8,18,12,8
87,21,0,18,13
88,6,13,51,35
89,59,22,60,53
90,34,61,3,42
91,27,44,58,39
92,3,33,62,12
93,49,43,49,58
94,41,30,18,36
95,54,55,63,24
96,5,19,61,11
97,58,35,47,12
98,49,8,29,20
99,40,2,57,35
100,2,3,3,18
101,35,42,61,35
102,51,58,20,2
103,6,22,40,5
104,8,60,9,12
105,33,50,34,10
106,30,4,43,58
107,20,42,46,18
