4
Grid:
64,64
................................................................
................................................................
................................................................
................................................................
................................................................
................................................................
................................................................
................................................................
................................................................
................................................................
................................................................
................................................................
................................................................
................................................................
................................................................
................................................................
................................................................
................................................................
................................................................
................................................................
................................................................
................................................................
................................................................
................................................................
................................................................
................................................................
................................................................
................................................................
................................................................
................................................................
................................................................
................................................................
................................................................
................................................................
................................................................
................................................................
................................................................
................................................................
................................................................
................................................................
................................................................
................................................................
................................................................
................................................................
................................................................
................................................................
................................................................
................................................................
................................................................
................................................................
................................................................
................................................................
................................................................
................................................................
................................................................
................................................................
................................................................
................................................................
................................................................
................................................................
................................................................
................................................................
................................................................
................................................................
Agents:
30
0,2,7,36,16
1,10,8,30,56
2,32,6,21,44
3,61,52,20,5
4,54,7,30,30
5,39,38,23,50
6,34,30,59,28
7,10,61,44,7
8,51,35,32,51
9,5,33,25,16
10,11,50,12,58
11,40,50,52,20
12,17,31,39,15
13,27,37,28,60
14,9,47,18,15
15,4,56,20,36
16,28,41,21,29
17,43,61,57,44
18,9,61,62,6
19,15,43,28,47
20,15,34,58,55
21,24,59,5,22
22,41,42,18,59
23,21,39,9,17
24,41,27,18,18
25,43,39,30,62
26,1,6,9,47
27,14,16,1,3
28,31,23,44,14
29,55,1,0,17
