0
Grid:
64,64
................................................................
................................................................
................................................................
................................................................
................................................................
................................................................
................................................................
................................................................
................................................................
................................................................
................................................................
................................................................
................................................................
................................................................
................................................................
................................................................
................................................................
................................................................
................................................................
................................................................
................................................................
................................................................
................................................................
................................................................
................................................................
................................................................
................................................................
................................................................
................................................................
................................................................
................................................................
................................................................
................................................................
................................................................
................................................................
................................................................
................................................................
................................................................
................................................................
................................................................
................................................................
................................................................
................................................................
................................................................
................................................................
................................................................
................................................................
................................................................
................................................................
................................................................
................................................................
................................................................
................................................................
................................................................
................................................................
................................................................
................................................................
................................................................
................................................................
................................................................
................................................................
................................................................
................................................................
................................................................
Agents:
170
0,61,41,26,52
1,14,36,31,50
2,27,13,6,2
3,4,24,28,34
4,58,48,32,33
5,37,33,9,45
6,30,52,34,3
7,50,21,5,37
8,4,52,5,24
9,46,7,15,58
10,47,35,33,61
11,45,20,58,30
12,1,62,34,59
13,15,30,43,26
14,42,8,4,57
15,22,8,25,47
16,10,21,29,32
17,4,41,0,7
18,55,13,5,9
19,5,42,55,33
20,14,55,46,40
21,35,51,6,59
22,2,6,12,44
23,15,43,44,31
24,35,21,41,59
25,49,63,32,18
26,57,26,23,16
27,60,57,18,3
28,35,29,28,43
29,61,38,53,46
30,46,50,12,23
31,25,29,46,4
32,23,8,18,60
33,47,9,5,22
34,29,54,21,26
35,46,3,0,3
36,57,56,37,40
37,63,58,1,33
38,18,58,36,1
39,46,35,50,2
40,58,20,56,28
41,22,23,0,27
42,42,21,44,53
43,28,42,20,60
44,45,62,60,56
45,42,40,13,15
46,45,39,11,6
47,9,48,29,52
48,25,37,51,12
49,60,25,25,45
50,56,58,55,56
51,16,26,36,16
52,59,1,58,52
53,26,1,35,14
54,39,40,0,15
55,46,25,5,5
56,43,25,20,22
57,27,2,26,24
58,51,2,30,63
59,43,4,49,23
60,28,31,63,60
61,11,5,18,52
62,21,17,4,27
63,46,15,4,51
64,32,45,46,50
65,11,39,8,39
66,39,33,62,25
67,27,28,8,59
68,7,15,43,25
69,25,27,16,3
70,16,43,0,34
71,22,2,2,41
72,57,20,28,27
73,59,47,27,50
74,20,23,54,22
75,49,44,6,28
76,27,56,37,60
77,46,10,6,47
78,18,10,53,60
79,33,58,23,29
80,28,7,9,49
81,50,10,56,50
82,61,63,19,63
83,58,35,42,40
84,41,16,30,28
85,52,49,1,13
86,8,9,0,8
87,12,1,34,52
88,21,62,35,6
89,59,9,31,25
90,59,31,26,33
91,11,46,28,23
92,36,2,4,56
93,45,60,60,44
94,10,47,18,49
95,8,5,9,12
96,9,28,28,26
97,38,49,51,7
98,33,49,15,24
99,28,13,61,20
100,3,10,29,59
101,3,11,29,24
102,17,37,49,16
103,62,3,37,59
104,20,20,30,46
105,15,24,53,43
106,62,60,26,53
107,60,3,10,33
108,37,59,26,30
109,17,62,21,21
110,25,57,1,42
111,8,47,48,45
112,39,43,63,47
113,34,26,47,46
114,31,36,44,19
115,12,37,11,28
116,44,45,30,58
117,28,0,8,54
118,42,25,42,52
119,49,8,57,6
120,61,6,2,60
121,27,51,54,9
122,53,49,24,58
123,30,41,60,34
124,53,30,36,53
125,12,54,55,14
126,3,30,33,12
127,51,9,30,40
128,2,20,36,50
129,35,37,45,43
130,2,36,43,48
131,35,47,25,62
132,8,42,47,60
133,43,16,45,26
134,32,59,11,14
135,24,11,16,45
136,9,8,2,26
137,0,19,44,43
138,30,20,3,47
139,58,53,51,57
140,13,57,26,57
141,36,1,18,11
142,23,21,40,28
143,34,14,46,36
144,57,18,61,40
145,62,22,33,1
146,54,11,15,59
147,6,25,62,0
148,34,43,13,12
149,43,11,56,25
150,6,13,57,42
151,8,58,35,26
152,6,1,40,9
153,45,58,57,37
154,29,32,21,11
155,42,45,30,8
156,26,45,51,15
157,24,8,61,49
158,63,34,37,27
159,23,50,2,8
160,7,28,36,22
161,23,13,9,24
162,60,2,6,33
163,20,61,60,7
164,2,39,25,31
165,49,51,33,49
166,40,46,23,57
167,47,63,1,0
168,48,41,3,61
169,59,22,60,49
