3
Grid:
64,64
................................................................
................................................................
................................................................
................................................................
................................................................
................................................................
................................................................
................................................................
................................................................
................................................................
................................................................
................................................................
................................................................
................................................................
................................................................
................................................................
................................................................
................................................................
................................................................
................................................................
................................................................
................................................................
................................................................
................................................................
................................................................
................................................................
................................................................
................................................................
................................................................
................................................................
................................................................
................................................................
................................................................
................................................................
................................................................
................................................................
................................................................
................................................................
................................................................
................................................................
................................................................
................................................................
................................................................
................................................................
................................................................
................................................................
................................................................
................................................................
................................................................
................................................................
................................................................
................................................................
................................................................
................................................................
................................................................
................................................................
................................................................
................................................................
................................................................
................................................................
................................................................
................................................................
................................................................
................................................................
Agents:
86
0,5,48,37,3
1,50,2,16,21
2,35,21,32,45
3,11,33,17,31
4,49,60,12,62
5,3,57,36,14
6,38,45,25,28
7,31,17,39,45
8,49,63,61,61
9,16,55,0,11
10,26,33,10,26
11,57,38,12,10
12,58,30,50,11
13,20,7,45,8
14,49,56,57,25
15,20,42,44,25
16,22,22,40,50
17,63,51,23,43
18,37,42,54,29
19,61,54,38,23
20,47,19,6,41
21,7,21,16,39
22,41,31,26,28
23,9,43,12,8
24,10,60,10,9
25,10,25,34,60
26,37,57,14,15
27,6,36,46,12
28,55,11,28,28
29,7,5,17,55
30,1,4,32,34
31,48,57,21,2
32,39,25,46,39
33,35,15,21,59
34,46,44,15,46
35,44,6,26,27
36,1,26,23,16
37,8,6,16,23
38,25,36,18,30
39,61,26,15,56
40,21,40,42,43
41,60,52,62,10
42,45,59,55,5
43,4,28,32,21
44,15,27,43,40
45,60,26,20,49
46,34,56,4,61
47,52,43,7,15
48,34,14,26,19
49,45,16,4,23
50,60,57,34,3
51,61,30,52,26
52,16,3,14,62
53,23,11,52,60
54,10,19,53,58
55,14,45,47,27
56,48,25,18,12
57,8,59,24,7
58,11,44,12,28
59,21,7,28,51
60,0,19,49,60
61,48,18,17,50
62,35,9,30,12
63,37,29,35,33
64,35,11,32,63
65,54,44,30,60
66,30,28,30,15
67,43,29,31,38
68,36,42,34,38
69,36,56,41,19
70,43,15,59,20
71,16,41,63,50
72,11,53,20,50
73,8,27,4,14
74,34,39,34,1
75,3,0,45,30
76,58,53,14,45
77,57,42,58,49
78,46,61,15,38
79,32,13,0,52
80,37,19,17,42
81,27,63,29,27
82,28,33,28,11
83,15,20,22,18
84,46,42,27,43
85,23,33,27,50
