0
Grid:
64,64
................................................................
................................................................
................................................................
................................................................
................................................................
................................................................
................................................................
................................................................
................................................................
................................................................
................................................................
................................................................
................................................................
................................................................
................................................................
................................................................
................................................................
................................................................
................................................................
................................................................
................................................................
................................................................
................................................................
................................................................
................................................................
................................................................
................................................................
................................................................
................................................................
................................................................
................................................................
................................................................
................................................................
................................................................
................................................................
................................................................
................................................................
................................................................
................................................................
................................................................
................................................................
................................................................
................................................................
................................................................
................................................................
................................................................
................................................................
................................................................
................................................................
................................................................
................................................................
................................................................
................................................................
................................................................
................................................................
................................................................
................................................................
................................................................
................................................................
................................................................
................................................................
................................................................
................................................................
................................................................
Agents:
210
0,39,56,39,58
1,62,56,56,25
2,30,10,39,52
3,45,18,24,6
4,25,18,43,32
5,31,28,0,20
6,48,7,62,6
7,19,45,51,2
8,1,41,22,47
9,58,2,0,53
10,28,38,51,17
11,6,42,11,60
12,9,57,63,3
13,4,23,46,6
14,55,31,41,60
15,42,55,2,27
16,24,14,33,11
17,20,45,44,25
18,22,31,61,12
19,11,26,53,6
20,47,9,35,14
21,12,11,21,50
22,18,56,31,7
23,39,34,24,24
24,19,23,9,44
25,49,3,25,50
26,47,35,1,18
27,5,1,52,20
28,49,20,55,47
29,47,36,13,55
30,6,22,31,45
31,26,57,1,42
32,40,40,14,23
33,4,34,39,43
34,51,37,35,28
35,22,34,7,13
36,29,32,55,2
37,18,19,17,56
38,26,59,11,29
39,24,17,44,20
40,17,33,31,1
41,3,32,13,8
42,46,38,37,45
43,8,53,41,34
44,9,19,6,51
45,60,2,29,62
46,48,38,36,11
47,19,25,60,21
48,46,19,1,32
49,35,41,5,23
50,51,5,62,5
51,47,45,7,52
52,0,14,12,39
53,37,14,41,11
54,16,49,44,39
55,38,54,32,5
56,59,30,61,38
57,18,36,34,15
58,18,58,8,31
59,10,1,9,46
60,31,15,32,42
61,25,32,24,29
62,41,20,34,61
63,49,54,10,28
64,13,57,31,19
65,36,7,41,1
66,24,46,25,51
67,29,12,25,57
68,50,22,53,49
69,31,32,39,59
70,1,57,35,37
71,37,23,10,42
72,44,6,36,28
73,7,18,46,33
74,19,46,30,8
75,6,51,53,22
76,9,33,18,14
77,10,36,12,34
78,44,14,41,9
79,4,44,33,31
80,29,46,51,41
81,1,22,15,10
82,12,31,24,8
83,30,12,26,4
84,0,6,10,12
85,50,60,32,46
86,27,42,36,15
87,0,37,2,47
88,42,1,12,32
89,51,35,59,45
90,12,30,26,12
91,34,30,38,2
92,50,49,33,23
93,62,54,62,39
94,36,56,58,19
95,32,35,7,44
96,17,51,63,7
97,2,18,13,24
98,56,14,0,17
99,10,12,30,47
100,40,58,24,53
101,17,13,40,57
102,60,10,42,14
103,24,31,59,40
104,33,36,7,29
105,58,42,0,1
106,27,32,40,44
107,31,62,57,23
108,11,34,57,43
109,36,27,10,15
110,33,39,38,47
111,40,7,28,21
112,38,14,35,9
113,42,39,11,22
114,39,46,39,24
115,45,27,6,22
116,55,39,10,55
117,59,18,12,10
118,12,21,43,37
119,34,39,12,24
120,25,31,52,58
121,21,63,32,50
122,62,53,58,18
123,8,49,8,14
124,20,4,31,31
125,6,21,34,26
126,41,47,27,56
127,43,0,59,11
128,18,9,19,38
129,39,45,12,51
130,31,48,15,42
131,55,50,2,54
132,55,30,8,47
133,51,51,4,17
134,37,13,4,0
135,63,60,31,43
136,2,2,21,55
137,18,40,50,5
138,9,48,48,48
139,5,57,46,10
140,19,35,30,51
141,39,23,15,24
142,50,8,24,62
143,59,58,13,17
144,63,3,10,14
145,46,53,13,32
146,8,40,35,19
147,8,31,0,36
148,1,20,14,55
149,11,7,62,20
150,18,16,41,7
151,21,45,45,44
152,44,41,54,2
153,46,42,45,57
154,0,54,20,39
155,39,38,21,8
156,29,20,44,54
157,11,31,2,58
158,44,43,37,41
159,56,43,3,7
160,13,46,61,25
161,7,10,41,0
162,52,26,39,36
163,26,47,26,47
164,31,41,50,7
165,47,48,26,59
166,45,11,35,35
167,16,23,62,19
168,1,5,59,32
169,27,18,47,43
170,11,21,3,29
171,2,56,59,60
172,13,33,44,8
173,10,18,45,63
174,23,40,43,15
175,51,22,49,55
176,28,32,42,54
177,58,36,2,52
178,8,10,17,5
179,56,18,51,6
180,14,62,56,29
181,10,22,34,21
182,7,54,63,23
183,56,17,60,55
184,4,51,12,59
185,30,38,2,55
186,16,38,53,51
187,31,55,50,16
188,43,15,59,20
189,61,18,37,60
190,15,8,32,17
191,24,54,29,34
192,54,24,42,25
193,20,13,2,38
194,17,44,43,13
195,15,54,20,18
196,12,9,9,52
197,4,12,49,34
198,11,44,20,3
199,49,22,11,44
200,41,57,27,9
201,14,35,52,48
202,6,54,2,20
203,1,2,28,35
204,56,57,31,49
205,13,37,11,63
206,2,5,58,54
207,38,19,33,32
208,32,46,9,38
209,34,42,51,33
