4
Grid:
64,64
................................................................
................................................................
................................................................
................................................................
................................................................
................................................................
................................................................
................................................................
................................................................
................................................................
................................................................
................................................................
................................................................
................................................................
................................................................
................................................................
................................................................
................................................................
................................................................
................................................................
................................................................
................................................................
................................................................
................................................................
................................................................
................................................................
................................................................
................................................................
................................................................
................................................................
................................................................
................................................................
................................................................
................................................................
................................................................
................................................................
................................................................
................................................................
................................................................
................................................................
................................................................
................................................................
................................................................
................................................................
................................................................
................................................................
................................................................
................................................................
................................................................
................................................................
................................................................
................................................................
................................................................
................................................................
................................................................
................................................................
................................................................
................................................................
................................................................
................................................................
................................................................
................................................................
................................................................
................................................................
Agents:
118
0,3,9,48,35
1,48,7,21,21
2,30,53,10,37
3,11,12,33,10
4,27,5,43,48
5,16,28,18,62
6,42,44,34,30
7,21,59,15,40
8,6,62,42,25
9,11,51,1,9
10,15,43,23,6
11,61,6,9,14
12,34,38,48,46
13,3,39,38,33
14,17,43,29,22
15,15,4,58,52
16,57,59,1,39
17,24,56,54,18
18,29,57,57,42
19,5,37,46,1
20,12,40,51,39
21,45,63,2,52
22,7,54,22,57
23,25,53,16,36
24,32,24,2,61
25,18,33,21,37
26,15,13,13,44
27,22,24,28,0
28,11,42,19,2
29,37,56,4,1
30,50,35,50,34
31,59,47,21,5
32,54,11,59,27
33,35,46,26,8
34,19,29,12,8
35,30,12,25,44
36,57,37,15,55
37,39,38,37,53
38,61,62,50,56
39,62,43,7,22
40,12,13,23,4
41,7,56,5,58
42,24,46,6,10
43,52,44,33,45
44,37,0,40,41
45,44,50,45,14
46,20,12,58,31
47,51,40,61,42
48,45,62,27,51
49,8,59,44,42
50,19,42,47,60
51,33,2,28,31
52,58,5,12,17
53,40,41,54,26
54,38,47,56,36
55,26,13,62,56
56,44,57,63,23
57,44,36,60,1
58,28,2,37,37
59,22,7,8,41
60,22,54,63,9
61,9,19,11,16
62,49,43,49,11
63,56,44,39,50
64,49,62,6,53
65,57,63,40,38
66,53,2,45,36
67,23,33,15,33
68,43,4,1,30
69,62,19,20,26
70,6,11,4,31
71,6,53,5,12
72,37,30,52,12
73,6,26,7,20
74,32,15,19,61
75,12,42,14,49
76,39,1,27,8
77,36,28,31,20
78,33,14,39,26
79,17,14,12,37
80,13,59,12,19
81,55,39,55,12
82,53,27,52,45
83,23,41,14,15
84,34,10,45,47
85,56,23,13,23
86,3,3,35,8
87,1,11,0,14
88,48,20,35,26
89,46,18,18,1
90,12,34,53,57
91,50,14,22,6
92,23,52,59,25
93,29,58,50,7
94,0,29,24,4
95,50,47,38,0
96,5,10,48,51
97,19,30,25,57
98,63,9,1,3
99,7,28,50,32
100,55,21,57,0
101,39,35,31,34
102,0,25,22,63
103,43,12,55,40
104,31,63,19,41
105,41,46,55,50
106,47,21,54,5
107,53,39,62,21
108,4,35,47,24
109,11,39,61,62
110,10,26,21,26
111,36,19,24,23
112,61,54,36,28
113,56,18,5,18
114,20,36,45,30
115,11,8,16,2
116,38,54,44,1
117,11,61,5,63
