2
Grid:
64,64
................................................................
................................................................
................................................................
................................................................
................................................................
................................................................
................................................................
................................................................
................................................................
................................................................
................................................................
................................................................
................................................................
................................................................
................................................................
................................................................
................................................................
................................................................
................................................................
................................................................
................................................................
................................................................
................................................................
................................................................
................................................................
................................................................
................................................................
................................................................
................................................................
................................................................
................................................................
................................................................
................................................................
................................................................
................................................................
................................................................
................................................................
................................................................
................................................................
................................................................
................................................................
................................................................
................................................................
................................................................
................................................................
................................................................
................................................................
................................................................
................................................................
................................................................
................................................................
................................................................
................................................................
................................................................
................................................................
................................................................
................................................................
................................................................
................................................................
................................................................
................................................................
................................................................
................................................................
................................................................
Agents:
184
0,33,53,27,20
1,10,24,8,21
2,24,30,14,51
3,57,45,17,14
4,8,34,7,61
5,63,41,45,31
6,17,1,37,20
7,14,1,53,28
8,40,31,62,7
9,51,53,24,9
10,34,44,54,0
11,25,37,8,29
12,34,20,3,4
13,6,54,41,21
14,62,34,58,44
15,23,59,56,9
16,59,44,52,14
17,60,1,60,18
18,21,3,57,39
19,11,24,43,57
20,7,31,54,49
21,8,38,41,6
22,32,19,0,49
23,15,11,54,36
24,27,51,7,29
25,35,37,39,4
26,24,37,12,28
27,36,53,44,12
28,27,36,13,44
29,53,3,59,31
30,24,3,15,21
31,47,38,26,44
32,11,3,11,28
33,46,37,18,3
34,5,13,45,46
35,43,37,12,31
36,19,27,29,37
37,45,3,42,30
38,35,50,26,51
39,5,15,14,2
40,5,58,23,2
41,27,10,8,51
42,62,49,4,52
43,34,21,39,38
44,8,6,2,26
45,37,48,25,35
46,14,8,10,58
47,63,4,58,28
48,47,34,11,41
49,27,28,55,14
50,36,41,7,14
51,7,62,53,20
52,18,61,18,56
53,56,32,24,50
54,18,40,46,1
55,30,37,51,24
56,62,29,26,9
57,39,37,37,0
58,39,25,60,42
59,32,25,6,28
60,29,63,44,41
61,39,58,14,52
62,22,10,16,32
63,27,40,27,59
64,19,0,55,24
65,23,40,11,57
66,43,27,11,62
67,53,13,29,23
68,2,63,57,30
69,31,36,2,46
70,29,39,16,61
71,52,61,42,32
72,10,33,6,8
73,29,10,20,53
74,59,1,49,19
75,60,11,36,29
76,11,6,6,40
77,38,12,20,15
78,40,7,60,28
79,34,15,16,29
80,13,17,20,2
81,17,54,31,40
82,58,34,22,13
83,40,25,2,3
84,34,39,0,39
85,58,59,36,51
86,60,54,43,60
87,10,41,32,37
88,40,46,60,37
89,0,57,63,36
90,11,8,17,46
91,5,21,49,50
92,44,31,27,33
93,15,46,57,47
94,39,53,4,42
95,23,24,44,16
96,2,13,29,35
97,25,35,5,59
98,44,28,13,10
99,45,40,40,34
100,56,3,24,21
101,40,19,61,36
102,7,0,35,10
103,15,21,7,46
104,60,60,53,14
105,36,57,51,3
106,6,40,25,61
107,3,4,31,47
108,11,59,59,36
109,9,26,8,44
110,18,58,14,46
111,50,44,42,59
112,16,34,19,53
113,57,46,48,14
114,28,38,52,27
115,61,12,3,45
116,0,24,56,49
117,0,8,19,40
118,32,50,12,34
119,13,44,26,60
120,16,58,41,15
121,50,42,7,58
122,17,29,33,29
123,17,25,27,0
124,10,20,63,33
125,24,48,17,13
126,18,18,3,26
127,21,62,58,12
128,17,59,15,61
129,2,37,40,59
130,6,32,58,23
131,56,21,32,12
132,62,23,52,57
133,40,59,57,18
134,36,24,56,47
135,45,28,63,7
136,8,7,16,60
137,26,51,35,9
138,17,31,0,21
139,35,8,7,45
140,14,13,0,60
141,2,1,51,19
142,54,36,32,63
143,48,40,33,42
144,37,47,61,44
145,1,28,49,51
146,43,57,23,7
147,35,34,0,51
148,49,14,13,43
149,48,63,45,16
150,2,53,43,1
151,8,61,8,11
152,54,9,17,22
153,32,15,63,63
154,20,39,46,25
155,61,48,61,4
156,6,49,29,12
157,29,11,45,11
158,43,38,19,28
159,4,63,50,6
160,40,5,39,37
161,55,26,37,55
162,22,43,16,53
163,27,33,44,19
164,46,20,42,11
165,23,15,25,48
166,10,4,10,36
167,37,5,20,52
168,11,45,20,12
169,4,33,8,34
170,20,62,34,5
171,50,17,16,11
172,21,58,34,20
173,27,24,62,37
174,55,10,41,51
175,10,48,39,15
176,22,61,53,45
177,62,46,43,39
178,38,10,1,24
179,45,63,61,48
180,63,37,21,13
181,56,40,28,50
182,24,55,33,56
183,38,37,48,50
