0
Grid:
64,64
................................................................
................................................................
................................................................
................................................................
................................................................
................................................................
................................................................
................................................................
................................................................
................................................................
................................................................
................................................................
................................................................
................................................................
................................................................
................................................................
................................................................
................................................................
................................................................
................................................................
................................................................
................................................................
................................................................
................................................................
................................................................
................................................................
................................................................
................................................................
................................................................
................................................................
................................................................
................................................................
................................................................
................................................................
................................................................
................................................................
................................................................
................................................................
................................................................
................................................................
................................................................
................................................................
................................................................
................................................................
................................................................
................................................................
................................................................
................................................................
................................................................
................................................................
................................................................
................................................................
................................................................
................................................................
................................................................
................................................................
................................................................
................................................................
................................................................
................................................................
................................................................
................................................................
................................................................
................................................................
Agents:
164
0,28,36,57,9
1,32,6,55,57
2,50,20,18,63
3,15,47,45,58
4,20,44,1,46
5,53,39,58,6
6,6,21,30,8
7,10,32,12,23
8,49,7,35,27
9,33,51,4,27
10,13,33,0,63
11,62,17,19,25
12,39,56,29,46
13,55,33,13,39
14,14,52,13,42
15,24,13,42,61
16,31,9,10,39
17,34,41,17,28
18,27,2,39,23
19,60,17,3,11
20,6,24,40,57
21,46,38,35,35
22,61,37,37,51
23,39,15,21,45
24,1,0,45,59
25,55,40,7,33
26,43,60,28,41
27,38,59,37,1
28,37,15,11,63
29,31,58,54,60
30,29,46,41,14
31,32,32,19,17
32,19,39,39,63
33,8,61,0,39
34,50,32,31,33
35,5,46,5,33
36,10,16,63,52
37,44,53,31,9
38,51,24,50,48
39,19,2,42,26
40,17,40,63,4
41,31,14,26,38
42,60,48,37,45
43,33,35,46,37
44,35,39,19,56
45,4,12,4,31
46,35,2,9,12
47,55,13,58,21
48,18,21,47,46
49,28,41,41,43
50,28,32,7,14
51,58,8,52,4
52,30,27,46,59
53,15,49,13,11
54,8,13,43,56
55,59,29,15,60
56,41,53,0,52
57,14,17,54,32
58,35,35,58,62
59,6,37,40,34
60,26,11,34,62
61,28,56,8,43
62,10,7,43,62
63,28,20,29,25
64,5,61,3,8
65,37,39,14,1
66,11,63,0,42
67,19,51,63,36
68,18,6,48,3
69,19,50,37,36
70,30,54,32,36
71,16,6,19,51
72,25,62,60,5
73,10,37,29,36
74,41,47,53,44
75,15,55,61,38
76,15,17,28,28
77,3,1,9,7
78,61,22,33,1
79,62,59,30,0
80,51,34,16,63
81,7,61,25,0
82,55,2,45,47
83,41,14,52,30
84,61,48,46,35
85,16,63,47,61
86,17,39,28,34
87,44,37,0,9
88,40,4,4,22
89,46,30,56,22
90,10,23,57,3
91,60,22,35,18
92,45,45,49,46
93,23,58,2,43
94,59,17,63,32
95,53,60,61,54
96,8,24,44,13
97,47,18,10,28
98,14,23,21,11
99,20,59,0,33
100,40,57,28,15
101,30,16,59,2
102,38,39,60,4
103,36,29,16,59
104,25,57,10,20
105,40,32,25,38
106,49,27,31,58
107,38,49,61,46
108,16,10,31,28
109,42,47,36,59
110,18,43,61,24
111,58,20,22,24
112,55,57,18,15
113,41,48,4,40
114,54,21,14,14
115,54,22,39,6
116,10,14,54,30
117,47,2,19,15
118,55,29,38,56
119,7,47,17,31
120,21,29,24,57
121,56,60,15,47
122,38,34,40,21
123,21,62,28,19
124,2,4,48,32
125,44,36,42,48
126,40,60,12,5
127,63,9,54,7
128,25,44,57,39
129,62,52,63,16
130,39,4,50,57
131,2,17,25,21
132,22,34,50,12
133,57,51,30,33
134,2,59,8,37
135,25,53,49,41
136,51,61,6,43
137,0,15,8,5
138,27,56,42,46
139,42,37,31,20
140,37,51,36,8
141,3,45,45,35
142,3,26,39,32
143,49,33,7,46
144,54,52,61,8
145,57,2,10,9
146,17,4,42,52
147,54,48,59,22
148,4,15,52,20
149,1,49,31,31
150,11,51,6,15
151,8,1,10,14
152,8,9,50,47
153,25,55,52,45
154,24,47,38,19
155,49,16,30,5
156,60,57,12,13
157,33,11,9,15
158,47,39,6,8
159,10,56,33,35
160,62,63,6,39
161,3,62,10,10
162,61,14,54,36
163,16,42,16,16
