2
Grid:
64,64
................................................................
................................................................
................................................................
................................................................
................................................................
................................................................
................................................................
................................................................
................................................................
................................................................
................................................................
................................................................
................................................................
................................................................
................................................................
................................................................
................................................................
................................................................
................................................................
................................................................
................................................................
................................................................
................................................................
................................................................
................................................................
................................................................
................................................................
................................................................
................................................................
................................................................
................................................................
................................................................
................................................................
................................................................
................................................................
................................................................
................................................................
................................................................
................................................................
................................................................
................................................................
................................................................
................................................................
................................................................
................................................................
................................................................
................................................................
................................................................
................................................................
................................................................
................................................................
................................................................
................................................................
................................................................
................................................................
................................................................
................................................................
................................................................
................................................................
................................................................
................................................................
................................................................
................................................................
................................................................
Agents:
60
0,10,26,56,23
1,52,54,7,47
2,18,33,54,48
3,29,39,15,11
4,15,55,14,49
5,0,49,21,19
6,24,18,30,1
7,13,60,6,21
8,43,30,29,34
9,52,25,53,0
10,56,25,59,58
11,48,46,63,31
12,32,16,25,58
13,8,51,53,47
14,58,7,38,51
15,16,44,29,59
16,33,8,53,53
17,41,9,44,62
18,61,38,54,30
19,31,58,37,44
20,2,48,59,50
21,41,56,60,30
22,37,25,35,45
23,60,27,59,17
24,25,21,35,3
25,60,10,10,18
26,54,9,53,40
27,16,48,47,12
28,41,5,63,55
29,22,2,45,42
30,24,42,35,12
31,44,8,25,20
32,38,19,45,13
33,16,15,41,44
34,40,3,45,46
35,63,4,19,55
36,63,58,18,38
37,23,8,5,61
38,48,56,21,30
39,8,7,59,60
40,19,44,26,30
41,26,36,47,3
42,10,6,22,41
43,54,23,13,46
44,55,57,60,59
45,31,55,42,49
46,16,28,25,62
47,33,23,40,31
48,3,32,16,16
49,18,18,60,10
50,8,45,24,40
51,51,21,50,38
52,22,55,32,5
53,10,59,13,8
54,50,8,48,58
55,63,49,55,21
56,60,14,0,59
57,47,44,15,53
58,16,8,43,40
59,61,31,7,4
