3
Grid:
64,64
................................................................
................................................................
................................................................
................................................................
................................................................
................................................................
................................................................
................................................................
................................................................
................................................................
................................................................
................................................................
................................................................
................................................................
................................................................
................................................................
................................................................
................................................................
................................................................
................................................................
................................................................
................................................................
................................................................
................................................................
................................................................
................................................................
................................................................
................................................................
................................................................
................................................................
................................................................
................................................................
................................................................
................................................................
................................................................
................................................................
................................................................
................................................................
................................................................
................................................................
................................................................
................................................................
................................................................
................................................................
................................................................
................................................................
................................................................
................................................................
................................................................
................................................................
................................................................
................................................................
................................................................
................................................................
................................................................
................................................................
................................................................
................................................................
................................................................
................................................................
................................................................
................................................................
................................................................
................................................................
Agents:
136
0,12,60,48,6
1,63,60,26,56
2,22,6,9,7
3,4,15,17,58
4,31,49,1,44
5,39,23,35,2
6,44,60,44,13
7,38,26,18,45
8,40,10,50,5
9,0,57,24,6
10,27,7,45,13
11,20,22,21,17
12,2,25,28,26
13,58,26,35,30
14,33,35,18,60
15,8,54,52,47
16,52,44,12,29
17,8,37,36,10
18,54,5,56,15
19,54,26,31,37
20,2,28,12,10
21,39,54,57,24
22,10,34,44,59
23,12,50,56,53
24,55,0,57,29
25,47,0,15,15
26,60,25,11,2
27,17,4,16,32
28,39,40,38,24
29,57,61,55,17
30,11,42,40,61
31,46,59,23,9
32,41,49,36,17
33,35,0,51,49
34,51,0,41,60
35,35,35,26,19
36,20,38,26,32
37,54,63,24,39
38,32,29,61,19
39,11,32,38,34
40,13,7,53,53
41,35,32,22,59
42,52,7,24,2
43,58,27,18,56
44,26,4,9,48
45,61,14,33,38
46,12,56,1,57
47,14,24,56,25
48,45,43,62,62
49,13,25,19,35
50,63,11,37,32
51,62,54,36,22
52,28,11,31,13
53,43,22,49,59
54,34,18,7,56
55,35,10,27,33
56,29,24,63,48
57,48,3,46,14
58,7,14,9,58
59,7,33,28,39
60,55,8,9,63
61,37,47,6,36
62,2,21,46,7
63,23,28,15,44
64,23,30,32,48
65,17,53,27,63
66,15,49,6,41
67,33,1,39,41
68,8,44,22,10
69,3,40,57,19
70,28,35,63,36
71,56,8,13,38
72,32,51,15,18
73,49,51,18,6
74,7,11,7,1
75,16,31,46,38
76,36,44,42,0
77,34,55,5,35
78,38,15,48,20
79,52,15,14,32
80,62,3,53,49
81,0,46,19,5
82,59,43,40,39
83,55,47,32,39
84,10,30,46,37
85,5,19,61,44
86,15,29,56,26
87,14,15,3,13
88,36,36,61,52
89,20,12,46,3
90,13,50,22,31
91,16,35,25,53
92,15,42,42,6
93,27,57,63,21
94,56,60,12,45
95,52,12,9,45
96,36,52,12,61
97,7,50,49,19
98,55,5,47,19
99,59,24,48,14
100,16,54,31,56
101,20,6,35,56
102,38,14,26,47
103,39,8,42,62
104,1,36,11,47
105,35,16,59,23
106,59,50,11,59
107,53,14,15,38
108,29,23,36,55
109,27,13,2,31
110,19,1,59,34
111,34,14,63,2
112,42,56,31,28
113,46,27,35,62
114,21,27,34,17
115,40,59,59,24
116,59,23,35,8
117,29,10,34,52
118,61,0,27,52
119,2,18,17,49
120,56,19,12,56
121,24,35,6,63
122,17,50,45,58
123,62,57,19,57
124,20,32,4,51
125,42,45,13,12
126,19,6,62,1
127,27,45,56,60
128,32,11,30,30
129,51,37,58,60
130,12,4,51,50
131,39,63,17,1
132,55,30,11,31
133,48,19,19,33
134,26,26,34,10
135,10,1,42,56
