4
Grid:
64,64
................................................................
................................................................
................................................................
................................................................
................................................................
................................................................
................................................................
................................................................
................................................................
................................................................
................................................................
................................................................
................................................................
................................................................
................................................................
................................................................
................................................................
................................................................
................................................................
................................................................
................................................................
................................................................
................................................................
................................................................
................................................................
................................................................
................................................................
................................................................
................................................................
................................................................
................................................................
................................................................
................................................................
................................................................
................................................................
................................................................
................................................................
................................................................
................................................................
................................................................
................................................................
................................................................
................................................................
................................................................
................................................................
................................................................
................................................................
................................................................
................................................................
................................................................
................................................................
................................................................
................................................................
................................................................
................................................................
................................................................
................................................................
................................................................
................................................................
................................................................
................................................................
................................................................
................................................................
................................................................
Agents:
152
0,28,50,36,4
1,28,15,6,32
2,14,29,2,28
3,42,31,34,27
4,20,56,46,1
5,21,8,12,11
6,55,0,60,44
7,42,55,16,8
8,59,9,9,0
9,27,11,62,44
10,47,23,6,7
11,53,20,36,35
12,11,62,17,11
13,52,45,30,28
14,31,18,49,40
15,17,39,43,56
16,33,29,54,44
17,9,18,1,46
18,20,28,16,13
19,61,42,18,15
20,13,50,8,15
21,31,49,51,41
22,40,0,59,37
23,63,26,24,9
24,19,8,11,24
25,23,1,28,19
26,0,16,47,63
27,38,5,3,25
28,60,8,29,29
29,3,15,1,14
30,41,61,56,15
31,0,2,44,33
32,38,46,44,20
33,38,26,22,37
34,54,24,52,17
35,34,30,54,26
36,12,48,33,16
37,61,61,56,23
38,56,4,23,7
39,43,10,50,31
40,63,25,57,22
41,25,22,22,25
42,59,16,6,63
43,38,17,56,8
44,54,4,48,63
45,21,12,7,54
46,24,45,46,50
47,1,16,53,28
48,50,28,42,9
49,10,57,47,23
50,26,36,22,44
51,35,59,50,13
52,38,56,31,19
53,52,15,45,60
54,18,41,60,22
55,13,56,23,26
56,28,57,58,3
57,16,15,43,44
58,35,41,49,41
59,7,22,25,32
60,8,20,51,52
61,36,49,20,47
62,3,22,13,61
63,6,31,19,63
64,46,44,37,29
65,11,27,55,8
66,57,50,7,28
67,48,26,7,61
68,53,30,24,40
69,48,2,7,9
70,27,22,31,11
71,63,12,54,55
72,55,28,31,3
73,48,31,56,50
74,44,8,55,32
75,21,52,32,52
76,49,5,58,4
77,0,50,43,28
78,55,15,6,53
79,50,21,34,44
80,32,37,26,37
81,30,49,58,53
82,63,42,52,42
83,9,54,33,58
84,25,5,42,7
85,57,4,3,41
86,59,49,7,63
87,21,23,2,40
88,57,38,59,17
89,38,38,35,45
90,2,60,61,12
91,63,2,16,26
92,6,5,63,17
93,0,42,30,12
94,26,3,28,31
95,38,32,29,14
96,16,6,36,2
97,53,25,13,13
98,46,6,56,2
99,28,5,43,17
100,21,38,55,56
101,25,39,49,50
102,15,16,14,21
103,57,0,13,23
104,48,40,6,21
105,56,17,5,62
106,41,11,30,40
107,18,36,16,43
108,37,27,19,35
109,43,58,22,16
110,28,21,31,10
111,30,24,49,25
112,51,52,50,19
113,59,59,45,36
114,41,51,25,44
115,9,32,13,62
116,16,27,51,50
117,34,24,31,13
118,51,53,9,21
119,12,63,50,11
120,57,49,20,55
121,10,21,13,3
122,54,5,8,61
123,52,17,27,31
124,51,18,17,58
125,26,34,49,21
126,27,54,45,31
127,10,3,25,30
128,8,54,44,26
129,29,4,63,38
130,5,52,40,7
131,62,5,7,23
132,7,9,30,54
133,58,54,37,20
134,2,13,18,55
135,40,54,38,21
136,46,42,9,56
137,37,42,11,40
138,11,9,58,59
139,34,46,60,41
140,8,23,19,18
141,24,39,26,3
142,5,26,56,24
143,17,30,59,31
144,15,61,7,49
145,24,7,40,58
146,58,4,20,8
147,50,5,45,13
148,13,45,48,50
149,11,61,45,23
150,14,38,4,16
151,42,36,31,41
