0
Grid:
64,64
................................................................
................................................................
................................................................
................................................................
................................................................
................................................................
................................................................
................................................................
................................................................
................................................................
................................................................
................................................................
................................................................
................................................................
................................................................
................................................................
................................................................
................................................................
................................................................
................................................................
................................................................
................................................................
................................................................
................................................................
................................................................
................................................................
................................................................
................................................................
................................................................
................................................................
................................................................
................................................................
................................................................
................................................................
................................................................
................................................................
................................................................
................................................................
................................................................
................................................................
................................................................
................................................................
................................................................
................................................................
................................................................
................................................................
................................................................
................................................................
................................................................
................................................................
................................................................
................................................................
................................................................
................................................................
................................................................
................................................................
................................................................
................................................................
................................................................
................................................................
................................................................
................................................................
................................................................
................................................................
Agents:
74
0,55,13,17,30
1,62,37,60,59
2,28,1,34,40
3,14,40,26,21
4,8,28,7,62
5,6,51,25,63
6,15,22,12,27
7,17,10,39,28
8,46,0,45,6
9,35,59,48,37
10,19,54,58,63
11,3,63,43,9
12,45,17,20,13
13,12,25,40,30
14,41,14,27,28
15,54,47,27,26
16,8,31,25,15
17,18,22,50,41
18,46,37,1,10
19,39,39,33,62
20,19,58,25,28
21,14,34,42,21
22,51,21,0,47
23,4,35,22,42
24,8,18,57,2
25,1,9,51,54
26,46,59,52,5
27,57,1,61,45
28,9,62,63,33
29,55,11,48,59
30,53,53,48,10
31,63,57,35,8
32,37,22,16,35
33,43,48,55,60
34,4,59,35,29
35,28,8,33,12
36,24,59,31,42
37,39,25,15,12
38,39,33,26,61
39,11,23,35,56
40,13,41,33,6
41,16,23,37,36
42,13,45,46,12
43,0,12,21,15
44,37,16,1,7
45,12,47,20,49
46,45,28,1,61
47,50,30,62,35
48,58,21,60,51
49,60,28,24,13
50,42,20,36,54
51,30,13,12,24
52,53,56,3,51
53,48,50,26,10
54,19,31,21,39
55,26,39,8,58
56,51,31,55,48
57,61,11,57,41
58,36,40,9,43
59,43,55,44,59
60,21,30,28,46
61,10,52,47,34
62,46,44,16,59
63,27,60,59,46
64,8,9,51,16
65,30,17,37,42
66,36,47,51,21
67,45,56,17,21
68,11,3,8,25
69,33,21,43,24
70,61,14,38,13
71,57,6,11,5
72,53,36,3,6
73,60,13,62,40
