2
Grid:
64,64
................................................................
................................................................
................................................................
................................................................
................................................................
................................................................
................................................................
................................................................
................................................................
................................................................
................................................................
................................................................
................................................................
................................................................
................................................................
................................................................
................................................................
................................................................
................................................................
................................................................
................................................................
................................................................
................................................................
................................................................
................................................................
................................................................
................................................................
................................................................
................................................................
................................................................
................................................................
................................................................
................................................................
................................................................
................................................................
................................................................
................................................................
................................................................
................................................................
................................................................
................................................................
................................................................
................................................................
................................................................
................................................................
................................................................
................................................................
................................................................
................................................................
................................................................
................................................................
................................................................
................................................................
................................................................
................................................................
................................................................
................................................................
................................................................
................................................................
................................................................
................................................................
................................................................
................................................................
................................................................
Agents:
162
0,5,54,33,53
1,54,37,54,44
2,60,45,27,18
3,11,6,7,62
4,47,33,53,26
5,12,2,44,0
6,5,51,20,17
7,21,31,26,37
8,28,20,59,34
9,31,22,39,62
10,57,17,7,28
11,35,49,25,2
12,48,25,0,25
13,28,53,27,25
14,54,53,46,4
15,53,13,15,52
16,9,62,42,3
17,4,63,18,62
18,38,12,58,16
19,39,18,44,5
20,63,25,6,2
21,62,9,56,20
22,17,53,49,47
23,15,44,55,38
24,43,53,55,26
25,39,26,47,4
26,31,21,27,27
27,35,52,13,35
28,18,5,5,17
29,52,34,24,44
30,16,22,58,15
31,15,58,58,29
32,43,63,57,6
33,56,6,38,40
34,46,21,42,62
35,56,16,21,14
36,45,13,25,36
37,22,32,17,20
38,18,26,1,9
39,31,59,60,12
40,10,47,54,13
41,10,1,17,8
42,13,27,18,53
43,45,52,3,5
44,26,15,62,19
45,44,32,56,45
46,23,5,44,17
47,1,41,59,63
48,10,4,54,16
49,29,18,37,8
50,60,8,21,53
51,61,21,39,36
52,60,23,16,55
53,45,18,46,22
54,62,3,23,9
55,34,56,13,61
56,37,56,20,53
57,24,33,48,28
58,11,14,41,53
59,44,16,19,26
60,17,4,22,6
61,44,31,23,32
62,41,23,12,61
63,56,40,23,25
64,11,44,15,54
65,22,13,35,59
66,60,13,52,33
67,63,2,26,57
68,49,53,21,7
69,4,54,13,21
70,46,27,24,32
71,53,23,28,38
72,59,31,27,56
73,45,32,57,55
74,30,60,17,13
75,23,13,30,49
76,0,55,15,24
77,27,30,49,45
78,44,36,11,59
79,30,4,1,3
80,6,17,45,57
81,45,20,11,29
82,57,21,31,2
83,47,21,16,48
84,9,54,17,30
85,34,53,41,49
86,14,21,63,47
87,50,52,45,44
88,28,25,27,32
89,59,43,40,60
90,14,26,33,23
91,54,47,23,47
92,12,7,27,16
93,38,19,39,43
94,9,31,6,8
95,23,41,1,61
96,20,36,4,57
97,41,24,35,19
98,55,35,29,10
99,37,23,43,58
100,48,8,53,30
101,50,32,21,57
102,42,11,11,44
103,41,6,36,42
104,44,55,53,53
105,8,5,44,59
106,9,27,2,47
107,3,19,13,43
108,29,13,56,4
109,10,50,57,18
110,47,28,7,37
111,12,41,49,27
112,30,56,52,38
113,32,42,2,37
114,43,25,37,47
115,60,56,5,13
116,51,36,49,19
117,58,5,63,34
118,39,21,33,0
119,4,1,16,17
120,30,31,14,63
121,38,18,62,18
122,23,18,56,62
123,32,57,50,50
124,33,22,60,40
125,58,42,29,53
126,24,51,54,30
127,39,19,2,48
128,60,9,27,21
129,2,50,54,47
130,42,62,49,36
131,27,18,3,56
132,58,15,16,44
133,17,37,54,32
134,32,61,6,4
135,43,8,52,9
136,8,9,28,55
137,19,16,16,27
138,54,57,36,13
139,17,11,58,5
140,24,39,48,61
141,9,21,6,9
142,30,18,49,52
143,31,0,1,56
144,60,38,14,7
145,9,30,31,50
146,19,18,6,26
147,23,31,13,24
148,4,19,27,7
149,24,7,26,61
150,1,58,61,49
151,24,35,36,18
152,42,50,32,2
153,34,15,0,43
154,31,23,52,50
155,29,2,31,28
156,55,54,59,5
157,25,3,58,3
158,53,6,50,52
159,52,40,26,34
160,48,16,41,30
161,40,57,43,16
