4
Grid:
64,64
................................................................
................................................................
................................................................
................................................................
................................................................
................................................................
................................................................
................................................................
................................................................
................................................................
................................................................
................................................................
................................................................
................................................................
................................................................
................................................................
................................................................
................................................................
................................................................
................................................................
................................................................
................................................................
................................................................
................................................................
................................................................
................................................................
................................................................
................................................................
................................................................
................................................................
................................................................
................................................................
................................................................
................................................................
................................................................
................................................................
................................................................
................................................................
................................................................
................................................................
................................................................
................................................................
................................................................
................................................................
................................................................
................................................................
................................................................
................................................................
................................................................
................................................................
................................................................
................................................................
................................................................
................................................................
................................................................
................................................................
................................................................
................................................................
................................................................
................................................................
................................................................
................................................................
................................................................
................................................................
Agents:
114
0,52,36,23,51
1,44,11,26,55
2,19,17,19,39
3,38,49,0,43
4,18,48,56,0
5,20,2,16,15
6,1,59,12,39
7,14,23,60,25
8,19,56,63,31
9,22,59,15,43
10,12,43,46,32
11,43,7,56,60
12,49,55,42,12
13,61,37,51,1
14,48,59,20,7
15,53,27,45,60
16,54,56,24,46
17,44,12,57,42
18,44,55,2,40
19,17,2,29,8
20,14,60,36,38
21,17,8,9,44
22,22,58,49,43
23,22,53,48,6
24,56,15,30,23
25,4,51,10,19
26,1,18,39,14
27,63,8,16,25
28,57,36,20,55
29,25,28,3,17
30,20,1,33,36
31,0,23,40,6
32,58,57,55,28
33,11,9,33,19
34,15,2,32,59
35,42,28,28,16
36,38,19,23,1
37,44,16,0,32
38,25,35,54,55
39,33,7,53,42
40,45,32,43,54
41,54,2,19,36
42,26,35,24,61
43,56,35,13,6
44,18,8,50,53
45,29,53,10,33
46,45,13,31,21
47,59,58,12,13
48,13,29,10,3
49,46,13,43,15
50,38,53,6,58
51,37,40,55,30
52,12,45,40,45
53,37,47,36,29
54,47,21,23,37
55,51,34,37,32
56,58,13,29,37
57,20,31,51,41
58,33,55,36,28
59,30,39,6,61
60,16,43,23,38
61,47,33,16,6
62,63,49,57,14
63,37,31,17,4
64,22,19,24,62
65,8,20,32,30
66,32,55,2,12
67,59,13,27,9
68,54,45,34,25
69,62,8,8,31
70,51,61,8,34
71,21,58,29,17
72,59,32,63,6
73,56,27,30,53
74,25,21,59,35
75,62,6,9,4
76,60,58,54,17
77,5,3,31,36
78,41,27,59,27
79,7,6,4,2
80,27,16,56,17
81,63,31,20,59
82,26,38,39,11
83,44,28,27,28
84,36,19,26,63
85,1,49,8,58
86,41,8,53,10
87,56,50,59,34
88,12,4,5,40
89,53,5,12,30
90,38,56,58,15
91,5,0,14,31
92,21,2,41,56
93,24,38,16,55
94,50,56,61,57
95,36,27,27,4
96,37,55,57,47
97,45,35,7,27
98,61,53,18,1
99,32,20,48,17
100,51,27,44,54
101,55,5,23,56
102,20,12,61,9
103,28,51,53,29
104,2,18,19,1
105,54,36,1,50
106,37,2,55,31
107,31,35,21,17
108,10,63,18,33
109,10,23,56,31
110,14,6,53,4
111,42,44,59,48
112,46,37,54,29
113,12,50,32,32
