1
Grid:
64,64
................................................................
................................................................
................................................................
................................................................
................................................................
................................................................
................................................................
................................................................
................................................................
................................................................
................................................................
................................................................
................................................................
................................................................
................................................................
................................................................
................................................................
................................................................
................................................................
................................................................
................................................................
................................................................
................................................................
................................................................
................................................................
................................................................
................................................................
................................................................
................................................................
................................................................
................................................................
................................................................
................................................................
................................................................
................................................................
................................................................
................................................................
................................................................
................................................................
................................................................
................................................................
................................................................
................................................................
................................................................
................................................................
................................................................
................................................................
................................................................
................................................................
................................................................
................................................................
................................................................
................................................................
................................................................
................................................................
................................................................
................................................................
................................................................
................................................................
................................................................
................................................................
................................................................
................................................................
................................................................
Agents:
168
0,9,8,35,63
1,12,26,33,51
2,3,51,45,26
3,25,50,34,7
4,60,35,37,46
5,36,39,9,52
6,60,7,5,6
7,40,50,60,18
8,41,28,12,22
9,7,46,51,57
10,3,57,18,27
11,41,24,16,51
12,20,23,51,15
13,11,30,16,45
14,7,36,5,19
15,23,50,8,48
16,33,21,5,40
17,20,19,41,61
18,21,46,48,21
19,29,62,8,7
20,50,50,13,58
21,54,49,57,46
22,30,26,54,26
23,4,42,36,43
24,6,0,26,25
25,48,5,25,43
26,50,10,30,0
27,2,16,61,6
28,31,52,24,18
29,6,43,42,30
30,39,58,41,15
31,43,24,12,61
32,11,49,62,2
33,6,38,26,26
34,51,20,31,42
35,29,58,8,53
36,63,8,57,59
37,60,17,19,13
38,3,55,42,34
39,58,58,22,36
40,19,32,53,14
41,23,6,24,47
42,51,17,60,23
43,0,22,24,8
44,19,3,8,9
45,52,33,57,40
46,22,55,32,37
47,6,29,61,33
48,38,44,14,30
49,20,29,27,62
50,55,50,5,43
51,35,53,5,3
52,6,42,36,9
53,14,48,22,3
54,12,39,9,24
55,57,12,16,63
56,23,7,62,25
57,34,36,1,14
58,36,58,22,17
59,49,47,40,61
60,19,47,1,61
61,31,60,8,56
62,17,12,62,40
63,49,4,28,15
64,10,37,59,15
65,17,13,39,32
66,37,53,59,34
67,41,37,61,18
68,35,61,34,23
69,10,21,18,56
70,8,34,28,53
71,55,12,32,40
72,39,28,49,21
73,26,15,13,44
74,21,34,20,56
75,56,44,24,4
76,59,36,6,34
77,9,7,14,1
78,18,39,3,62
79,56,9,52,43
80,37,38,49,13
81,22,44,24,35
82,38,33,56,55
83,29,61,6,50
84,1,39,59,28
85,47,27,50,30
86,38,48,59,3
87,56,19,47,1
88,20,52,42,49
89,49,33,6,21
90,47,40,42,61
91,44,37,46,40
92,17,0,51,47
93,43,33,35,54
94,19,59,7,10
95,25,16,13,15
96,29,63,28,22
97,61,16,24,21
98,54,58,3,58
99,54,57,0,36
100,49,24,10,45
101,33,17,10,56
102,60,32,24,52
103,62,25,11,20
104,15,63,20,45
105,18,47,14,61
106,9,23,18,44
107,26,61,25,52
108,57,48,20,32
109,27,37,16,43
110,54,60,23,34
111,41,5,21,35
112,14,30,42,7
113,62,39,50,23
114,51,39,36,47
115,28,26,10,50
116,62,56,59,30
117,47,23,4,53
118,7,27,47,39
119,40,49,5,46
120,2,18,17,29
121,18,20,20,6
122,41,41,43,45
123,6,5,56,57
124,36,63,4,9
125,22,5,30,46
126,31,17,30,30
127,2,53,43,50
128,46,27,37,17
129,3,29,57,14
130,34,23,57,25
131,37,40,59,35
132,34,56,18,41
133,48,17,43,30
134,39,3,8,5
135,54,30,16,41
136,8,42,30,20
137,34,35,3,44
138,41,21,52,11
139,28,36,55,7
140,24,56,63,47
141,2,52,43,23
142,16,22,54,6
143,59,45,25,63
144,53,57,16,40
145,41,43,9,61
146,24,10,28,28
147,15,43,17,48
148,45,42,19,40
149,49,48,48,62
150,57,53,55,56
151,30,33,10,42
152,9,56,32,50
153,61,53,19,29
154,46,31,25,23
155,11,24,62,6
156,63,30,58,26
157,5,41,58,36
158,20,49,37,48
159,23,11,56,39
160,60,3,45,61
161,27,45,8,39
162,26,10,30,61
163,6,61,41,2
164,27,55,23,26
165,53,63,32,26
166,36,43,27,42
167,43,34,14,58
