3
Grid:
64,64
................................................................
................................................................
................................................................
................................................................
................................................................
................................................................
................................................................
................................................................
................................................................
................................................................
................................................................
................................................................
................................................................
................................................................
................................................................
................................................................
................................................................
................................................................
................................................................
................................................................
................................................................
................................................................
................................................................
................................................................
................................................................
................................................................
................................................................
................................................................
................................................................
................................................................
................................................................
................................................................
................................................................
................................................................
................................................................
................................................................
................................................................
................................................................
................................................................
................................................................
................................................................
................................................................
................................................................
................................................................
................................................................
................................................................
................................................................
................................................................
................................................................
................................................................
................................................................
................................................................
................................................................
................................................................
................................................................
................................................................
................................................................
................................................................
................................................................
................................................................
................................................................
................................................................
................................................................
................................................................
Agents:
180
0,3,40,45,27
1,2,42,28,24
2,16,32,53,28
3,41,31,20,58
4,38,47,18,24
5,58,34,37,55
6,57,3,59,60
7,17,48,9,43
8,6,51,56,12
9,33,41,38,10
10,14,57,25,4
11,23,46,15,59
12,22,4,35,24
13,7,27,63,9
14,37,63,51,20
15,2,48,43,56
16,38,5,47,15
17,12,39,47,35
18,48,7,57,22
19,22,35,40,41
20,17,40,50,50
21,36,40,63,60
22,7,9,24,8
23,5,49,30,27
24,36,49,46,39
25,11,56,1,48
26,8,61,47,25
27,39,9,10,13
28,16,20,13,33
29,19,11,48,60
30,25,14,57,57
31,58,38,41,43
32,45,10,48,31
33,59,52,47,44
34,54,41,43,37
35,63,62,17,36
36,28,62,53,7
37,23,37,58,51
38,20,46,28,60
39,38,12,28,28
40,62,22,17,58
41,55,52,33,3
42,51,9,38,62
43,39,41,44,39
44,29,3,36,33
45,23,27,62,57
46,51,10,39,40
47,10,2,12,45
48,46,62,15,19
49,59,60,2,43
50,14,17,27,12
51,58,58,27,14
52,49,13,12,31
53,28,10,60,13
54,38,1,4,14
55,53,33,31,57
56,45,6,15,13
57,13,2,52,32
58,23,6,38,8
59,51,35,48,7
60,35,18,50,11
61,22,50,28,16
62,18,35,29,7
63,10,17,62,17
64,51,20,31,47
65,55,22,23,62
66,51,42,25,58
67,62,44,40,53
68,27,60,38,48
69,2,38,34,19
70,45,29,55,43
71,3,27,19,53
72,14,53,1,25
73,46,44,7,18
74,61,7,26,57
75,43,40,3,15
76,11,24,10,35
77,25,60,12,4
78,58,8,21,45
79,40,13,46,49
80,2,10,45,63
81,22,17,61,20
82,10,30,44,43
83,46,3,50,49
84,8,32,27,40
85,39,27,19,16
86,3,12,36,58
87,53,6,37,59
88,14,58,47,57
89,36,28,1,7
90,53,29,55,12
91,20,44,42,14
92,41,15,59,36
93,11,26,45,15
94,17,2,42,3
95,49,19,39,20
96,19,53,48,33
97,36,35,12,0
98,6,49,48,43
99,17,47,21,7
100,7,43,37,9
101,31,15,55,49
102,36,62,11,36
103,34,18,19,27
104,45,0,44,34
105,35,12,2,63
106,23,36,21,43
107,53,42,51,16
108,40,59,16,55
109,18,19,13,59
110,50,6,46,54
111,46,20,54,61
112,8,13,5,6
113,40,18,6,35
114,63,29,30,31
115,41,53,25,17
116,21,10,26,13
117,57,56,49,55
118,12,25,21,59
119,42,13,45,17
120,56,62,27,5
121,20,49,50,2
122,30,0,30,21
123,45,28,26,16
124,9,22,55,57
125,29,51,22,52
126,56,29,59,6
127,45,11,54,11
128,7,23,56,11
129,22,16,14,10
130,19,16,18,59
131,22,45,23,39
132,54,13,6,19
133,42,60,53,46
134,29,15,28,33
135,16,5,29,48
136,27,52,17,35
137,50,61,5,1
138,36,1,19,40
139,47,40,22,36
140,36,34,25,60
141,20,19,50,17
142,24,33,35,30
143,17,27,16,11
144,11,1,27,23
145,17,18,30,14
146,54,39,36,32
147,42,4,4,16
148,26,2,26,30
149,16,16,44,20
150,21,49,13,35
151,63,58,10,42
152,5,23,35,41
153,24,4,41,5
154,43,47,4,18
155,39,6,6,36
156,39,46,42,35
157,43,48,15,21
158,60,3,53,42
159,21,20,27,42
160,59,14,22,25
161,49,28,31,32
162,61,61,49,53
163,14,51,23,50
164,9,46,8,20
165,34,33,58,12
166,48,30,32,3
167,18,51,47,34
168,35,25,53,39
169,13,0,45,52
170,9,13,6,33
171,48,27,47,6
172,25,11,2,49
173,43,8,19,43
174,60,58,19,9
175,7,22,6,32
176,44,59,13,7
177,21,6,35,60
178,0,34,14,33
179,60,7,42,12
