2
Grid:
64,64
................................................................
................................................................
................................................................
................................................................
................................................................
................................................................
................................................................
................................................................
................................................................
................................................................
................................................................
................................................................
................................................................
................................................................
................................................................
................................................................
................................................................
................................................................
................................................................
................................................................
................................................................
................................................................
................................................................
................................................................
................................................................
................................................................
................................................................
................................................................
................................................................
................................................................
................................................................
................................................................
................................................................
................................................................
................................................................
................................................................
................................................................
................................................................
................................................................
................................................................
................................................................
................................................................
................................................................
................................................................
................................................................
................................................................
................................................................
................................................................
................................................................
................................................................
................................................................
................................................................
................................................................
................................................................
................................................................
................................................................
................................................................
................................................................
................................................................
................................................................
................................................................
................................................................
................................................................
................................................................
Agents:
32
0,9,63,56,36
1,21,20,8,31
2,19,60,54,33
3,45,44,26,48
4,29,55,41,24
5,27,30,61,56
6,29,34,60,42
7,13,39,41,38
8,33,63,9,50
9,53,21,14,24
10,33,35,46,55
11,6,48,15,27
12,21,4,36,22
13,34,30,2,3
14,6,32,40,59
15,11,53,46,43
16,0,21,58,49
17,41,30,5,3
18,56,61,15,36
19,56,36,56,11
20,48,33,9,55
21,59,15,20,21
22,5,33,19,48
23,23,18,43,58
24,14,22,15,55
25,42,38,48,2
26,31,26,0,49
27,9,37,8,47
28,57,37,34,46
29,63,14,21,29
30,26,15,53,40
31,37,61,43,61
