0
Grid:
64,64
................................................................
................................................................
................................................................
................................................................
................................................................
................................................................
................................................................
................................................................
................................................................
................................................................
................................................................
................................................................
................................................................
................................................................
................................................................
................................................................
................................................................
................................................................
................................................................
................................................................
................................................................
................................................................
................................................................
................................................................
................................................................
................................................................
................................................................
................................................................
................................................................
................................................................
................................................................
................................................................
................................................................
................................................................
................................................................
................................................................
................................................................
................................................................
................................................................
................................................................
................................................................
................................................................
................................................................
................................................................
................................................................
................................................................
................................................................
................................................................
................................................................
................................................................
................................................................
................................................................
................................................................
................................................................
................................................................
................................................................
................................................................
................................................................
................................................................
................................................................
................................................................
................................................................
................................................................
................................................................
Agents:
94
0,47,50,46,32
1,27,39,27,12
2,16,40,47,42
3,20,43,23,37
4,14,48,24,56
5,27,5,55,13
6,22,58,14,11
7,7,26,34,39
8,50,41,31,39
9,6,4,36,40
10,23,3,53,36
11,39,50,35,10
12,60,4,49,29
13,16,14,14,20
14,39,32,41,47
15,52,46,46,45
16,62,18,52,43
17,24,48,47,34
18,36,59,55,59
19,2,39,23,32
20,54,48,2,60
21,54,25,25,12
22,29,9,22,26
23,32,11,14,54
24,4,57,33,13
25,47,41,26,53
26,1,21,49,34
27,46,44,1,47
28,11,40,10,54
29,43,11,44,16
30,24,6,53,45
31,3,46,11,54
32,60,44,3,21
33,7,3,37,29
34,34,23,12,2
35,53,54,22,45
36,39,31,21,14
37,14,39,41,42
38,13,13,26,6
39,20,51,36,22
40,35,5,32,14
41,9,46,20,7
42,48,10,5,7
43,45,41,42,26
44,36,44,63,16
45,15,54,35,2
46,15,47,14,6
47,44,7,50,29
48,29,49,30,5
49,1,29,60,29
50,41,44,1,26
51,3,56,25,0
52,2,34,60,18
53,7,7,27,3
54,30,62,52,29
55,19,55,56,16
56,40,19,32,15
57,60,21,54,43
58,61,50,28,16
59,62,30,6,58
60,31,53,35,60
61,51,57,51,52
62,38,48,0,21
63,15,30,27,29
64,58,5,1,16
65,48,35,26,42
66,49,6,34,5
67,27,29,62,1
68,42,55,49,18
69,7,10,39,27
70,34,29,2,17
71,13,38,40,20
72,40,24,45,49
73,14,60,23,29
74,51,22,3,50
75,10,43,17,47
76,50,34,22,32
77,61,51,25,44
78,57,9,51,47
79,17,18,61,22
80,18,40,12,39
81,12,25,37,20
82,5,33,12,29
83,55,31,19,59
84,42,5,50,58
85,42,52,52,31
86,60,2,38,38
87,39,12,27,46
88,17,14,36,33
89,33,19,29,49
90,43,36,46,20
91,59,5,35,52
92,48,14,45,22
93,8,40,42,8
