4
Grid:
64,64
................................................................
................................................................
................................................................
................................................................
................................................................
................................................................
................................................................
................................................................
................................................................
................................................................
................................................................
................................................................
................................................................
................................................................
................................................................
................................................................
................................................................
................................................................
................................................................
................................................................
................................................................
................................................................
................................................................
................................................................
................................................................
................................................................
................................................................
................................................................
................................................................
................................................................
................................................................
................................................................
................................................................
................................................................
................................................................
................................................................
................................................................
................................................................
................................................................
................................................................
................................................................
................................................................
................................................................
................................................................
................................................................
................................................................
................................................................
................................................................
................................................................
................................................................
................................................................
................................................................
................................................................
................................................................
................................................................
................................................................
................................................................
................................................................
................................................................
................................................................
................................................................
................................................................
................................................................
................................................................
Agents:
208
0,22,56,29,25
1,28,7,34,48
2,33,14,16,5
3,32,14,56,4
4,15,63,22,54
5,17,7,62,13
6,25,17,23,2
7,12,14,35,22
8,49,43,18,41
9,48,47,32,52
10,25,15,34,4
11,19,1,23,13
12,46,44,49,44
13,4,34,23,24
14,1,0,50,35
15,24,47,49,51
16,58,19,28,52
17,28,18,3,25
18,26,38,49,22
19,35,50,44,2
20,11,47,37,45
21,37,53,34,38
22,57,31,26,8
23,45,29,17,15
24,29,19,55,20
25,27,23,14,53
26,28,24,62,24
27,42,7,17,51
28,37,26,57,52
29,24,53,2,46
30,9,62,16,1
31,38,33,35,39
32,13,5,41,9
33,52,57,21,53
34,51,10,37,0
35,8,61,63,11
36,35,42,39,0
37,42,29,43,33
38,8,15,44,53
39,62,39,7,34
40,4,45,50,34
41,37,1,25,61
42,18,34,55,6
43,40,20,27,31
44,45,0,12,56
45,14,46,4,62
46,41,13,35,30
47,34,22,28,33
48,14,23,48,1
49,17,40,26,48
50,40,35,46,41
51,32,16,60,17
52,15,30,58,61
53,52,0,13,35
54,29,7,50,28
55,18,8,26,58
56,54,34,14,15
57,41,37,54,49
58,14,42,36,60
59,28,31,33,18
60,12,51,10,17
61,59,26,55,10
62,20,21,62,44
63,7,19,41,22
64,14,49,45,40
65,61,22,22,18
66,62,33,45,30
67,13,20,52,55
68,49,52,51,35
69,45,40,18,25
70,55,37,59,58
71,46,5,53,32
72,55,7,28,9
73,20,3,3,23
74,44,40,56,26
75,8,39,19,31
76,11,8,54,56
77,22,45,50,36
78,20,53,22,6
79,10,31,16,60
80,56,10,10,7
81,57,32,19,27
82,11,31,10,39
83,35,24,52,14
84,17,21,27,12
85,52,26,58,55
86,60,52,19,41
87,40,39,28,8
88,5,54,17,26
89,34,13,49,36
90,1,3,20,26
91,38,37,14,37
92,40,22,47,55
93,11,53,45,43
94,10,32,44,21
95,63,60,37,46
96,41,14,63,28
97,47,45,57,29
98,43,13,54,23
99,57,23,60,6
100,35,60,33,20
101,49,23,23,45
102,52,45,19,42
103,42,23,54,17
104,32,47,55,4
105,39,30,21,2
106,18,61,58,10
107,29,52,11,63
108,35,20,63,42
109,56,53,13,21
110,20,46,2,42
111,13,49,4,36
112,49,46,4,21
113,4,59,52,15
114,59,56,11,61
115,60,10,57,56
116,41,5,39,22
117,18,15,50,15
118,48,59,1,36
119,44,51,15,8
120,21,26,62,1
121,56,33,34,25
122,41,44,57,16
123,49,58,13,12
124,9,23,8,20
125,21,4,46,4
126,3,53,36,52
127,46,63,15,14
128,1,60,39,44
129,60,60,19,6
130,18,37,48,48
131,52,47,9,6
132,33,7,49,39
133,19,24,41,29
134,34,20,18,28
135,9,32,41,28
136,25,50,25,35
137,57,53,10,32
138,14,5,41,18
139,60,9,38,11
140,49,36,34,10
141,35,55,62,57
142,7,52,18,63
143,22,18,31,56
144,14,52,32,43
145,63,48,42,47
146,33,48,7,58
147,38,8,39,33
148,63,33,48,27
149,24,25,45,27
150,23,53,29,4
151,51,24,20,35
152,59,34,33,51
153,28,59,61,11
154,6,11,37,38
155,45,54,23,22
156,63,8,63,5
157,51,15,2,20
158,12,41,5,37
159,0,31,43,20
160,1,16,31,30
161,6,46,35,47
162,61,25,7,19
163,63,40,13,51
164,11,49,60,60
165,53,45,4,33
166,44,35,12,0
167,50,60,60,28
168,48,10,15,63
169,60,36,26,55
170,24,26,54,45
171,12,2,30,57
172,7,8,56,58
173,48,24,56,29
174,60,22,16,47
175,59,21,38,7
176,33,57,5,52
177,23,7,33,61
178,47,4,29,19
179,27,34,7,5
180,35,51,62,9
181,47,20,44,36
182,22,0,43,22
183,10,27,44,26
184,22,54,43,45
185,31,2,31,57
186,45,27,6,12
187,6,38,12,36
188,3,3,26,42
189,39,52,40,33
190,40,38,54,59
191,44,53,47,7
192,54,31,8,35
193,11,51,32,57
194,11,42,11,5
195,13,43,44,7
196,47,25,3,17
197,0,36,57,23
198,42,56,31,14
199,43,7,24,41
200,62,21,14,45
201,1,6,27,50
202,55,56,63,47
203,40,5,58,5
204,50,49,3,9
205,4,43,43,49
206,29,38,50,22
207,58,60,35,20
