3
Grid:
64,64
................................................................
................................................................
................................................................
................................................................
................................................................
................................................................
................................................................
................................................................
................................................................
................................................................
................................................................
................................................................
................................................................
................................................................
................................................................
................................................................
................................................................
................................................................
................................................................
................................................................
................................................................
................................................................
................................................................
................................................................
................................................................
................................................................
................................................................
................................................................
................................................................
................................................................
................................................................
................................................................
................................................................
................................................................
................................................................
................................................................
................................................................
................................................................
................................................................
................................................................
................................................................
................................................................
................................................................
................................................................
................................................................
................................................................
................................................................
................................................................
................................................................
................................................................
................................................................
................................................................
................................................................
................................................................
................................................................
................................................................
................................................................
................................................................
................................................................
................................................................
................................................................
................................................................
................................................................
................................................................
Agents:
192
0,35,46,47,9
1,46,30,61,54
2,47,17,61,14
3,60,2,26,30
4,46,21,43,28
5,39,6,57,8
6,55,39,44,32
7,59,35,51,61
8,45,53,24,31
9,3,54,31,47
10,57,8,40,62
11,11,28,31,1
12,8,11,53,34
13,1,63,27,1
14,55,44,16,10
15,17,12,10,7
16,23,15,4,43
17,23,46,58,36
18,56,35,51,7
19,60,38,2,62
20,3,25,35,40
21,47,55,26,53
22,25,36,19,14
23,55,32,9,60
24,33,6,59,21
25,25,38,2,17
26,55,15,11,57
27,51,27,1,4
28,35,17,61,8
29,21,35,59,39
30,16,61,7,6
31,10,1,29,13
32,3,26,19,8
33,47,39,62,23
34,15,12,8,1
35,43,10,42,53
36,57,29,37,9
37,51,31,5,59
38,24,19,42,31
39,3,36,60,3
40,20,33,21,20
41,29,49,47,60
42,19,42,9,58
43,20,7,25,43
44,27,59,43,61
45,11,38,60,32
46,13,25,3,38
47,21,5,6,29
48,14,46,0,28
49,51,62,40,5
50,53,16,15,39
51,16,21,2,8
52,26,14,1,62
53,45,25,27,21
54,27,20,41,17
55,2,15,13,5
56,14,49,13,49
57,15,47,37,4
58,31,25,4,58
59,46,24,1,49
60,6,39,37,18
61,11,20,57,61
62,1,5,13,4
63,61,31,35,44
64,7,45,17,26
65,16,42,57,20
66,32,4,41,62
67,46,4,14,2
68,16,8,5,10
69,22,4,58,29
70,61,58,51,5
71,43,7,27,62
72,56,59,49,61
73,24,27,0,10
74,10,38,27,22
75,37,53,4,31
76,0,26,59,19
77,56,13,21,27
78,4,60,47,30
79,19,21,10,38
80,17,14,35,50
81,18,46,0,29
82,3,24,35,1
83,46,9,42,8
84,3,10,11,7
85,30,22,34,54
86,3,41,49,47
87,27,11,21,3
88,60,4,5,42
89,27,5,41,16
90,44,33,26,45
91,21,32,28,49
92,7,27,48,13
93,42,6,47,36
94,11,33,32,58
95,63,20,58,1
96,52,0,51,63
97,50,47,54,5
98,40,61,34,1
99,4,32,13,11
100,12,14,61,4
101,24,63,37,22
102,8,15,14,62
103,50,22,11,21
104,62,45,27,52
105,17,0,60,46
106,33,14,6,31
107,41,48,16,17
108,56,49,47,44
109,38,40,32,27
110,46,40,22,1
111,61,33,4,47
112,11,9,10,49
113,33,2,28,19
114,54,44,32,35
115,34,62,56,26
116,63,59,40,3
117,56,29,48,63
118,9,21,50,30
119,24,56,6,53
120,40,19,29,40
121,7,30,22,15
122,16,63,3,25
123,51,38,3,48
124,23,2,1,55
125,54,54,19,23
126,23,27,45,2
127,49,36,50,34
128,16,54,22,22
129,52,62,34,42
130,45,47,13,43
131,32,18,63,7
132,11,18,58,57
133,0,38,57,3
134,21,11,12,6
135,38,35,59,11
136,25,45,17,39
137,63,27,62,4
138,32,31,7,43
139,16,11,48,42
140,22,59,18,56
141,43,51,36,2
142,54,43,50,14
143,39,36,51,10
144,9,20,51,43
145,13,18,27,25
146,33,25,56,36
147,11,57,24,32
148,51,53,57,12
149,19,62,12,31
150,63,13,13,3
151,27,18,18,34
152,29,41,54,49
153,27,22,16,50
154,3,49,30,24
155,37,40,13,9
156,39,50,19,38
157,4,44,6,41
158,27,31,13,15
159,43,27,49,30
160,28,1,42,56
161,62,20,55,31
162,2,63,24,37
163,34,6,41,63
164,39,43,20,5
165,12,18,6,12
166,12,9,61,3
167,41,30,15,37
168,24,35,59,27
169,14,61,22,61
170,8,50,3,34
171,17,28,39,11
172,44,56,9,4
173,49,24,16,3
174,52,6,41,2
175,25,51,44,54
176,19,35,38,31
177,48,16,9,26
178,14,7,25,61
179,16,29,60,58
180,7,21,21,10
181,36,19,36,17
182,28,30,9,21
183,8,37,35,38
184,20,56,61,7
185,16,45,47,15
186,19,41,29,45
187,48,34,9,51
188,39,9,44,27
189,14,10,36,31
190,17,33,35,0
191,17,24,49,57
