4
Grid:
64,64
................................................................
................................................................
................................................................
................................................................
................................................................
................................................................
................................................................
................................................................
................................................................
................................................................
................................................................
................................................................
................................................................
................................................................
................................................................
................................................................
................................................................
................................................................
................................................................
................................................................
................................................................
................................................................
................................................................
................................................................
................................................................
................................................................
................................................................
................................................................
................................................................
................................................................
................................................................
................................................................
................................................................
................................................................
................................................................
................................................................
................................................................
................................................................
................................................................
................................................................
................................................................
................................................................
................................................................
................................................................
................................................................
................................................................
................................................................
................................................................
................................................................
................................................................
................................................................
................................................................
................................................................
................................................................
................................................................
................................................................
................................................................
................................................................
................................................................
................................................................
................................................................
................................................................
................................................................
................................................................
Agents:
38
0,33,21,24,62
1,11,34,30,29
2,17,57,12,21
3,18,3,56,8
4,31,25,18,37
5,20,24,51,35
6,63,38,53,10
7,11,10,4,32
8,33,60,29,57
9,16,26,23,1
10,33,26,62,19
11,52,34,36,50
12,45,37,30,62
13,56,43,62,26
14,18,41,52,12
15,23,35,23,19
16,21,54,61,50
17,6,13,47,1
18,56,30,8,41
19,18,51,44,29
20,62,41,56,43
21,29,33,42,26
22,51,2,54,6
23,53,12,3,56
24,26,53,48,34
25,27,58,52,21
26,18,30,3,59
27,11,6,55,58
28,33,41,2,43
29,53,44,28,50
30,1,39,44,62
31,49,54,38,60
32,2,49,0,37
33,2,9,53,30
34,32,62,32,51
35,18,2,10,28
36,41,29,15,61
37,28,55,3,36
