1
Grid:
64,64
................................................................
................................................................
................................................................
................................................................
................................................................
................................................................
................................................................
................................................................
................................................................
................................................................
................................................................
................................................................
................................................................
................................................................
................................................................
................................................................
................................................................
................................................................
................................................................
................................................................
................................................................
................................................................
................................................................
................................................................
................................................................
................................................................
................................................................
................................................................
................................................................
................................................................
................................................................
................................................................
................................................................
................................................................
................................................................
................................................................
................................................................
................................................................
................................................................
................................................................
................................................................
................................................................
................................................................
................................................................
................................................................
................................................................
................................................................
................................................................
................................................................
................................................................
................................................................
................................................................
................................................................
................................................................
................................................................
................................................................
................................................................
................................................................
................................................................
................................................................
................................................................
................................................................
................................................................
................................................................
Agents:
218
0,33,54,8,9
1,0,47,34,13
2,60,18,52,1
3,51,17,23,33
4,52,41,6,16
5,55,23,13,9
6,6,2,49,22
7,53,47,3,29
8,10,12,35,7
9,21,42,55,7
10,58,46,24,0
11,2,39,47,0
12,0,46,28,12
13,50,1,51,14
14,0,9,48,31
15,30,4,27,3
16,41,11,6,62
17,2,35,2,33
18,27,57,49,8
19,24,3,27,32
20,14,29,12,5
21,28,59,52,22
22,46,59,47,25
23,5,56,18,14
24,17,60,23,19
25,37,31,9,14
26,19,38,33,14
27,42,50,37,24
28,52,24,37,13
29,46,13,59,60
30,32,49,46,41
31,17,43,11,43
32,11,50,51,50
33,46,58,61,42
34,63,17,48,57
35,19,16,20,46
36,27,29,5,43
37,17,6,22,58
38,57,5,0,33
39,41,58,50,57
40,48,4,57,18
41,36,62,15,37
42,49,2,56,57
43,32,15,62,16
44,47,2,29,16
45,11,10,11,60
46,35,28,19,62
47,12,48,46,23
48,48,59,8,33
49,13,10,53,59
50,56,63,27,30
51,40,21,8,31
52,43,1,18,51
53,11,13,21,42
54,32,45,32,44
55,31,41,59,5
56,36,38,1,42
57,1,12,57,46
58,7,12,21,34
59,1,43,10,44
60,26,48,59,51
61,34,16,57,27
62,4,41,6,54
63,46,62,15,53
64,16,32,29,61
65,22,62,19,1
66,55,30,53,46
67,1,48,39,55
68,27,15,8,52
69,19,47,10,38
70,55,19,15,51
71,46,1,39,20
72,35,33,19,19
73,38,60,49,13
74,27,63,36,39
75,41,35,44,12
76,57,34,61,9
77,48,7,21,43
78,29,24,54,58
79,16,2,61,44
80,18,12,21,6
81,60,63,36,31
82,23,32,23,3
83,49,6,31,46
84,36,17,34,36
85,49,56,21,27
86,57,17,54,56
87,51,6,27,59
88,2,32,37,30
89,45,35,50,38
90,2,50,13,19
91,35,17,34,51
92,55,50,22,25
93,5,21,27,13
94,45,58,3,36
95,18,3,22,39
96,63,16,39,7
97,29,43,43,24
98,22,46,57,35
99,42,3,24,42
100,47,31,26,26
101,24,10,17,37
102,13,49,2,13
103,42,39,8,63
104,46,41,37,31
105,5,60,9,4
106,43,44,38,20
107,63,32,54,61
108,40,43,59,14
109,8,37,23,6
110,27,28,63,8
111,25,42,57,22
112,62,46,28,33
113,56,40,49,34
114,52,8,22,18
115,48,19,37,52
116,54,42,15,5
117,51,35,23,18
118,25,25,24,15
119,3,5,58,43
120,7,29,23,10
121,38,3,17,13
122,53,22,1,29
123,24,18,32,45
124,16,61,59,46
125,2,43,34,17
126,37,4,45,62
127,39,18,23,1
128,6,46,33,43
129,11,31,11,23
130,56,1,3,62
131,51,38,27,50
132,57,49,8,7
133,5,1,50,47
134,57,28,53,41
135,6,15,24,54
136,39,3,47,48
137,29,61,0,32
138,54,21,53,5
139,53,40,47,43
140,22,38,14,5
141,24,54,47,53
142,5,5,53,0
143,45,49,54,48
144,28,43,17,2
145,13,36,60,18
146,13,6,46,10
147,42,63,36,6
148,10,3,7,2
149,16,22,31,58
150,24,52,24,30
151,3,34,60,15
152,39,41,9,57
153,28,48,50,43
154,57,35,18,32
155,8,17,62,49
156,41,60,41,21
157,33,51,42,12
158,3,20,26,22
159,62,24,32,16
160,63,26,59,62
161,2,2,14,24
162,54,22,40,19
163,19,55,59,9
164,11,49,26,33
165,23,63,38,56
166,13,35,32,12
167,63,18,1,15
168,2,11,21,9
169,10,24,7,26
170,4,43,55,1
171,50,41,63,18
172,27,59,6,61
173,29,45,16,52
174,29,23,53,48
175,63,60,20,20
176,24,63,20,2
177,53,28,31,23
178,48,0,51,45
179,44,16,56,49
180,22,36,53,17
181,37,7,18,18
182,11,9,60,13
183,4,5,58,41
184,60,14,35,32
185,9,37,1,44
186,20,19,50,59
187,39,24,5,22
188,39,58,3,37
189,57,37,30,18
190,25,52,41,49
191,50,27,46,6
192,39,14,51,43
193,46,35,37,32
194,33,1,15,48
195,30,57,37,8
196,2,31,57,7
197,6,43,31,10
198,30,18,44,15
199,49,15,49,5
200,37,6,53,47
201,50,50,50,25
202,43,33,36,43
203,25,49,44,42
204,23,48,38,21
205,10,49,38,49
206,21,48,5,16
207,34,54,24,34
208,23,25,17,48
209,45,47,28,6
210,26,15,47,49
211,34,52,14,32
212,13,60,12,19
213,58,20,16,33
214,3,33,21,16
215,52,10,8,3
216,14,43,56,52
217,41,52,36,52
