2
Grid:
64,64
................................................................
................................................................
................................................................
................................................................
................................................................
................................................................
................................................................
................................................................
................................................................
................................................................
................................................................
................................................................
................................................................
................................................................
................................................................
................................................................
................................................................
................................................................
................................................................
................................................................
................................................................
................................................................
................................................................
................................................................
................................................................
................................................................
................................................................
................................................................
................................................................
................................................................
................................................................
................................................................
................................................................
................................................................
................................................................
................................................................
................................................................
................................................................
................................................................
................................................................
................................................................
................................................................
................................................................
................................................................
................................................................
................................................................
................................................................
................................................................
................................................................
................................................................
................................................................
................................................................
................................................................
................................................................
................................................................
................................................................
................................................................
................................................................
................................................................
................................................................
................................................................
................................................................
................................................................
................................................................
Agents:
156
0,32,58,50,20
1,63,36,50,0
2,55,58,60,19
3,11,61,25,53
4,36,60,27,0
5,18,45,26,34
6,9,20,24,30
7,11,57,9,2
8,40,56,31,43
9,40,0,32,15
10,17,53,48,12
11,23,9,12,51
12,35,11,16,58
13,51,2,19,30
14,42,33,60,41
15,49,10,3,12
16,12,50,46,40
17,59,25,8,0
18,31,7,59,7
19,48,25,25,56
20,32,48,27,30
21,55,38,0,20
22,54,28,31,17
23,32,18,13,36
24,37,46,28,35
25,55,20,22,37
26,37,47,2,8
27,53,42,30,11
28,34,53,41,28
29,1,44,47,0
30,6,9,19,41
31,19,2,42,27
32,10,7,27,13
33,32,23,16,41
34,25,50,5,8
35,25,32,24,47
36,7,14,54,25
37,31,33,1,20
38,62,49,23,23
39,19,6,34,58
40,43,32,27,50
41,28,59,25,14
42,41,29,48,9
43,37,29,39,41
44,60,16,44,43
45,54,42,54,47
46,6,4,25,31
47,18,23,38,21
48,29,52,27,51
49,28,47,14,32
50,60,8,39,20
51,57,51,55,47
52,20,23,23,0
53,12,22,38,30
54,15,20,19,18
55,44,49,17,57
56,34,58,4,28
57,0,38,63,8
58,44,23,60,55
59,25,45,42,30
60,33,3,51,46
61,26,9,56,26
62,59,47,2,39
63,26,2,11,19
64,59,7,62,56
65,3,10,45,46
66,20,35,47,21
67,10,34,18,54
68,39,41,35,44
69,39,18,56,55
70,16,15,47,37
71,13,40,40,52
72,36,5,54,32
73,7,11,29,8
74,4,44,26,38
75,43,6,22,41
76,26,47,62,23
77,14,56,6,57
78,45,48,52,37
79,55,36,9,10
80,61,10,44,38
81,26,7,44,55
82,16,34,21,43
83,29,62,50,30
84,48,29,52,19
85,63,2,63,35
86,48,6,10,6
87,28,17,48,8
88,53,50,63,16
89,36,54,61,37
90,39,14,48,62
91,62,15,49,47
92,28,61,7,19
93,47,37,25,21
94,21,17,52,15
95,53,54,45,13
96,50,2,41,4
97,21,6,36,34
98,53,5,57,36
99,23,2,35,59
100,40,8,27,63
101,27,38,9,52
102,45,40,14,19
103,22,20,60,15
104,19,60,30,3
105,2,58,48,59
106,11,1,27,46
107,60,46,34,31
108,11,10,27,29
109,43,19,62,54
110,50,55,61,20
111,41,30,54,61
112,16,45,9,29
113,49,21,7,22
114,28,48,26,55
115,27,34,30,38
116,14,31,47,27
117,50,23,63,28
118,34,52,13,27
119,39,27,63,47
120,18,24,58,39
121,15,58,11,39
122,43,48,9,35
123,5,38,23,53
124,58,42,3,7
125,26,3,45,12
126,15,48,28,28
127,30,61,18,51
128,62,36,59,34
129,23,40,7,28
130,34,61,56,59
131,31,40,0,15
132,51,29,39,34
133,60,52,52,8
134,40,54,58,41
135,43,23,7,52
136,37,17,15,60
137,14,45,50,10
138,28,31,29,49
139,40,11,54,45
140,26,49,9,47
141,21,23,2,48
142,19,29,58,26
143,0,53,28,25
144,24,61,1,48
145,28,62,26,3
146,57,20,36,33
147,55,60,20,36
148,27,3,40,44
149,61,39,19,47
150,42,6,61,57
151,1,35,59,28
152,23,55,25,42
153,11,13,58,42
154,46,16,9,19
155,8,56,15,15
