2
Grid:
64,64
................................................................
................................................................
................................................................
................................................................
................................................................
................................................................
................................................................
................................................................
................................................................
................................................................
................................................................
................................................................
................................................................
................................................................
................................................................
................................................................
................................................................
................................................................
................................................................
................................................................
................................................................
................................................................
................................................................
................................................................
................................................................
................................................................
................................................................
................................................................
................................................................
................................................................
................................................................
................................................................
................................................................
................................................................
................................................................
................................................................
................................................................
................................................................
................................................................
................................................................
................................................................
................................................................
................................................................
................................................................
................................................................
................................................................
................................................................
................................................................
................................................................
................................................................
................................................................
................................................................
................................................................
................................................................
................................................................
................................................................
................................................................
................................................................
................................................................
................................................................
................................................................
................................................................
................................................................
................................................................
Agents:
130
0,38,7,24,2
1,44,17,26,8
2,47,8,39,57
3,20,30,33,45
4,30,8,34,13
5,39,8,19,53
6,26,54,60,20
7,34,25,61,5
8,29,42,21,5
9,60,53,48,44
10,19,13,27,14
11,49,54,57,48
12,45,2,46,62
13,5,30,2,29
14,59,34,54,19
15,15,40,13,6
16,42,14,16,1
17,30,3,34,48
18,23,32,51,48
19,0,41,4,39
20,12,51,13,36
21,31,54,23,27
22,43,19,59,14
23,53,8,34,41
24,52,31,22,38
25,41,58,24,48
26,24,58,37,63
27,45,24,40,59
28,21,54,57,17
29,35,45,21,13
30,2,54,9,26
31,35,60,7,60
32,56,62,45,4
33,30,11,52,36
34,23,31,31,23
35,1,60,27,62
36,42,19,52,55
37,41,31,9,22
38,46,59,57,57
39,11,25,62,15
40,12,61,25,56
41,41,27,49,62
42,56,20,25,4
43,16,47,59,51
44,33,5,32,55
45,45,33,46,36
46,61,18,56,53
47,39,21,52,60
48,16,34,18,62
49,61,44,46,61
50,53,41,11,36
51,49,21,32,57
52,30,45,19,0
53,16,5,29,48
54,17,13,6,25
55,42,26,43,5
56,42,9,7,4
57,32,5,8,30
58,12,8,41,61
59,4,35,9,15
60,46,46,25,42
61,42,17,54,9
62,49,32,59,42
63,63,24,51,61
64,44,19,10,49
65,15,11,34,47
66,62,31,4,53
67,36,35,1,27
68,12,19,41,7
69,61,10,27,43
70,4,10,27,55
71,29,19,18,60
72,27,19,30,63
73,55,51,30,18
74,49,33,37,14
75,8,7,1,54
76,30,25,43,54
77,61,7,23,31
78,63,31,39,37
79,35,61,4,18
80,46,55,59,29
81,25,62,59,21
82,61,30,46,34
83,28,10,61,26
84,37,61,50,4
85,57,57,20,15
86,11,57,12,18
87,31,35,10,6
88,16,22,62,32
89,54,30,23,34
90,40,12,57,61
91,39,10,28,47
92,10,7,37,39
93,45,36,35,56
94,34,29,41,34
95,36,44,2,23
96,47,63,33,52
97,28,13,28,57
98,49,31,44,18
99,22,60,8,56
100,55,44,50,22
101,13,51,4,49
102,40,15,28,12
103,60,37,4,11
104,58,25,5,32
105,54,40,9,35
106,41,5,51,35
107,21,34,45,56
108,16,15,34,50
109,52,54,19,60
110,49,55,61,48
111,40,8,10,11
112,24,13,7,56
113,9,12,59,46
114,28,18,38,48
115,50,49,14,37
116,0,58,58,24
117,39,59,36,20
118,62,51,35,50
119,33,58,38,15
120,11,8,9,4
121,42,8,37,56
122,38,59,12,57
123,2,42,8,48
124,60,34,21,12
125,42,31,50,30
126,10,0,13,33
127,4,5,5,50
128,27,27,23,12
129,6,48,63,16
