0
Grid:
64,64
................................................................
................................................................
................................................................
................................................................
................................................................
................................................................
................................................................
................................................................
................................................................
................................................................
................................................................
................................................................
................................................................
................................................................
................................................................
................................................................
................................................................
................................................................
................................................................
................................................................
................................................................
................................................................
................................................................
................................................................
................................................................
................................................................
................................................................
................................................................
................................................................
................................................................
................................................................
................................................................
................................................................
................................................................
................................................................
................................................................
................................................................
................................................................
................................................................
................................................................
................................................................
................................................................
................................................................
................................................................
................................................................
................................................................
................................................................
................................................................
................................................................
................................................................
................................................................
................................................................
................................................................
................................................................
................................................................
................................................................
................................................................
................................................................
................................................................
................................................................
................................................................
................................................................
................................................................
................................................................
Agents:
108
0,34,25,28,19
1,33,19,18,34
2,8,27,25,60
3,32,47,43,37
4,7,54,56,41
5,49,16,52,34
6,55,1,32,58
7,26,39,38,58
8,24,21,54,26
9,18,2,29,18
10,13,6,27,26
11,41,7,58,25
12,16,55,23,35
13,40,30,52,38
14,53,56,23,6
15,14,40,18,0
16,44,36,51,60
17,9,23,37,31
18,15,63,18,44
19,13,15,17,2
20,18,14,27,44
21,52,4,32,37
22,10,32,27,34
23,42,6,6,13
24,54,60,49,16
25,33,50,58,13
26,4,17,60,36
27,2,28,19,31
28,47,26,3,43
29,3,17,38,43
30,50,1,9,24
31,57,15,22,57
32,40,8,16,21
33,35,19,51,32
34,56,2,62,3
35,24,25,10,2
36,8,3,50,7
37,47,63,20,6
38,18,37,46,3
39,60,47,61,50
40,12,34,3,38
41,40,57,29,59
42,22,28,36,11
43,36,27,44,12
44,33,45,4,52
45,39,53,32,44
46,60,59,3,2
47,28,16,48,18
48,20,36,23,21
49,28,1,25,20
50,60,22,20,27
51,13,51,11,32
52,36,8,15,62
53,42,1,54,7
54,33,3,15,23
55,10,10,13,1
56,29,20,52,4
57,4,16,46,8
58,25,0,45,17
59,56,11,35,19
60,35,8,51,18
61,50,11,33,5
62,27,34,45,21
63,28,12,5,32
64,38,30,3,45
65,42,45,3,55
66,9,59,24,4
67,50,54,50,34
68,20,52,45,46
69,21,14,56,6
70,50,35,58,55
71,58,29,7,8
72,34,29,59,60
73,24,40,35,13
74,55,12,42,33
75,54,20,57,41
76,44,16,37,36
77,29,52,10,25
78,36,2,15,13
79,23,1,55,15
80,43,29,5,24
81,26,2,46,11
82,25,29,4,33
83,0,34,41,10
84,33,14,12,58
85,60,36,7,40
86,42,42,47,15
87,14,20,28,16
88,40,62,56,18
89,10,52,31,18
90,21,25,36,45
91,39,21,41,28
92,1,57,48,45
93,29,62,43,59
94,17,17,22,50
95,34,20,55,62
96,8,55,51,44
97,4,5,23,12
98,28,54,0,26
99,6,40,11,39
100,16,18,7,59
101,41,1,24,30
102,54,29,53,15
103,38,16,45,14
104,25,24,48,37
105,54,54,38,32
106,8,1,5,45
107,26,3,10,15
