2
Grid:
64,64
................................................................
................................................................
................................................................
................................................................
................................................................
................................................................
................................................................
................................................................
................................................................
................................................................
................................................................
................................................................
................................................................
................................................................
................................................................
................................................................
................................................................
................................................................
................................................................
................................................................
................................................................
................................................................
................................................................
................................................................
................................................................
................................................................
................................................................
................................................................
................................................................
................................................................
................................................................
................................................................
................................................................
................................................................
................................................................
................................................................
................................................................
................................................................
................................................................
................................................................
................................................................
................................................................
................................................................
................................................................
................................................................
................................................................
................................................................
................................................................
................................................................
................................................................
................................................................
................................................................
................................................................
................................................................
................................................................
................................................................
................................................................
................................................................
................................................................
................................................................
................................................................
................................................................
................................................................
................................................................
Agents:
194
0,1,17,49,10
1,62,56,41,51
2,6,58,60,57
3,13,58,25,36
4,62,16,45,22
5,60,42,30,11
6,49,40,53,19
7,54,42,11,2
8,45,56,2,14
9,57,8,18,51
10,24,3,24,37
11,34,1,34,55
12,44,23,50,54
13,34,32,22,53
14,13,13,23,23
15,45,41,61,4
16,17,20,43,36
17,9,25,31,13
18,62,48,47,20
19,36,21,27,49
20,53,61,57,39
21,24,28,12,50
22,11,25,56,46
23,42,17,31,18
24,0,12,51,20
25,39,52,50,4
26,30,44,20,23
27,15,62,17,53
28,47,60,53,16
29,11,47,50,9
30,23,44,54,43
31,44,49,36,30
32,34,18,9,3
33,25,29,37,29
34,30,29,63,30
35,43,60,25,0
36,20,35,58,63
37,19,27,51,47
38,43,5,23,35
39,53,19,4,60
40,45,16,60,27
41,32,1,59,45
42,38,57,0,8
43,11,36,31,47
44,4,11,45,47
45,42,2,35,58
46,36,52,45,8
47,62,8,59,26
48,16,39,15,12
49,58,56,5,27
50,0,13,6,6
51,51,35,45,27
52,32,42,47,43
53,31,58,41,46
54,24,52,39,2
55,18,41,2,54
56,7,56,27,10
57,2,6,42,32
58,12,42,45,49
59,10,41,12,54
60,7,52,33,46
61,24,18,47,39
62,51,41,54,44
63,24,31,27,36
64,37,11,30,56
65,10,4,45,44
66,11,60,63,44
67,19,31,58,52
68,29,60,18,27
69,32,60,5,13
70,26,17,1,44
71,12,16,55,35
72,56,0,61,19
73,58,44,43,20
74,50,55,49,21
75,59,37,9,63
76,28,17,29,42
77,49,12,41,48
78,53,32,3,4
79,47,55,54,9
80,17,63,52,54
81,20,13,19,54
82,41,14,23,55
83,29,10,26,26
84,37,34,13,7
85,41,15,50,58
86,9,14,28,31
87,14,53,29,8
88,40,7,14,38
89,25,50,39,37
90,46,44,4,51
91,45,45,7,49
92,15,36,18,56
93,39,58,59,43
94,11,7,37,36
95,42,60,59,6
96,13,41,52,43
97,42,26,12,39
98,60,62,57,42
99,39,42,44,32
100,34,48,62,58
101,7,16,18,32
102,14,43,60,9
103,28,14,55,25
104,2,59,6,11
105,35,45,7,52
106,6,60,46,61
107,9,37,56,21
108,18,39,26,39
109,61,4,60,16
110,39,35,0,37
111,63,29,9,25
112,55,44,49,20
113,2,32,15,57
114,35,52,42,28
115,57,41,34,3
116,32,47,41,22
117,16,61,16,10
118,36,29,11,51
119,31,36,22,13
120,8,24,25,38
121,56,15,36,27
122,35,61,38,6
123,53,16,39,54
124,31,4,32,44
125,8,21,15,35
126,1,34,15,29
127,2,63,18,7
128,49,41,56,61
129,24,33,20,54
130,40,59,41,34
131,43,13,51,11
132,2,58,62,27
133,13,23,21,53
134,44,12,2,2
135,0,52,49,50
136,7,25,32,31
137,59,15,48,8
138,42,48,9,17
139,58,58,56,30
140,55,50,8,25
141,1,31,11,30
142,43,35,11,50
143,39,61,13,25
144,12,59,28,38
145,4,62,50,21
146,59,13,3,16
147,45,42,27,31
148,12,40,59,56
149,47,30,28,17
150,35,19,46,41
151,3,19,19,29
152,13,39,33,10
153,38,51,23,6
154,20,1,25,28
155,46,29,31,61
156,41,54,60,37
157,58,11,22,46
158,33,31,39,28
159,18,16,29,26
160,41,27,62,59
161,63,5,60,15
162,48,9,30,39
163,30,46,63,37
164,33,0,33,16
165,35,17,40,31
166,11,24,13,59
167,14,45,15,23
168,27,24,43,29
169,21,0,8,22
170,22,57,59,28
171,60,11,28,34
172,13,38,25,23
173,20,4,52,58
174,18,33,33,53
175,8,45,58,44
176,22,31,55,8
177,52,7,48,62
178,19,62,3,9
179,35,4,3,26
180,9,56,6,45
181,17,19,21,21
182,29,28,43,15
183,39,12,51,8
184,9,18,63,39
185,58,47,11,62
186,31,52,34,48
187,55,9,44,30
188,53,25,38,8
189,27,0,15,8
190,56,54,24,23
191,59,43,38,24
192,36,7,20,5
193,53,17,60,6
