1
Grid:
64,64
................................................................
................................................................
................................................................
................................................................
................................................................
................................................................
................................................................
................................................................
................................................................
................................................................
................................................................
................................................................
................................................................
................................................................
................................................................
................................................................
................................................................
................................................................
................................................................
................................................................
................................................................
................................................................
................................................................
................................................................
................................................................
................................................................
................................................................
................................................................
................................................................
................................................................
................................................................
................................................................
................................................................
................................................................
................................................................
................................................................
................................................................
................................................................
................................................................
................................................................
................................................................
................................................................
................................................................
................................................................
................................................................
................................................................
................................................................
................................................................
................................................................
................................................................
................................................................
................................................................
................................................................
................................................................
................................................................
................................................................
................................................................
................................................................
................................................................
................................................................
................................................................
................................................................
................................................................
................................................................
Agents:
160
0,53,26,14,38
1,42,7,25,33
2,38,43,47,18
3,26,39,59,29
4,3,19,15,57
5,33,15,45,16
6,3,59,52,21
7,8,27,23,50
8,35,25,21,54
9,36,34,23,60
10,62,25,47,34
11,20,58,59,6
12,18,3,33,55
13,7,15,23,20
14,56,8,39,62
15,53,49,37,62
16,40,28,32,50
17,17,5,7,1
18,1,15,49,34
19,32,32,42,56
20,45,23,16,1
21,55,45,61,45
22,39,22,18,50
23,29,50,43,57
24,12,19,60,50
25,25,61,40,55
26,30,39,1,19
27,20,28,32,39
28,6,48,7,48
29,52,35,34,15
30,36,10,56,30
31,46,59,63,58
32,29,48,16,40
33,39,38,27,55
34,42,3,39,8
35,26,20,43,40
36,57,4,19,54
37,53,39,34,44
38,33,38,12,61
39,19,60,36,50
40,38,20,16,7
41,3,37,33,12
42,46,56,8,56
43,19,0,1,56
44,8,53,56,21
45,63,16,3,13
46,26,61,41,58
47,59,35,7,0
48,40,60,58,0
49,15,54,51,34
50,47,54,22,53
51,7,8,3,59
52,56,5,30,58
53,4,25,38,56
54,50,45,30,5
55,58,31,20,56
56,29,56,48,4
57,60,16,54,24
58,6,9,56,40
59,12,37,9,4
60,29,38,3,4
61,30,53,38,22
62,3,10,2,47
63,57,59,22,19
64,8,18,38,33
65,63,37,46,29
66,23,28,11,59
67,12,47,34,38
68,12,58,38,46
69,44,41,29,17
70,52,57,38,8
71,14,26,51,11
72,58,32,8,0
73,51,34,2,59
74,0,43,58,51
75,28,30,44,47
76,47,42,46,60
77,25,8,37,19
78,24,18,39,5
79,5,46,34,41
80,12,8,21,61
81,16,32,47,0
82,46,21,12,21
83,8,1,45,46
84,44,13,23,41
85,3,11,61,43
86,29,35,45,6
87,49,35,45,12
88,24,3,15,19
89,58,35,30,45
90,22,22,19,32
91,59,29,48,38
92,53,32,50,25
93,53,45,15,44
94,2,3,21,28
95,23,57,54,16
96,53,62,27,36
97,28,43,5,39
98,40,45,42,62
99,44,37,7,57
100,23,50,12,51
101,54,51,37,52
102,39,17,28,5
103,1,11,62,44
104,56,53,58,38
105,48,20,54,59
106,24,33,48,29
107,23,53,10,54
108,13,51,57,42
109,42,13,50,44
110,31,27,22,36
111,62,40,50,26
112,54,9,61,41
113,21,30,48,11
114,7,6,61,38
115,59,42,32,51
116,23,21,53,9
117,11,36,49,38
118,32,7,16,14
119,54,35,44,41
120,31,42,5,52
121,52,12,13,9
122,19,3,21,32
123,33,19,62,26
124,29,53,4,58
125,3,31,5,33
126,5,60,29,31
127,51,13,30,30
128,60,30,30,55
129,59,34,12,1
130,4,50,48,55
131,58,5,41,12
132,60,2,41,6
133,22,50,15,43
134,21,5,14,10
135,61,6,9,6
136,45,53,19,16
137,38,50,52,49
138,21,51,21,10
139,39,1,31,26
140,55,32,44,46
141,40,6,63,45
142,39,56,27,49
143,16,14,58,63
144,49,18,20,5
145,11,23,11,56
146,40,61,34,6
147,38,2,43,53
148,18,13,43,20
149,6,31,12,11
150,61,52,35,33
151,17,24,5,43
152,55,60,38,11
153,49,15,38,3
154,22,0,43,3
155,56,9,57,36
156,54,58,48,49
157,42,35,50,21
158,10,51,55,4
159,30,4,49,61
