3
Grid:
64,64
................................................................
................................................................
................................................................
................................................................
................................................................
................................................................
................................................................
................................................................
................................................................
................................................................
................................................................
................................................................
................................................................
................................................................
................................................................
................................................................
................................................................
................................................................
................................................................
................................................................
................................................................
................................................................
................................................................
................................................................
................................................................
................................................................
................................................................
................................................................
................................................................
................................................................
................................................................
................................................................
................................................................
................................................................
................................................................
................................................................
................................................................
................................................................
................................................................
................................................................
................................................................
................................................................
................................................................
................................................................
................................................................
................................................................
................................................................
................................................................
................................................................
................................................................
................................................................
................................................................
................................................................
................................................................
................................................................
................................................................
................................................................
................................................................
................................................................
................................................................
................................................................
................................................................
................................................................
................................................................
Agents:
66
0,24,30,58,47
1,35,23,17,7
2,43,37,36,46
3,39,45,37,31
4,11,3,31,20
5,28,25,3,6
6,32,43,56,59
7,53,36,37,0
8,56,17,17,4
9,44,13,55,49
10,22,44,14,20
11,34,39,31,62
12,34,14,26,34
13,22,48,1,17
14,43,62,46,12
15,18,25,46,25
16,30,24,16,17
17,8,27,36,40
18,19,15,51,12
19,30,22,30,47
20,10,49,20,42
21,27,14,13,23
22,55,10,5,53
23,43,56,12,6
24,25,10,47,51
25,59,29,37,38
26,25,63,7,26
27,12,44,33,30
28,59,59,42,6
29,52,28,40,44
30,15,54,46,39
31,2,12,32,60
32,49,3,53,60
33,59,8,33,18
34,35,26,50,46
35,16,41,61,29
36,50,22,56,54
37,3,37,49,31
38,16,19,46,35
39,48,24,25,56
40,35,29,38,27
41,23,32,58,31
42,3,53,24,46
43,63,30,60,12
44,11,28,58,34
45,31,24,26,5
46,26,2,34,36
47,6,19,29,23
48,46,14,27,10
49,29,52,38,42
50,15,35,33,33
51,21,62,25,17
52,57,17,6,41
53,42,3,26,20
54,60,39,21,30
55,27,39,27,19
56,56,50,0,50
57,31,33,57,23
58,9,60,45,56
59,3,28,52,50
60,61,6,6,11
61,58,56,14,59
62,14,48,43,42
63,15,47,28,47
64,54,2,13,39
65,54,60,42,49
