0
Grid:
64,64
................................................................
................................................................
................................................................
................................................................
................................................................
................................................................
................................................................
................................................................
................................................................
................................................................
................................................................
................................................................
................................................................
................................................................
................................................................
................................................................
................................................................
................................................................
................................................................
................................................................
................................................................
................................................................
................................................................
................................................................
................................................................
................................................................
................................................................
................................................................
................................................................
................................................................
................................................................
................................................................
................................................................
................................................................
................................................................
................................................................
................................................................
................................................................
................................................................
................................................................
................................................................
................................................................
................................................................
................................................................
................................................................
................................................................
................................................................
................................................................
................................................................
................................................................
................................................................
................................................................
................................................................
................................................................
................................................................
................................................................
................................................................
................................................................
................................................................
................................................................
................................................................
................................................................
................................................................
................................................................
Agents:
48
0,56,41,9,0
1,58,47,28,44
2,51,28,18,49
3,60,23,23,57
4,26,26,0,16
5,37,12,43,16
6,55,14,59,31
7,50,33,36,46
8,5,24,53,33
9,13,50,46,47
10,34,12,51,20
11,20,16,32,30
12,6,17,0,38
13,23,0,8,6
14,62,42,29,3
15,20,11,48,11
16,30,34,39,28
17,18,8,2,29
18,28,28,42,17
19,18,6,16,22
20,12,43,43,8
21,37,8,35,12
22,9,48,37,43
23,48,11,60,25
24,39,31,45,33
25,52,42,37,26
26,45,58,61,61
27,2,44,62,48
28,21,41,47,24
29,41,34,19,39
30,4,60,23,3
31,25,48,52,39
32,5,25,53,18
33,46,21,13,40
34,60,42,2,63
35,5,41,54,57
36,6,7,7,22
37,38,54,50,27
38,39,11,29,62
39,6,21,38,55
40,32,12,45,56
41,25,30,43,36
42,54,42,6,47
43,30,35,27,37
44,31,37,47,48
45,51,50,12,61
46,50,48,1,53
47,1,16,55,28
