4
Grid:
64,64
................................................................
................................................................
................................................................
................................................................
................................................................
................................................................
................................................................
................................................................
................................................................
................................................................
................................................................
................................................................
................................................................
................................................................
................................................................
................................................................
................................................................
................................................................
................................................................
................................................................
................................................................
................................................................
................................................................
................................................................
................................................................
................................................................
................................................................
................................................................
................................................................
................................................................
................................................................
................................................................
................................................................
................................................................
................................................................
................................................................
................................................................
................................................................
................................................................
................................................................
................................................................
................................................................
................................................................
................................................................
................................................................
................................................................
................................................................
................................................................
................................................................
................................................................
................................................................
................................................................
................................................................
................................................................
................................................................
................................................................
................................................................
................................................................
................................................................
................................................................
................................................................
................................................................
................................................................
................................................................
Agents:
222
0,38,53,32,34
1,43,26,10,4
2,51,14,63,43
3,1,4,21,44
4,61,44,52,49
5,13,39,55,35
6,31,26,33,22
7,51,20,52,42
8,37,22,47,11
9,18,26,46,53
10,10,30,38,37
11,54,18,27,54
12,0,14,22,46
13,61,3,61,15
14,31,49,3,61
15,47,27,24,37
16,38,56,42,59
17,53,31,41,24
18,30,40,28,44
19,34,20,58,51
20,49,1,29,33
21,53,5,9,46
22,52,54,34,43
23,49,12,42,61
24,21,4,50,8
25,27,47,40,12
26,41,36,20,17
27,62,7,54,48
28,63,25,18,31
29,26,36,10,42
30,16,62,35,46
31,37,12,15,33
32,60,49,21,55
33,0,39,14,17
34,37,20,7,62
35,54,60,47,24
36,52,62,63,30
37,40,8,12,42
38,41,48,4,18
39,29,9,20,34
40,29,49,37,23
41,45,26,43,51
42,21,0,40,21
43,57,45,27,40
44,31,4,32,47
45,14,61,19,31
46,4,51,35,63
47,28,41,13,21
48,8,3,44,19
49,53,9,23,51
50,39,1,48,25
51,14,31,45,3
52,59,43,52,5
53,59,53,14,48
54,30,14,39,11
55,59,16,58,39
56,6,31,26,10
57,17,11,9,39
58,55,60,15,4
59,63,62,55,32
60,46,55,44,38
61,52,49,34,16
62,46,54,58,0
63,58,53,1,61
64,44,0,7,36
65,40,26,11,15
66,19,20,48,28
67,9,43,28,48
68,11,53,9,34
69,4,6,14,37
70,6,4,11,11
71,15,16,46,24
72,9,61,44,52
73,54,36,29,46
74,34,16,3,23
75,49,11,22,41
76,3,54,6,37
77,13,29,22,53
78,49,5,25,52
79,49,6,23,58
80,8,30,35,28
81,38,33,0,17
82,60,50,51,21
83,21,37,46,33
84,63,1,21,30
85,56,57,19,11
86,56,42,6,4
87,40,35,38,15
88,39,49,4,51
89,63,21,3,26
90,19,28,17,45
91,14,28,33,17
92,22,28,14,1
93,56,25,40,59
94,30,46,7,30
95,4,63,10,46
96,20,63,13,54
97,59,48,16,36
98,42,40,20,14
99,0,4,38,48
100,14,60,45,12
101,17,48,53,7
102,19,10,33,63
103,62,49,36,40
104,7,41,1,5
105,53,0,47,49
106,5,28,52,61
107,50,44,52,15
108,16,10,35,17
109,10,31,62,16
110,57,60,2,52
111,7,16,36,56
112,61,57,58,42
113,37,56,21,49
114,57,63,3,25
115,48,59,38,28
116,7,22,19,35
117,11,29,34,19
118,9,12,1,16
119,30,7,53,49
120,18,52,24,7
121,57,4,21,57
122,57,55,55,57
123,13,14,56,18
124,32,31,18,63
125,29,32,23,60
126,10,18,44,4
127,52,0,44,21
128,51,25,13,27
129,36,5,4,59
130,2,15,19,26
131,48,53,55,31
132,15,10,39,56
133,21,27,48,60
134,33,50,54,26
135,1,61,1,9
136,1,50,33,42
137,41,19,2,44
138,23,56,11,18
139,63,45,19,15
140,43,32,21,2
141,22,25,40,14
142,48,52,54,33
143,34,10,62,8
144,42,47,6,20
145,40,25,22,49
146,5,2,47,17
147,3,4,46,32
148,52,47,15,34
149,34,49,12,49
150,44,46,60,61
151,30,31,47,8
152,31,24,4,0
153,40,33,23,17
154,40,58,59,3
155,26,55,52,22
156,25,33,37,21
157,57,22,59,53
158,18,62,62,25
159,25,32,59,36
160,7,18,47,47
161,21,39,62,36
162,44,39,0,50
163,15,19,10,30
164,3,16,37,19
165,10,58,12,20
166,51,40,48,53
167,59,2,59,57
168,49,23,13,57
169,12,0,53,1
170,33,48,5,49
171,20,48,15,1
172,0,35,24,5
173,9,45,53,13
174,49,54,8,47
175,21,2,56,26
176,55,21,29,28
177,38,11,11,32
178,9,55,31,35
179,43,1,49,6
180,17,21,36,62
181,54,10,44,11
182,44,30,45,41
183,46,16,1,34
184,26,16,31,46
185,13,1,50,3
186,19,56,12,16
187,52,23,1,46
188,61,36,35,15
189,38,9,37,59
190,29,34,14,3
191,34,13,32,31
192,58,7,41,30
193,3,29,21,62
194,1,47,34,59
195,57,57,60,10
196,44,10,31,56
197,47,12,19,5
198,57,10,5,52
199,4,34,49,39
200,52,56,38,11
201,18,33,44,42
202,40,19,29,53
203,46,62,1,26
204,32,15,15,39
205,14,36,47,44
206,17,33,56,23
207,35,46,3,49
208,16,36,23,10
209,27,16,57,57
210,15,42,11,52
211,23,19,21,8
212,21,9,22,24
213,9,40,4,8
214,30,51,5,56
215,32,4,60,18
216,16,1,52,14
217,37,38,55,61
218,24,4,55,34
219,61,50,38,2
220,33,20,42,17
221,40,10,43,38
