4
Grid:
64,64
................................................................
................................................................
................................................................
................................................................
................................................................
................................................................
................................................................
................................................................
................................................................
................................................................
................................................................
................................................................
................................................................
................................................................
................................................................
................................................................
................................................................
................................................................
................................................................
................................................................
................................................................
................................................................
................................................................
................................................................
................................................................
................................................................
................................................................
................................................................
................................................................
................................................................
................................................................
................................................................
................................................................
................................................................
................................................................
................................................................
................................................................
................................................................
................................................................
................................................................
................................................................
................................................................
................................................................
................................................................
................................................................
................................................................
................................................................
................................................................
................................................................
................................................................
................................................................
................................................................
................................................................
................................................................
................................................................
................................................................
................................................................
................................................................
................................................................
................................................................
................................................................
................................................................
................................................................
................................................................
Agents:
132
0,45,2,8,9
1,24,1,36,52
2,34,51,47,13
3,5,46,8,46
4,11,43,14,27
5,31,33,18,23
6,14,23,31,8
7,58,24,42,58
8,21,38,37,32
9,2,61,42,6
10,52,3,26,39
11,29,51,9,39
12,41,61,55,48
13,45,12,13,61
14,32,16,10,58
15,34,53,59,1
16,8,43,25,58
17,57,41,13,58
18,31,2,52,62
19,48,55,12,11
20,11,6,60,19
21,20,50,50,13
22,28,20,5,53
23,32,49,44,52
24,28,47,16,37
25,45,46,37,42
26,34,27,3,42
27,17,42,14,18
28,36,37,12,1
29,23,36,3,48
30,5,56,44,44
31,13,58,17,63
32,8,41,19,39
33,25,34,14,34
34,29,17,54,49
35,57,19,59,57
36,53,11,37,46
37,49,45,55,43
38,47,43,51,20
39,23,21,20,27
40,29,60,35,61
41,47,49,53,15
42,35,51,10,7
43,19,44,6,14
44,25,15,27,58
45,4,57,34,50
46,42,11,18,21
47,49,18,15,49
48,57,25,41,53
49,42,50,52,7
50,58,61,14,62
51,20,11,20,34
52,54,25,58,42
53,57,23,11,35
54,42,36,20,56
55,58,57,50,32
56,14,2,50,50
57,7,9,38,37
58,9,28,6,53
59,22,20,56,24
60,22,44,35,43
61,9,13,36,49
62,12,63,26,20
63,41,41,27,29
64,25,30,36,12
65,52,21,49,30
66,1,36,29,22
67,26,31,9,11
68,39,36,37,7
69,58,10,42,32
70,58,60,61,22
71,2,53,29,0
72,21,11,28,43
73,43,40,7,5
74,4,39,4,44
75,3,21,28,35
76,28,13,16,4
77,52,6,63,55
78,62,55,13,41
79,48,15,41,1
80,61,11,22,38
81,47,37,7,44
82,56,41,25,1
83,39,39,55,28
84,34,36,26,47
85,34,12,45,39
86,25,26,4,33
87,42,19,3,20
88,56,0,18,11
89,19,1,49,62
90,37,49,2,27
91,21,24,17,51
92,18,43,12,50
93,8,12,37,38
94,43,32,0,31
95,38,3,43,12
96,26,43,15,41
97,6,47,32,49
98,19,2,21,31
99,0,29,57,14
100,5,36,60,39
101,58,54,51,17
102,59,2,54,45
103,35,32,20,35
104,14,61,28,5
105,35,46,39,60
106,41,12,28,61
107,53,23,56,27
108,19,12,36,43
109,33,26,57,24
110,59,1,20,50
111,62,30,63,20
112,49,46,15,15
113,27,50,32,19
114,13,8,36,3
115,45,17,3,28
116,0,8,62,41
117,44,48,33,27
118,30,27,58,11
119,47,6,4,6
120,41,11,46,6
121,18,40,41,39
122,32,43,50,12
123,2,50,29,6
124,1,46,27,17
125,28,7,11,23
126,32,37,13,54
127,33,4,21,15
128,38,27,0,34
129,5,13,15,32
130,38,48,5,40
131,18,5,26,14
