2
Grid:
64,64
................................................................
................................................................
................................................................
................................................................
................................................................
................................................................
................................................................
................................................................
................................................................
................................................................
................................................................
................................................................
................................................................
................................................................
................................................................
................................................................
................................................................
................................................................
................................................................
................................................................
................................................................
................................................................
................................................................
................................................................
................................................................
................................................................
................................................................
................................................................
................................................................
................................................................
................................................................
................................................................
................................................................
................................................................
................................................................
................................................................
................................................................
................................................................
................................................................
................................................................
................................................................
................................................................
................................................................
................................................................
................................................................
................................................................
................................................................
................................................................
................................................................
................................................................
................................................................
................................................................
................................................................
................................................................
................................................................
................................................................
................................................................
................................................................
................................................................
................................................................
................................................................
................................................................
................................................................
................................................................
Agents:
124
0,7,11,1,43
1,4,12,1,6
2,47,21,42,24
3,51,25,57,49
4,52,32,59,9
5,55,4,44,0
6,39,58,53,29
7,50,17,38,41
8,50,19,44,45
9,31,51,63,2
10,63,24,12,28
11,11,0,12,40
12,5,4,42,58
13,21,33,2,46
14,21,34,47,30
15,2,36,16,41
16,32,60,31,55
17,52,48,19,8
18,22,18,53,42
19,62,20,47,31
20,17,9,12,57
21,63,55,12,1
22,39,54,34,20
23,24,32,22,38
24,40,22,62,14
25,59,33,31,51
26,32,9,18,1
27,14,47,29,30
28,63,4,50,5
29,7,43,25,8
30,63,17,46,7
31,3,17,37,35
32,30,19,19,52
33,36,42,61,16
34,6,2,8,7
35,59,31,49,4
36,21,11,50,27
37,34,54,20,26
38,24,19,17,5
39,25,14,46,26
40,44,53,46,12
41,57,63,26,57
42,38,32,16,33
43,4,22,38,10
44,46,4,54,49
45,48,18,55,53
46,11,19,27,47
47,20,63,0,16
48,5,46,50,48
49,25,20,21,32
50,18,45,58,5
51,26,38,37,41
52,27,28,20,52
53,12,20,49,8
54,39,23,61,39
55,23,43,33,7
56,43,56,15,4
57,62,10,8,46
58,24,4,41,5
59,43,61,30,14
60,15,13,10,39
61,60,1,59,61
62,17,40,14,28
63,19,2,27,58
64,54,34,34,59
65,48,42,17,3
66,58,5,57,12
67,59,62,8,40
68,26,19,40,52
69,35,9,46,43
70,20,47,1,56
71,47,23,57,35
72,45,5,18,63
73,39,19,10,20
74,20,10,0,18
75,38,1,13,46
76,3,27,59,15
77,4,5,52,62
78,49,25,4,37
79,20,51,37,0
80,9,9,55,57
81,29,4,62,29
82,38,45,34,10
83,48,37,36,34
84,60,0,4,48
85,47,5,5,27
86,32,33,20,30
87,41,31,52,15
88,29,37,12,25
89,19,12,41,29
90,1,0,20,35
91,45,44,29,27
92,59,47,1,35
93,39,31,8,36
94,0,54,2,18
95,13,1,47,18
96,62,48,26,1
97,0,10,9,18
98,17,43,51,35
99,48,0,58,38
100,20,1,23,6
101,22,20,45,27
102,26,33,52,37
103,33,33,37,42
104,49,37,20,58
105,39,12,61,48
106,5,8,20,13
107,49,8,18,32
108,28,49,10,41
109,8,55,53,22
110,6,17,28,60
111,37,5,19,59
112,51,46,59,36
113,6,48,33,40
114,32,30,38,56
115,14,50,42,63
116,52,19,41,9
117,55,0,12,34
118,42,25,32,16
119,18,26,30,57
120,13,5,54,59
121,45,26,30,16
122,15,0,32,13
123,60,54,17,44
