1
Grid:
64,64
................................................................
................................................................
................................................................
................................................................
................................................................
................................................................
................................................................
................................................................
................................................................
................................................................
................................................................
................................................................
................................................................
................................................................
................................................................
................................................................
................................................................
................................................................
................................................................
................................................................
................................................................
................................................................
................................................................
................................................................
................................................................
................................................................
................................................................
................................................................
................................................................
................................................................
................................................................
................................................................
................................................................
................................................................
................................................................
................................................................
................................................................
................................................................
................................................................
................................................................
................................................................
................................................................
................................................................
................................................................
................................................................
................................................................
................................................................
................................................................
................................................................
................................................................
................................................................
................................................................
................................................................
................................................................
................................................................
................................................................
................................................................
................................................................
................................................................
................................................................
................................................................
................................................................
................................................................
................................................................
Agents:
50
0,27,3,26,24
1,15,23,57,22
2,17,58,30,24
3,29,23,16,37
4,20,39,5,9
5,43,28,60,39
6,1,8,9,11
7,17,12,23,6
8,28,11,59,59
9,42,35,17,11
10,21,34,5,29
11,42,30,46,45
12,41,17,27,23
13,27,14,7,4
14,49,21,51,28
15,5,54,15,31
16,36,50,10,2
17,15,26,31,46
18,33,28,53,48
19,9,17,33,0
20,21,10,54,10
21,53,33,59,9
22,26,52,14,5
23,47,34,45,51
24,16,37,48,14
25,20,30,27,46
26,30,26,41,41
27,52,56,5,12
28,25,48,62,20
29,46,63,25,34
30,31,14,13,51
31,38,63,32,21
32,34,53,42,1
33,56,14,5,49
34,56,55,30,11
35,43,0,12,40
36,1,25,59,62
37,14,10,32,41
38,44,8,18,4
39,4,52,0,30
40,34,56,36,20
41,62,11,55,14
42,0,39,1,54
43,23,9,43,35
44,62,23,52,18
45,0,48,47,12
46,45,10,41,10
47,49,6,63,53
48,35,54,16,7
49,62,37,43,18
