2
Grid:
64,64
................................................................
................................................................
................................................................
................................................................
................................................................
................................................................
................................................................
................................................................
................................................................
................................................................
................................................................
................................................................
................................................................
................................................................
................................................................
................................................................
................................................................
................................................................
................................................................
................................................................
................................................................
................................................................
................................................................
................................................................
................................................................
................................................................
................................................................
................................................................
................................................................
................................................................
................................................................
................................................................
................................................................
................................................................
................................................................
................................................................
................................................................
................................................................
................................................................
................................................................
................................................................
................................................................
................................................................
................................................................
................................................................
................................................................
................................................................
................................................................
................................................................
................................................................
................................................................
................................................................
................................................................
................................................................
................................................................
................................................................
................................................................
................................................................
................................................................
................................................................
................................................................
................................................................
................................................................
................................................................
Agents:
66
0,54,10,29,43
1,46,6,45,53
2,48,18,1,57
3,24,50,19,29
4,39,32,34,35
5,34,34,44,18
6,30,35,20,33
7,1,61,16,8
8,49,44,30,45
9,2,58,52,50
10,55,38,48,55
11,56,27,52,29
12,25,28,22,28
13,59,9,46,23
14,7,39,48,51
15,25,51,57,39
16,39,30,13,10
17,21,37,56,30
18,63,58,44,19
19,30,25,54,29
20,56,0,55,26
21,30,59,49,36
22,4,52,56,49
23,42,1,28,50
24,25,36,50,41
25,58,16,52,10
26,41,10,5,38
27,47,16,48,13
28,18,19,12,34
29,45,20,60,47
30,22,15,12,12
31,43,0,14,48
32,7,46,4,16
33,58,63,27,51
34,13,28,3,17
35,61,55,40,45
36,13,41,15,15
37,2,55,9,2
38,7,60,4,10
39,22,37,33,46
40,49,58,47,36
41,48,35,18,46
42,44,9,60,57
43,10,28,4,31
44,47,5,14,49
45,18,43,20,2
46,12,9,26,50
47,2,41,43,34
48,21,30,39,40
49,52,21,12,7
50,57,42,7,0
51,51,60,50,22
52,38,2,27,8
53,2,0,30,3
54,8,56,37,37
55,9,22,23,35
56,61,8,52,58
57,35,27,40,17
58,30,7,19,6
59,19,62,29,63
60,36,29,38,35
61,16,8,5,21
62,10,17,32,47
63,43,4,1,37
64,38,24,8,45
65,34,40,22,5
