4
Grid:
64,64
................................................................
................................................................
................................................................
................................................................
................................................................
................................................................
................................................................
................................................................
................................................................
................................................................
................................................................
................................................................
................................................................
................................................................
................................................................
................................................................
................................................................
................................................................
................................................................
................................................................
................................................................
................................................................
................................................................
................................................................
................................................................
................................................................
................................................................
................................................................
................................................................
................................................................
................................................................
................................................................
................................................................
................................................................
................................................................
................................................................
................................................................
................................................................
................................................................
................................................................
................................................................
................................................................
................................................................
................................................................
................................................................
................................................................
................................................................
................................................................
................................................................
................................................................
................................................................
................................................................
................................................................
................................................................
................................................................
................................................................
................................................................
................................................................
................................................................
................................................................
................................................................
................................................................
................................................................
................................................................
Agents:
92
0,21,6,20,60
1,27,13,24,37
2,27,60,13,8
3,53,41,39,31
4,39,35,51,44
5,62,29,61,45
6,50,7,39,8
7,38,11,57,59
8,55,4,14,1
9,13,54,40,1
10,55,59,3,53
11,63,11,5,20
12,7,23,45,36
13,43,47,39,39
14,23,39,33,15
15,20,30,1,53
16,2,26,45,54
17,62,14,2,16
18,24,57,63,15
19,54,23,21,42
20,45,36,43,25
21,31,38,55,41
22,42,28,34,48
23,59,27,48,61
24,20,60,21,17
25,45,2,34,20
26,44,30,7,57
27,20,25,1,44
28,7,16,24,22
29,5,3,18,30
30,17,5,46,26
31,17,0,3,43
32,14,32,32,7
33,26,24,13,37
34,8,23,43,12
35,50,62,31,41
36,13,53,17,45
37,8,19,29,44
38,27,25,43,26
39,32,42,2,50
40,28,16,37,19
41,27,26,53,16
42,58,18,21,20
43,49,35,7,44
44,5,36,21,48
45,7,8,52,8
46,51,51,46,37
47,6,39,0,13
48,18,30,17,9
49,24,9,15,4
50,1,35,31,7
51,18,60,54,10
52,10,46,63,57
53,52,54,24,12
54,22,0,8,32
55,61,46,49,29
56,47,26,42,53
57,39,0,38,40
58,42,55,20,56
59,6,59,6,63
60,46,55,37,24
61,18,36,26,13
62,16,42,55,10
63,10,26,11,36
64,47,32,1,49
65,1,61,10,59
66,1,22,59,50
67,41,56,19,1
68,62,31,36,53
69,16,11,32,13
70,30,58,16,38
71,13,5,20,61
72,38,24,21,61
73,24,24,14,60
74,11,5,45,42
75,61,26,62,52
76,23,28,44,51
77,27,10,8,29
78,17,45,9,62
79,43,31,62,0
80,36,26,44,49
81,7,53,49,47
82,63,0,10,30
83,45,24,28,49
84,49,46,0,16
85,2,11,3,50
86,38,59,39,46
87,29,51,38,38
88,41,13,20,59
89,61,56,44,26
90,17,49,44,4
91,14,41,19,61
