1
Grid:
64,64
................................................................
................................................................
................................................................
................................................................
................................................................
................................................................
................................................................
................................................................
................................................................
................................................................
................................................................
................................................................
................................................................
................................................................
................................................................
................................................................
................................................................
................................................................
................................................................
................................................................
................................................................
................................................................
................................................................
................................................................
................................................................
................................................................
................................................................
................................................................
................................................................
................................................................
................................................................
................................................................
................................................................
................................................................
................................................................
................................................................
................................................................
................................................................
................................................................
................................................................
................................................................
................................................................
................................................................
................................................................
................................................................
................................................................
................................................................
................................................................
................................................................
................................................................
................................................................
................................................................
................................................................
................................................................
................................................................
................................................................
................................................................
................................................................
................................................................
................................................................
................................................................
................................................................
................................................................
................................................................
Agents:
34
0,1,36,22,43
1,24,49,19,59
2,3,34,1,58
3,42,63,56,12
4,62,47,36,32
5,30,9,59,30
6,29,25,24,14
7,34,11,55,43
8,15,0,48,22
9,11,47,50,0
10,51,9,58,8
11,56,57,62,37
12,12,2,55,56
13,6,13,50,39
14,0,1,35,24
15,17,51,59,57
16,5,29,9,26
17,5,28,5,17
18,38,58,30,7
19,35,0,45,33
20,15,46,1,20
21,36,22,0,42
22,19,12,51,60
23,31,3,57,34
24,38,34,34,32
25,42,16,30,43
26,7,0,27,15
27,37,56,19,45
28,44,31,16,13
29,36,1,51,5
30,27,28,46,13
31,63,60,62,2
32,30,43,52,19
33,3,0,35,20
