2
Grid:
64,64
................................................................
................................................................
................................................................
................................................................
................................................................
................................................................
................................................................
................................................................
................................................................
................................................................
................................................................
................................................................
................................................................
................................................................
................................................................
................................................................
................................................................
................................................................
................................................................
................................................................
................................................................
................................................................
................................................................
................................................................
................................................................
................................................................
................................................................
................................................................
................................................................
................................................................
................................................................
................................................................
................................................................
................................................................
................................................................
................................................................
................................................................
................................................................
................................................................
................................................................
................................................................
................................................................
................................................................
................................................................
................................................................
................................................................
................................................................
................................................................
................................................................
................................................................
................................................................
................................................................
................................................................
................................................................
................................................................
................................................................
................................................................
................................................................
................................................................
................................................................
................................................................
................................................................
................................................................
................................................................
Agents:
140
0,25,4,12,42
1,29,5,2,28
2,62,4,21,35
3,13,5,30,41
4,39,25,23,49
5,50,40,26,2
6,31,58,6,21
7,39,41,58,48
8,23,17,19,51
9,49,61,35,21
10,43,5,23,62
11,25,12,52,55
12,22,47,47,29
13,31,63,59,4
14,49,55,40,3
15,55,18,4,9
16,36,24,46,6
17,26,17,27,11
18,43,40,48,29
19,47,62,24,39
20,34,59,28,22
21,37,48,50,52
22,21,15,11,35
23,21,9,28,31
24,58,21,56,59
25,37,28,53,6
26,10,55,47,34
27,36,19,30,37
28,42,17,49,8
29,47,15,46,9
30,37,14,23,46
31,20,48,24,14
32,33,31,28,44
33,3,6,11,10
34,31,21,49,5
35,61,47,49,34
36,34,51,39,13
37,26,48,43,7
38,32,40,6,57
39,54,7,52,53
40,25,21,15,63
41,5,27,23,40
42,17,27,39,30
43,8,44,43,15
44,52,6,52,31
45,39,26,14,30
46,57,31,4,8
47,24,20,29,16
48,38,53,33,59
49,14,54,54,50
50,11,14,55,13
51,41,36,13,11
52,24,54,22,28
53,57,22,53,54
54,28,51,42,10
55,51,1,27,39
56,26,39,20,16
57,54,15,48,35
58,8,57,3,41
59,30,5,42,4
60,23,23,6,30
61,18,25,48,10
62,46,34,27,20
63,53,2,41,24
64,26,5,32,42
65,10,43,55,20
66,25,0,60,47
67,60,10,55,46
68,44,33,6,3
69,2,27,13,37
70,34,49,60,58
71,15,0,59,56
72,18,37,1,61
73,63,17,30,38
74,41,9,61,12
75,12,45,36,39
76,22,9,32,5
77,31,51,19,56
78,60,16,26,32
79,53,54,26,35
80,0,54,1,40
81,59,23,50,62
82,41,8,8,20
83,40,26,5,14
84,43,43,21,2
85,35,38,43,8
86,54,3,5,7
87,35,37,60,62
88,7,18,44,27
89,6,9,13,20
90,34,35,8,39
91,25,17,7,29
92,57,28,17,63
93,20,16,45,43
94,33,8,27,61
95,14,27,18,59
96,43,12,34,1
97,26,43,13,19
98,54,56,30,24
99,22,10,0,6
100,61,37,62,60
101,38,61,14,54
102,38,37,51,7
103,55,19,63,9
104,37,57,12,17
105,44,41,13,58
106,9,44,47,32
107,19,29,14,28
108,29,42,0,14
109,29,13,40,20
110,51,23,40,12
111,57,35,37,24
112,29,7,54,27
113,59,41,30,61
114,41,55,49,27
115,60,60,6,8
116,11,61,15,30
117,61,27,14,29
118,42,19,45,26
119,37,1,48,37
120,42,39,45,16
121,28,37,25,41
122,18,63,45,59
123,56,61,41,50
124,14,11,47,30
125,26,9,25,63
126,22,37,4,42
127,43,3,41,15
128,32,31,35,10
129,42,13,36,7
130,42,46,25,42
131,10,29,60,2
132,45,13,57,6
133,32,21,9,5
134,32,1,20,28
135,0,9,47,9
136,39,50,22,0
137,44,18,17,15
138,6,55,4,23
139,52,59,39,6
