1
Grid:
64,64
................................................................
................................................................
................................................................
................................................................
................................................................
................................................................
................................................................
................................................................
................................................................
................................................................
................................................................
................................................................
................................................................
................................................................
................................................................
................................................................
................................................................
................................................................
................................................................
................................................................
................................................................
................................................................
................................................................
................................................................
................................................................
................................................................
................................................................
................................................................
................................................................
................................................................
................................................................
................................................................
................................................................
................................................................
................................................................
................................................................
................................................................
................................................................
................................................................
................................................................
................................................................
................................................................
................................................................
................................................................
................................................................
................................................................
................................................................
................................................................
................................................................
................................................................
................................................................
................................................................
................................................................
................................................................
................................................................
................................................................
................................................................
................................................................
................................................................
................................................................
................................................................
................................................................
................................................................
................................................................
Agents:
46
0,44,2,52,10
1,33,7,23,37
2,39,49,44,57
3,59,27,46,23
4,40,31,56,41
5,60,44,19,59
6,43,19,7,17
7,57,47,34,35
8,56,3,7,15
9,48,46,30,5
10,12,25,52,49
11,40,26,24,8
12,48,52,20,29
13,33,59,30,44
14,54,57,3,7
15,20,16,18,26
16,20,18,50,36
17,16,41,28,29
18,25,20,44,49
19,7,20,32,34
20,13,12,52,45
21,47,52,22,52
22,52,41,54,40
23,32,21,58,9
24,42,45,47,55
25,57,56,42,32
26,24,5,11,40
27,17,19,21,52
28,26,7,34,52
29,22,50,3,56
30,15,0,1,57
31,37,47,31,36
32,10,44,54,6
33,24,24,0,16
34,3,15,29,62
35,21,35,53,36
36,59,28,38,17
37,33,63,28,1
38,41,51,3,11
39,37,6,51,43
40,20,12,47,12
41,16,9,4,57
42,63,28,10,16
43,55,14,31,63
44,1,60,4,27
45,14,18,60,51
