2
Grid:
64,64
................................................................
................................................................
................................................................
................................................................
................................................................
................................................................
................................................................
................................................................
................................................................
................................................................
................................................................
................................................................
................................................................
................................................................
................................................................
................................................................
................................................................
................................................................
................................................................
................................................................
................................................................
................................................................
................................................................
................................................................
................................................................
................................................................
................................................................
................................................................
................................................................
................................................................
................................................................
................................................................
................................................................
................................................................
................................................................
................................................................
................................................................
................................................................
................................................................
................................................................
................................................................
................................................................
................................................................
................................................................
................................................................
................................................................
................................................................
................................................................
................................................................
................................................................
................................................................
................................................................
................................................................
................................................................
................................................................
................................................................
................................................................
................................................................
................................................................
................................................................
................................................................
................................................................
................................................................
................................................................
Agents:
48
0,31,23,47,58
1,60,43,19,31
2,3,52,23,21
3,30,49,13,13
4,36,8,30,26
5,12,57,44,27
6,34,9,31,40
7,22,45,48,49
8,41,7,2,30
9,48,57,51,43
10,31,10,26,19
11,25,5,23,51
12,49,44,22,18
13,35,56,34,50
14,59,28,27,24
15,19,29,56,7
16,12,55,31,46
17,55,60,61,11
18,25,31,37,9
19,43,13,12,56
20,55,18,19,52
21,23,15,31,44
22,16,41,27,18
23,2,8,20,49
24,61,40,27,37
25,15,43,62,42
26,50,33,9,13
27,21,20,24,41
28,61,55,28,46
29,58,22,17,38
30,17,37,18,21
31,54,7,46,25
32,53,47,13,18
33,44,42,56,19
34,18,26,3,5
35,20,10,1,20
36,27,35,47,57
37,1,12,3,55
38,51,10,8,26
39,52,7,11,14
40,42,27,61,58
41,58,19,59,54
42,13,39,59,14
43,42,43,55,57
44,34,34,42,23
45,63,34,31,34
46,37,21,29,8
47,59,18,3,8
