2
Grid:
64,64
................................................................
................................................................
................................................................
................................................................
................................................................
................................................................
................................................................
................................................................
................................................................
................................................................
................................................................
................................................................
................................................................
................................................................
................................................................
................................................................
................................................................
................................................................
................................................................
................................................................
................................................................
................................................................
................................................................
................................................................
................................................................
................................................................
................................................................
................................................................
................................................................
................................................................
................................................................
................................................................
................................................................
................................................................
................................................................
................................................................
................................................................
................................................................
................................................................
................................................................
................................................................
................................................................
................................................................
................................................................
................................................................
................................................................
................................................................
................................................................
................................................................
................................................................
................................................................
................................................................
................................................................
................................................................
................................................................
................................................................
................................................................
................................................................
................................................................
................................................................
................................................................
................................................................
................................................................
................................................................
Agents:
204
0,12,38,22,18
1,28,37,29,59
2,12,42,27,7
3,60,53,44,2
4,43,24,28,13
5,40,12,34,33
6,14,13,62,53
7,36,17,62,2
8,63,17,52,44
9,33,60,18,9
10,7,39,44,54
11,42,31,33,27
12,48,57,25,10
13,53,53,51,34
14,17,26,49,11
15,33,10,40,58
16,6,54,47,55
17,18,47,9,60
18,3,24,40,55
19,20,42,5,48
20,30,11,48,9
21,9,58,19,50
22,34,61,49,1
23,37,13,22,32
24,48,27,26,60
25,23,5,16,28
26,2,59,59,31
27,45,37,32,37
28,60,60,56,30
29,53,19,26,45
30,53,7,16,4
31,54,30,46,54
32,5,24,49,18
33,59,53,37,41
34,14,38,20,58
35,61,55,22,48
36,30,59,40,25
37,29,48,29,15
38,61,50,54,42
39,19,39,8,47
40,4,54,29,31
41,2,28,21,25
42,7,11,30,25
43,8,44,50,29
44,50,6,51,48
45,35,1,57,36
46,53,23,14,37
47,39,55,48,47
48,3,4,39,29
49,55,13,11,37
50,18,59,49,38
51,13,48,30,60
52,8,11,2,25
53,28,50,52,39
54,7,12,62,3
55,63,2,24,7
56,63,13,34,53
57,2,45,28,48
58,14,26,42,38
59,22,58,58,39
60,15,14,36,38
61,2,7,10,4
62,3,59,37,13
63,19,37,29,1
64,44,56,41,45
65,59,5,8,28
66,21,9,24,30
67,40,17,18,14
68,19,60,31,49
69,46,22,38,41
70,36,38,24,15
71,6,33,22,2
72,1,39,53,42
73,20,57,45,31
74,41,41,59,2
75,45,61,39,11
76,61,4,53,53
77,57,5,34,3
78,45,12,16,54
79,8,21,0,11
80,30,33,60,54
81,31,7,54,8
82,7,58,54,37
83,56,56,3,46
84,5,61,6,36
85,6,26,52,45
86,11,57,49,62
87,41,27,55,51
88,1,33,34,30
89,58,26,26,37
90,50,26,32,49
91,60,3,63,61
92,10,61,13,27
93,8,16,42,15
94,16,35,58,33
95,35,6,44,46
96,51,25,10,7
97,56,3,8,34
98,7,62,18,47
99,25,7,25,33
100,47,28,56,4
101,52,44,36,20
102,34,19,60,33
103,49,4,27,18
104,27,30,4,34
105,3,12,18,28
106,18,45,34,59
107,34,4,47,20
108,37,28,25,8
109,61,9,63,14
110,49,39,27,60
111,40,33,33,15
112,25,0,57,13
113,39,50,15,61
114,1,38,11,30
115,19,2,41,54
116,8,50,46,16
117,42,21,11,58
118,37,16,27,54
119,32,55,36,59
120,12,4,9,6
121,53,49,29,56
122,31,23,15,26
123,52,5,52,3
124,54,52,11,0
125,29,43,17,47
126,1,16,40,59
127,21,7,2,32
128,52,19,54,61
129,18,34,43,24
130,43,62,8,33
131,2,52,34,8
132,10,1,14,62
133,4,31,60,50
134,30,20,19,10
135,61,45,0,46
136,50,54,6,17
137,2,1,27,52
138,11,33,52,36
139,60,13,41,48
140,8,40,45,34
141,0,55,10,46
142,29,35,23,52
143,33,18,49,31
144,62,62,21,55
145,11,13,54,44
146,1,0,18,51
147,39,29,20,30
148,19,20,61,28
149,2,41,32,36
150,48,60,62,43
151,18,39,63,47
152,21,61,52,6
153,16,16,20,28
154,22,9,50,30
155,2,53,6,20
156,44,34,27,28
157,0,12,55,14
158,2,31,57,21
159,43,12,13,18
160,22,60,20,24
161,58,47,6,9
162,44,49,23,13
163,15,36,30,36
164,46,55,30,56
165,31,18,39,62
166,55,63,62,50
167,56,4,3,27
168,36,53,42,32
169,13,35,62,0
170,1,45,40,19
171,40,1,19,63
172,10,11,26,44
173,20,4,9,61
174,29,7,62,51
175,17,34,47,34
176,62,8,13,37
177,50,51,3,2
178,1,35,39,5
179,58,35,24,29
180,46,44,35,55
181,34,31,51,2
182,42,48,11,25
183,62,45,40,9
184,42,59,59,30
185,39,12,15,33
186,18,7,42,21
187,11,41,20,12
188,20,56,16,36
189,36,33,28,47
190,29,10,52,23
191,7,38,3,25
192,37,61,57,61
193,19,47,36,61
194,59,41,24,56
195,53,21,40,29
196,10,8,45,48
197,23,26,44,0
198,13,39,6,23
199,26,33,58,22
200,31,5,18,55
201,15,55,49,57
202,60,9,24,11
203,31,9,15,56
