1
Grid:
64,64
................................................................
................................................................
................................................................
................................................................
................................................................
................................................................
................................................................
................................................................
................................................................
................................................................
................................................................
................................................................
................................................................
................................................................
................................................................
................................................................
................................................................
................................................................
................................................................
................................................................
................................................................
................................................................
................................................................
................................................................
................................................................
................................................................
................................................................
................................................................
................................................................
................................................................
................................................................
................................................................
................................................................
................................................................
................................................................
................................................................
................................................................
................................................................
................................................................
................................................................
................................................................
................................................................
................................................................
................................................................
................................................................
................................................................
................................................................
................................................................
................................................................
................................................................
................................................................
................................................................
................................................................
................................................................
................................................................
................................................................
................................................................
................................................................
................................................................
................................................................
................................................................
................................................................
................................................................
................................................................
Agents:
88
0,4,4,55,31
1,9,31,44,38
2,1,2,53,32
3,27,18,32,45
4,51,40,60,2
5,5,28,56,43
6,30,51,41,23
7,11,20,17,55
8,30,17,38,37
9,16,28,45,36
10,39,51,36,54
11,22,3,4,60
12,16,9,35,41
13,58,42,58,28
14,30,37,27,2
15,18,58,10,16
16,4,55,34,4
17,6,45,20,44
18,30,62,22,38
19,45,20,33,47
20,45,60,58,16
21,31,50,62,55
22,39,20,16,5
23,32,32,31,27
24,49,22,39,12
25,58,18,32,61
26,42,27,31,15
27,32,17,40,62
28,45,5,30,22
29,14,56,40,40
30,7,49,19,63
31,52,13,31,22
32,22,10,49,34
33,24,38,9,11
34,45,29,39,53
35,54,31,14,23
36,36,59,19,49
37,46,43,49,57
38,20,36,35,27
39,28,60,35,46
40,40,26,37,27
41,57,7,57,39
42,42,63,61,63
43,16,40,8,40
44,22,53,4,44
45,0,24,10,28
46,47,52,4,23
47,13,60,4,42
48,8,17,19,57
49,28,29,46,20
50,59,57,16,17
51,50,19,5,11
52,32,27,40,12
53,46,46,34,52
54,44,53,30,60
55,61,9,14,57
56,41,18,63,34
57,16,45,23,1
58,56,44,26,11
59,35,23,54,28
60,58,47,43,40
61,16,56,22,28
62,29,29,6,59
63,47,48,44,6
64,46,50,37,26
65,34,2,4,17
66,7,63,36,42
67,0,46,61,62
68,39,37,5,31
69,39,15,11,20
70,16,33,16,63
71,60,32,61,43
72,55,55,36,53
73,47,29,20,27
74,36,31,51,11
75,3,27,47,26
76,46,5,60,14
77,34,12,6,56
78,41,58,5,48
79,54,3,41,61
80,43,62,12,22
81,0,57,45,16
82,1,42,5,20
83,17,33,20,13
84,5,18,37,29
85,4,19,22,61
86,6,24,23,32
87,50,47,19,24
