1
Grid:
64,64
................................................................
................................................................
................................................................
................................................................
................................................................
................................................................
................................................................
................................................................
................................................................
................................................................
................................................................
................................................................
................................................................
................................................................
................................................................
................................................................
................................................................
................................................................
................................................................
................................................................
................................................................
................................................................
................................................................
................................................................
................................................................
................................................................
................................................................
................................................................
................................................................
................................................................
................................................................
................................................................
................................................................
................................................................
................................................................
................................................................
................................................................
................................................................
................................................................
................................................................
................................................................
................................................................
................................................................
................................................................
................................................................
................................................................
................................................................
................................................................
................................................................
................................................................
................................................................
................................................................
................................................................
................................................................
................................................................
................................................................
................................................................
................................................................
................................................................
................................................................
................................................................
................................................................
................................................................
................................................................
Agents:
146
0,32,34,46,53
1,58,12,10,63
2,33,34,19,59
3,60,7,33,16
4,51,19,11,51
5,18,34,18,40
6,7,37,55,55
7,17,13,3,9
8,63,42,44,41
9,40,19,27,31
10,38,13,27,3
11,52,51,23,29
12,54,9,31,39
13,3,14,5,48
14,1,7,0,1
15,5,26,55,38
16,23,20,4,8
17,54,59,2,28
18,24,4,8,38
19,55,27,28,28
20,26,37,44,51
21,54,33,28,54
22,48,4,61,4
23,58,28,14,36
24,9,34,51,35
25,17,51,42,37
26,24,43,12,45
27,3,19,38,61
28,45,6,36,1
29,22,24,11,14
30,30,45,25,28
31,6,43,19,12
32,14,55,16,46
33,11,50,31,48
34,47,21,8,50
35,53,59,19,38
36,50,12,14,55
37,56,0,58,22
38,22,19,63,32
39,3,49,2,54
40,15,38,20,60
41,4,30,16,3
42,54,18,12,43
43,1,44,42,30
44,17,35,48,23
45,13,18,31,6
46,46,31,25,23
47,60,45,0,8
48,31,10,15,59
49,18,56,58,23
50,56,7,35,2
51,45,51,63,55
52,45,22,57,15
53,0,11,51,8
54,50,2,59,8
55,60,26,27,0
56,3,36,51,15
57,8,56,3,30
58,40,40,18,53
59,53,60,50,55
60,53,31,58,47
61,33,12,26,20
62,8,34,29,50
63,12,18,63,16
64,16,11,53,31
65,33,11,40,27
66,57,7,40,42
67,56,16,0,2
68,49,31,24,27
69,17,54,20,39
70,57,14,40,31
71,38,51,7,59
72,15,9,28,30
73,23,3,32,1
74,4,55,13,17
75,20,22,56,32
76,2,24,37,20
77,38,33,7,49
78,43,10,59,30
79,9,45,45,46
80,59,39,47,9
81,33,48,3,27
82,26,55,25,33
83,43,1,61,58
84,0,24,63,15
85,54,22,12,32
86,42,63,52,54
87,38,18,26,50
88,37,20,59,1
89,19,3,47,16
90,59,12,52,25
91,7,42,11,26
92,54,42,22,7
93,8,32,47,8
94,33,22,33,39
95,37,38,51,49
96,21,35,62,14
97,59,17,29,47
98,44,53,49,25
99,25,23,2,25
100,30,21,0,16
101,3,44,63,45
102,0,62,14,44
103,43,3,14,39
104,50,19,14,3
105,59,23,23,10
106,55,6,27,34
107,50,46,61,18
108,32,55,47,32
109,58,48,62,53
110,47,10,8,52
111,31,41,13,47
112,50,16,6,21
113,0,7,17,52
114,4,20,27,54
115,37,48,43,18
116,59,60,10,31
117,36,37,39,52
118,8,26,2,11
119,42,55,30,25
120,62,5,37,44
121,46,13,49,31
122,26,13,55,22
123,47,15,13,24
124,49,12,39,63
125,49,53,51,29
126,59,41,11,60
127,39,20,7,2
128,54,26,3,53
129,57,47,19,52
130,62,36,0,54
131,62,29,50,39
132,46,11,13,3
133,27,58,48,1
134,38,5,36,30
135,12,2,45,10
136,49,41,7,43
137,27,18,51,40
138,14,37,45,62
139,33,49,33,62
140,21,56,7,13
141,35,47,38,44
142,53,18,33,25
143,20,16,62,9
144,47,45,26,15
145,33,58,11,48
