4
Grid:
64,64
................................................................
................................................................
................................................................
................................................................
................................................................
................................................................
................................................................
................................................................
................................................................
................................................................
................................................................
................................................................
................................................................
................................................................
................................................................
................................................................
................................................................
................................................................
................................................................
................................................................
................................................................
................................................................
................................................................
................................................................
................................................................
................................................................
................................................................
................................................................
................................................................
................................................................
................................................................
................................................................
................................................................
................................................................
................................................................
................................................................
................................................................
................................................................
................................................................
................................................................
................................................................
................................................................
................................................................
................................................................
................................................................
................................................................
................................................................
................................................................
................................................................
................................................................
................................................................
................................................................
................................................................
................................................................
................................................................
................................................................
................................................................
................................................................
................................................................
................................................................
................................................................
................................................................
................................................................
................................................................
Agents:
50
0,4,58,23,54
1,29,25,26,34
2,14,54,9,10
3,52,57,21,54
4,0,35,47,5
5,62,48,43,29
6,0,57,15,58
7,45,38,32,43
8,35,17,54,4
9,41,21,28,49
10,27,20,29,21
11,2,19,7,5
12,15,47,5,51
13,53,16,1,37
14,1,0,10,17
15,26,50,0,50
16,55,33,26,18
17,62,37,22,36
18,0,42,61,53
19,40,3,7,18
20,32,14,7,4
21,14,14,50,48
22,61,36,9,13
23,46,11,56,1
24,51,5,38,23
25,16,32,62,41
26,23,46,2,56
27,17,47,10,32
28,56,9,20,19
29,10,30,49,38
30,1,35,49,12
31,56,63,12,3
32,8,11,47,23
33,56,30,54,33
34,58,8,56,41
35,38,57,35,40
36,41,38,5,35
37,53,13,41,1
38,6,51,36,40
39,21,43,35,33
40,1,42,6,15
41,29,60,48,0
42,48,58,11,16
43,27,9,56,26
44,16,15,2,31
45,45,54,3,45
46,31,9,17,1
47,2,60,46,46
48,22,14,62,45
49,6,49,24,30
