0
Grid:
64,64
................................................................
................................................................
................................................................
................................................................
................................................................
................................................................
................................................................
................................................................
................................................................
................................................................
................................................................
................................................................
................................................................
................................................................
................................................................
................................................................
................................................................
................................................................
................................................................
................................................................
................................................................
................................................................
................................................................
................................................................
................................................................
................................................................
................................................................
................................................................
................................................................
................................................................
................................................................
................................................................
................................................................
................................................................
................................................................
................................................................
................................................................
................................................................
................................................................
................................................................
................................................................
................................................................
................................................................
................................................................
................................................................
................................................................
................................................................
................................................................
................................................................
................................................................
................................................................
................................................................
................................................................
................................................................
................................................................
................................................................
................................................................
................................................................
................................................................
................................................................
................................................................
................................................................
................................................................
................................................................
Agents:
80
0,52,48,45,18
1,14,35,48,48
2,12,59,7,9
3,14,49,43,30
4,4,41,47,41
5,63,56,49,61
6,32,31,31,55
7,57,56,22,33
8,57,51,16,51
9,36,21,25,54
10,30,51,17,2
11,14,29,30,5
12,46,15,0,33
13,16,43,5,61
14,52,22,0,39
15,37,8,17,15
16,1,39,42,38
17,28,17,24,24
18,26,6,12,43
19,47,5,34,11
20,50,49,11,61
21,47,33,22,32
22,12,58,21,48
23,44,55,2,35
24,61,22,35,4
25,42,45,30,40
26,15,28,9,22
27,53,1,55,36
28,34,48,11,25
29,52,60,39,38
30,43,34,59,40
31,61,45,58,2
32,3,54,23,16
33,54,56,45,38
34,2,40,31,44
35,4,30,30,15
36,35,45,47,15
37,3,44,50,29
38,17,52,11,2
39,34,25,23,0
40,46,30,31,53
41,44,56,59,60
42,56,37,29,9
43,50,27,22,1
44,46,41,36,51
45,17,50,58,35
46,26,15,2,26
47,51,2,16,48
48,30,22,16,52
49,3,52,31,39
50,52,20,42,12
51,56,54,20,39
52,41,48,29,36
53,57,7,24,38
54,61,53,20,49
55,31,0,50,44
56,25,17,54,9
57,52,31,26,31
58,1,11,62,62
59,61,17,31,5
60,5,38,57,9
61,58,52,50,22
62,34,17,3,61
63,4,19,6,49
64,57,1,62,46
65,14,58,54,18
66,48,46,15,41
67,36,25,63,60
68,37,54,19,35
69,14,7,26,60
70,43,43,0,15
71,30,56,28,3
72,10,17,56,4
73,25,8,55,55
74,27,20,62,15
75,1,18,43,48
76,24,49,19,7
77,46,14,11,29
78,26,3,55,8
79,20,24,33,48
