0
Grid:
20,20
...@...............@
..@@.......@........
....@..............@
.......@........@...
@...................
@...................
...@@.....@@........
..........@.......@.
....@@.............@
.....@..............
.@......@.@......@@.
....................
...........@.......@
.......@...........@
.@...............@..
....@....@.......@..
...............@...@
....@@..............
....................
.....@..............
Agents:
40
0,12,4,4,3
1,8,1,12,5
2,4,1,1,17
3,18,12,18,3
4,12,6,4,1
5,8,8,0,8
6,9,13,5,12
7,13,10,7,1
8,4,4,7,3
9,4,17,0,11
10,1,5,9,9
11,8,7,9,7
12,14,19,17,3
13,6,15,9,12
14,12,5,3,13
15,19,19,3,9
16,16,17,14,14
17,8,15,16,0
18,6,1,1,16
19,2,1,19,10
20,18,7,16,18
21,8,13,5,5
22,18,17,7,8
23,14,7,7,14
24,0,11,11,6
25,12,15,3,18
26,1,19,13,13
27,5,17,6,5
28,17,19,16,13
29,16,3,12,7
30,11,8,11,9
31,11,2,14,12
32,16,8,19,15
33,11,0,18,10
34,2,7,2,5
35,9,6,3,6
36,11,12,14,5
37,16,11,12,9
38,13,5,8,17
39,5,10,17,16
