3
Grid:
20,20
.............@......
....................
..............@.....
@...@...............
....@.@........@....
.............@.@@...
@...........@.....@.
..............@..@..
.@.........@........
.....@...@........@.
..@...........@.....
..........@.........
........@..@...@...@
..................@.
......@..@..........
.@.................@
@.@.................
@..@........@...@...
@.@.................
....................
Agents:
75
0,13,11,11,1
1,19,17,17,17
2,6,2,7,5
3,13,0,1,11
4,5,17,13,13
5,16,9,0,16
6,1,12,18,7
7,10,1,3,3
8,7,15,8,6
9,6,11,5,4
10,12,10,17,11
11,13,14,4,1
12,16,6,1,1
13,5,0,5,17
14,13,8,2,6
15,8,14,6,6
16,13,19,2,3
17,16,11,12,9
18,5,5,7,13
19,15,18,2,10
20,4,3,19,14
21,7,7,16,9
22,1,16,3,16
23,5,14,15,10
24,3,2,19,12
25,17,4,0,2
26,0,0,19,10
27,17,13,19,4
28,7,16,11,9
29,9,1,12,3
30,15,2,17,10
31,6,17,12,16
32,10,0,10,5
33,3,18,1,9
34,14,15,5,2
35,10,12,16,8
36,8,8,8,4
37,12,6,19,2
38,7,11,18,13
39,16,3,13,8
40,15,11,7,2
41,10,4,1,19
42,7,13,4,0
43,7,18,1,16
44,9,2,0,5
45,8,15,2,12
46,10,10,15,11
47,1,5,10,15
48,6,4,16,4
49,10,5,7,10
50,8,2,10,1
51,14,8,13,10
52,11,9,0,8
53,1,1,18,12
54,9,17,9,7
55,11,17,10,10
56,2,13,14,1
57,10,15,17,8
58,5,7,10,13
59,4,13,13,0
60,4,1,4,19
61,4,5,5,18
62,8,10,18,15
63,15,12,17,9
64,17,2,8,16
65,11,6,8,13
66,9,11,12,18
67,9,7,15,9
68,7,8,11,4
69,11,19,19,6
70,14,13,9,0
71,17,6,1,14
72,16,8,9,17
73,13,6,13,12
74,7,10,19,11
