4
Grid:
20,20
.......@.@.......@.@
@...@.......@.@..@..
.......@........@..@
...............@....
....@..@............
....................
@...@...............
...@@.............@.
........@..@........
.............@......
.............@......
........@...@.......
.@..@...........@...
@...................
........@......@@...
.....@.........@....
......@@.@....@.....
....................
....@...............
....................
Agents:
55
0,12,18,15,2
1,5,8,10,15
2,10,16,1,10
3,3,12,5,10
4,2,2,7,17
5,3,10,10,7
6,14,3,2,13
7,1,19,15,3
8,3,7,5,13
9,7,15,15,11
10,1,9,3,17
11,3,3,14,17
12,14,4,1,19
13,12,12,15,7
14,11,14,3,16
15,9,0,11,10
16,2,4,19,16
17,2,11,3,14
18,8,19,4,12
19,2,3,12,10
20,3,9,7,2
21,8,10,14,6
22,17,11,11,1
23,7,8,10,1
24,4,6,2,8
25,9,12,6,2
26,1,3,7,15
27,14,2,3,12
28,13,6,19,10
29,4,11,10,14
30,0,8,8,4
31,17,19,16,16
32,0,16,14,11
33,19,8,17,6
34,6,14,0,11
35,6,1,9,2
36,4,2,13,10
37,9,17,17,1
38,15,17,5,12
39,19,19,11,13
40,18,1,5,15
41,14,10,7,13
42,2,14,14,18
43,11,9,13,5
44,9,3,7,12
45,11,10,4,19
46,7,1,15,12
47,19,2,2,14
48,17,0,6,8
49,7,9,3,7
50,0,3,7,7
51,7,17,4,14
52,18,19,6,11
53,14,1,4,2
54,13,17,18,2
