7
Grid:
20,20
@...............@...
....................
@...........@.......
....@....@.......@..
...@..............@.
...........@@@......
..............@.....
.....@......@....@..
..............@...@.
..................@.
............@.......
.......@............
.......@..@......@..
....@...............
.............@...@..
@.@......@.....@....
................@...
...@......@.........
..@.@.....@.........
......@.......@..@..
Agents:
45
0,0,9,17,9
1,17,2,18,15
2,16,18,16,11
3,15,5,10,10
4,2,19,3,7
5,12,1,18,8
6,2,6,6,17
7,15,18,16,18
8,13,12,10,4
9,2,8,6,15
10,18,12,7,6
11,1,8,13,19
12,7,10,5,18
13,6,17,0,18
14,6,2,2,1
15,15,4,9,1
16,10,13,1,7
17,7,0,10,14
18,1,0,8,9
19,3,7,11,17
20,15,13,19,16
21,19,12,11,3
22,18,6,4,14
23,14,12,17,12
24,15,14,17,5
25,3,12,2,9
26,16,5,17,7
27,18,8,12,16
28,7,8,5,14
29,14,6,7,9
30,11,18,9,0
31,19,19,3,10
32,4,7,10,8
33,10,8,2,7
34,19,15,5,6
35,17,13,3,2
36,8,15,16,17
37,13,5,11,2
38,13,9,6,7
39,10,1,12,14
40,2,11,19,5
41,19,2,8,11
42,8,5,3,19
43,14,18,17,4
44,12,12,13,16
