8
Grid:
20,20
..@.@....@..........
......@.............
...@..........@...@.
..................@.
.......@@...........
......@.............
......@....@......@.
....................
@...........@.@..@..
....@............@..
.@..................
@.......@@.......@@.
......@.............
...@...@............
........@...........
..@..@.........@...@
......@.............
..................@@
..@...........@.....
..............@.....
Agents:
80
0,0,15,2,1
1,3,15,6,13
2,18,8,2,0
3,16,8,5,14
4,11,11,11,2
5,13,9,19,16
6,13,19,18,8
7,7,19,13,17
8,19,1,4,5
9,15,7,14,0
10,11,1,9,16
11,17,10,17,9
12,15,14,16,16
13,13,11,14,15
14,6,19,10,2
15,12,18,2,8
16,3,5,7,18
17,5,16,10,8
18,19,11,4,9
19,17,17,17,3
20,0,19,0,18
21,4,6,14,5
22,13,1,14,4
23,10,8,18,5
24,12,12,12,17
25,7,13,14,6
26,4,2,0,10
27,17,8,1,11
28,13,2,6,4
29,14,0,5,10
30,5,13,16,1
31,16,14,3,15
32,1,11,16,17
33,19,8,8,18
34,6,12,6,0
35,6,3,14,2
36,5,8,4,13
37,1,18,16,11
38,7,0,10,19
39,10,9,6,14
40,1,3,16,7
41,18,10,9,11
42,3,0,8,11
43,14,1,17,7
44,10,4,11,12
45,8,3,12,15
46,8,9,5,16
47,3,4,5,2
48,19,7,3,3
49,6,16,18,10
50,3,6,1,3
51,7,18,3,1
52,12,8,11,7
53,14,6,15,11
54,18,4,12,12
55,6,14,4,3
56,18,16,4,16
57,11,2,7,10
58,9,3,13,6
59,12,1,5,17
60,3,9,13,16
61,7,4,16,19
62,0,7,17,11
63,15,0,13,18
64,6,4,9,5
65,16,1,13,14
66,14,19,12,18
67,13,10,2,19
68,7,8,12,11
69,17,2,10,16
70,3,2,7,7
71,1,16,13,10
72,5,11,4,15
73,9,5,12,3
74,7,14,7,17
75,19,9,12,14
76,15,9,18,17
77,10,12,7,5
78,15,17,5,5
79,16,18,5,11
