6
Grid:
20,20
....@...@...@..@....
..................@.
...............@....
...............@....
..........@.........
.@..............@...
.....@.@............
@.......@..@@...@...
......@....@........
...........@........
..................@.
....@..........@....
@........@..@....@..
.......@.........@..
....................
@........@@.........
@.@.................
..@@................
......@.@..........@
...........@........
Agents:
70
0,7,3,10,9
1,1,15,5,19
2,2,1,10,17
3,8,19,2,4
4,1,6,14,14
5,0,2,3,12
6,6,19,0,13
7,9,4,12,18
8,3,11,14,5
9,16,4,0,16
10,5,9,12,11
11,6,3,19,5
12,10,12,17,18
13,19,9,11,2
14,5,7,7,18
15,2,4,13,18
16,19,3,1,4
17,9,3,15,17
18,3,17,13,14
19,3,12,19,17
20,8,5,4,3
21,12,5,4,8
22,14,3,8,18
23,18,12,18,12
24,10,16,2,18
25,1,13,16,17
26,19,1,15,19
27,19,5,2,13
28,12,3,13,8
29,15,19,15,4
30,17,1,15,15
31,18,9,10,13
32,14,1,3,8
33,1,1,9,4
34,17,15,17,5
35,5,17,10,14
36,14,4,14,10
37,12,16,3,2
38,3,19,5,18
39,5,4,4,2
40,1,19,2,10
41,0,14,15,6
42,8,3,16,19
43,7,18,9,19
44,15,7,16,18
45,0,1,17,10
46,9,17,4,13
47,17,19,16,4
48,11,18,14,9
49,4,3,6,16
50,0,18,8,1
51,6,4,11,7
52,11,19,3,19
53,15,17,8,5
54,15,13,11,6
55,2,0,7,10
56,6,2,3,16
57,12,13,16,12
58,8,7,6,2
59,3,4,11,10
60,17,14,8,0
61,18,3,11,14
62,7,7,6,6
63,0,17,16,5
64,19,2,19,15
65,7,10,1,19
66,0,3,1,7
67,11,8,8,2
68,2,17,13,15
69,12,7,1,14
