1
Grid:
20,20
......@....@.....@..
....@...............
.........@...@....@@
...@....@...........
...@................
......@......@......
@.....@.........@...
.........@..........
@..@.....@..@.@@..@.
......@.............
.@......@...........
....................
....................
....@.@...........@.
.@.....@............
.......@........@...
.......@............
@........@..........
.........@..........
...@.@..............
Agents:
55
0,13,12,19,2
1,9,13,3,0
2,13,1,14,8
3,15,14,1,5
4,14,12,10,17
5,2,16,10,6
6,12,5,5,16
7,10,18,6,4
8,9,15,18,8
9,4,15,3,18
10,5,9,4,5
11,6,10,10,10
12,2,4,10,15
13,5,14,18,2
14,15,15,12,4
15,13,19,7,2
16,14,10,14,15
17,18,0,15,0
18,3,4,17,11
19,17,3,13,16
20,1,16,17,13
21,18,13,4,10
22,4,4,17,5
23,14,4,10,0
24,12,3,11,10
25,10,0,7,8
26,7,8,14,6
27,1,13,13,3
28,1,12,4,11
29,10,14,10,5
30,4,18,17,2
31,10,17,3,15
32,16,4,2,10
33,6,2,15,6
34,7,18,10,18
35,12,8,6,19
36,14,2,9,8
37,14,11,8,7
38,1,9,18,3
39,18,1,5,7
40,16,18,16,18
41,12,14,6,3
42,17,7,13,1
43,12,0,4,13
44,2,11,16,1
45,10,19,12,14
46,17,12,19,11
47,11,13,1,3
48,16,12,12,19
49,14,19,2,7
50,7,15,0,14
51,17,18,18,1
52,19,9,11,2
53,1,17,14,19
54,11,11,13,12
