5
Grid:
20,20
..........@..@......
...@.@.......@......
.......@............
....@.....@.@.......
....................
......@........@.@..
.........@@.........
@..@.......@..@.....
..............@@....
..@.@..@.@..........
...............@....
......@.............
........@...........
..................@.
@@........@........@
.................@..
.......@.........@..
....................
@@...@..............
....@........@......
Agents:
75
0,5,16,18,19
1,5,11,2,17
2,19,1,5,8
3,3,17,2,15
4,8,10,17,13
5,15,10,19,2
6,10,3,9,0
7,12,7,17,17
8,7,19,17,1
9,1,6,5,11
10,8,3,14,2
11,13,17,11,1
12,9,17,12,0
13,15,9,13,4
14,18,19,7,2
15,8,11,0,6
16,4,14,10,7
17,6,1,9,11
18,14,8,11,18
19,15,6,1,15
20,14,13,7,9
21,5,5,5,2
22,0,15,18,8
23,16,19,2,8
24,7,1,16,10
25,17,1,13,6
26,1,18,11,13
27,11,5,5,5
28,7,4,19,15
29,10,17,15,7
30,19,18,18,6
31,0,5,4,16
32,15,8,8,10
33,12,19,3,14
34,8,7,7,16
35,10,18,9,3
36,2,2,11,12
37,4,13,10,9
38,19,12,4,17
39,15,19,2,18
40,5,2,17,15
41,16,4,13,1
42,11,15,1,12
43,17,9,18,4
44,18,3,8,4
45,0,17,2,12
46,14,6,8,11
47,0,7,13,19
48,7,8,9,8
49,13,9,13,2
50,11,13,17,9
51,3,18,6,15
52,14,18,12,14
53,6,14,11,7
54,12,16,18,14
55,1,16,4,8
56,17,16,0,18
57,2,18,8,18
58,17,5,3,0
59,8,17,16,0
60,11,7,3,2
61,13,16,2,10
62,13,12,14,14
63,0,19,7,17
64,14,9,12,18
65,4,17,19,0
66,5,8,11,8
67,19,3,7,7
68,10,10,7,1
69,5,14,8,1
70,0,3,13,9
71,15,18,13,3
72,2,0,12,7
73,18,15,5,3
74,6,13,14,18
