7
Grid:
20,20
...@..@......@....@.
@.........@.....@...
......@......@.....@
.......@............
....@...............
..@.....@..........@
...................@
@......@......@.....
...........@@.......
................@...
.....@......@.......
.................@..
..................@@
....................
.........@.....@....
...............@....
........@....@......
....................
.@...@@.............
..@.......@@...@..@.
Agents:
40
0,17,11,5,0
1,8,18,6,14
2,2,5,13,4
3,9,5,16,18
4,13,5,17,10
5,5,15,3,15
6,8,14,2,14
7,17,9,15,14
8,16,19,12,12
9,12,15,11,11
10,14,6,16,9
11,0,15,12,14
12,19,9,15,4
13,12,11,10,14
14,10,4,4,15
15,11,19,19,3
16,1,1,13,5
17,13,9,6,17
18,12,2,5,10
19,15,2,10,9
20,9,3,11,18
21,8,7,19,1
22,14,17,11,14
23,17,4,2,5
24,11,7,1,1
25,4,7,13,16
26,3,11,19,7
27,16,4,12,15
28,3,17,9,3
29,5,14,8,5
30,11,5,11,3
31,4,9,6,7
32,16,17,2,18
33,6,12,1,6
34,14,2,3,11
35,17,12,11,9
36,6,6,4,13
37,3,8,13,12
38,10,6,8,17
39,5,4,11,15
