0
Grid:
20,20
.............@.....@
.......@..@.........
..........@@....@...
.@..@......@........
....@..@.@..........
@....@........@....@
.....@........@.@...
....................
...............@.@..
.@.......@..........
....................
........@...........
........@...........
...........@........
.................@.@
...............@...@
......@.............
......@..@....@.....
@.@..@...@..........
..................@.
Agents:
75
0,13,19,17,3
1,3,12,8,7
2,9,15,1,1
3,16,14,8,4
4,2,13,1,13
5,7,2,16,4
6,9,0,10,4
7,11,5,7,6
8,5,4,11,10
9,8,19,5,10
10,15,13,12,2
11,19,14,14,15
12,10,12,14,2
13,11,4,8,16
14,11,2,7,9
15,6,3,11,12
16,2,6,16,17
17,10,15,1,8
18,6,9,7,13
19,12,9,12,13
20,16,4,0,2
21,16,13,5,4
22,11,19,12,5
23,7,13,11,19
24,10,14,4,8
25,3,10,4,5
26,13,14,9,11
27,2,18,8,12
28,2,5,14,7
29,15,5,18,1
30,18,15,8,5
31,6,6,5,11
32,17,16,9,7
33,0,12,15,5
34,16,17,2,7
35,9,17,1,11
36,2,0,14,1
37,3,18,10,9
38,18,14,3,16
39,7,11,3,7
40,8,10,14,18
41,6,8,19,16
42,9,12,1,0
43,14,16,11,0
44,13,18,10,10
45,1,4,17,12
46,16,18,3,14
47,0,9,13,15
48,12,7,5,6
49,12,2,6,6
50,6,7,1,2
51,10,10,1,9
52,19,5,0,14
53,6,4,7,19
54,14,14,5,8
55,15,8,15,3
56,12,3,7,5
57,15,10,6,11
58,17,7,0,12
59,7,19,19,4
60,19,7,16,11
61,13,16,1,12
62,18,8,15,18
63,11,10,11,18
64,19,11,1,16
65,7,17,2,5
66,1,3,9,2
67,7,3,1,5
68,19,15,14,10
69,2,8,2,4
70,12,18,13,4
71,7,1,6,4
72,9,2,13,12
73,5,3,10,13
74,5,15,2,1
