8
Grid:
20,20
...............@....
..@.................
............@.......
@...@.@......@@.....
...........@.@......
.......@....@.......
..@..@.@..........@@
....@.....@..@......
........@...........
..@.................
..................@.
.........@.......@..
@...................
@...@...........@...
...................@
@.........@.@..@....
.......@..@.........
..................@.
.......@.@..........
...........@........
Agents:
40
0,13,8,17,19
1,12,17,6,4
2,9,14,5,1
3,19,0,10,11
4,11,14,3,15
5,1,17,5,18
6,0,16,17,11
7,7,0,6,16
8,6,14,15,8
9,12,12,5,6
10,19,9,13,3
11,7,2,8,16
12,19,3,18,3
13,14,18,9,18
14,12,18,11,0
15,18,17,16,3
16,10,14,4,10
17,0,11,11,10
18,19,12,18,1
19,17,0,11,14
20,2,15,11,13
21,16,4,9,13
22,4,18,12,5
23,15,19,15,11
24,19,10,16,13
25,14,9,16,14
26,13,9,16,9
27,6,13,4,16
28,3,2,15,14
29,3,17,19,3
30,9,10,17,9
31,10,11,9,11
32,11,7,14,3
33,0,3,11,2
34,7,1,2,10
35,3,15,10,16
36,2,13,1,12
37,2,0,1,16
38,1,11,5,8
39,16,0,11,19
