4
Grid:
20,20
..@...@....@....@...
....................
........@...........
..@@..........@....@
........@....@......
@...@..........@....
...................@
@.......@.....@@@...
.....@....@.........
....................
........@@..........
...@...@..@.........
.@....@..@.........@
.....@..............
....................
....................
........@...........
@......@............
...@................
...@....@@........@.
Agents:
50
0,8,7,10,2
1,16,12,16,3
2,14,11,2,11
3,6,7,1,7
4,16,17,6,8
5,3,5,10,15
6,12,15,18,11
7,11,8,3,4
8,0,18,18,9
9,7,17,1,15
10,4,1,4,15
11,8,19,19,15
12,18,9,9,13
13,12,5,15,16
14,16,15,2,5
15,4,14,7,3
16,19,4,18,16
17,13,15,5,16
18,11,14,8,0
19,9,13,8,12
20,9,15,8,9
21,16,13,19,13
22,10,1,2,18
23,8,14,0,4
24,2,0,15,4
25,1,3,15,9
26,18,16,11,6
27,14,4,1,17
28,19,1,6,10
29,9,7,13,14
30,1,18,14,8
31,15,7,4,0
32,15,5,15,1
33,7,13,19,5
34,7,10,5,13
35,11,13,15,19
36,3,4,11,14
37,18,10,5,5
38,16,2,12,16
39,13,7,1,18
40,13,1,4,3
41,5,16,9,18
42,1,6,16,14
43,14,8,0,3
44,2,7,7,13
45,5,8,11,9
46,12,12,5,1
47,5,1,6,1
48,19,16,3,9
49,12,7,2,0
