9
Grid:
20,20
....................
.......@@@......@...
..........@.........
....................
..@.........@.......
......@.......@.....
........@...........
...............@....
.........@........@.
...........@.@......
..........@........@
..@.................
...@.........@......
.@..................
................@.@.
..@..............@..
.............@......
@.....@...@...@...@.
@........@...@...@..
.....@.@@......@@...
Agents:
70
0,1,17,16,3
1,17,4,7,1
2,11,17,16,12
3,18,14,6,15
4,7,19,15,10
5,2,2,16,1
6,0,11,15,0
7,8,4,9,18
8,14,9,2,7
9,10,9,1,14
10,17,16,5,13
11,7,4,7,7
12,18,2,14,13
13,7,1,13,11
14,19,11,16,6
15,1,12,1,4
16,6,9,17,8
17,6,5,17,19
18,3,2,7,12
19,15,13,6,19
20,1,11,12,1
21,12,10,10,16
22,13,2,6,4
23,0,9,0,6
24,1,14,8,3
25,8,0,9,8
26,1,19,16,14
27,15,19,5,10
28,12,1,0,1
29,2,16,0,14
30,6,14,6,5
31,0,5,5,0
32,14,17,12,14
33,9,12,1,12
34,9,8,14,6
35,1,15,4,18
36,17,19,17,12
37,12,16,15,8
38,8,8,9,15
39,2,6,8,15
40,4,4,2,2
41,7,2,14,3
42,17,13,8,11
43,11,0,2,4
44,5,17,7,3
45,10,8,14,9
46,15,5,17,4
47,15,4,0,15
48,5,16,4,6
49,11,13,13,0
50,18,19,15,4
51,10,4,3,3
52,4,3,12,10
53,4,0,10,6
54,16,18,12,5
55,0,1,18,3
56,6,11,10,2
57,0,8,5,17
58,10,11,3,12
59,17,8,3,7
60,3,6,10,8
61,1,4,11,0
62,15,10,4,4
63,6,7,8,16
64,16,12,0,19
65,0,6,1,6
66,7,14,8,17
67,18,3,10,12
68,4,9,4,13
69,9,18,18,11
