5
Grid:
20,20
..........@@@@@..@..
....................
......@..@.......@..
...........@........
....................
...........@........
..@.@...............
.........@@.......@.
....................
...@........@.@.....
....................
..@...@.@...........
..@....@@........@..
...@..@....@.......@
@.......@....@.....@
....................
.@..................
.@.......@..@.......
....................
.....@.........@....
Agents:
55
0,15,19,12,0
1,19,8,7,15
2,15,16,7,13
3,5,14,2,2
4,17,6,8,13
5,17,2,8,18
6,8,0,2,19
7,13,13,6,17
8,10,14,1,0
9,9,15,11,15
10,3,4,4,12
11,19,12,10,9
12,7,5,9,5
13,3,13,17,3
14,16,12,3,0
15,0,18,5,3
16,8,9,13,1
17,6,18,18,3
18,4,0,19,0
19,12,12,11,9
20,10,7,8,1
21,3,12,10,18
22,0,19,12,13
23,13,7,17,18
24,2,16,11,11
25,6,11,15,10
26,5,15,11,4
27,17,8,12,1
28,13,12,1,13
29,5,0,7,3
30,8,7,16,8
31,12,6,8,2
32,0,5,15,9
33,18,0,1,1
34,2,11,8,7
35,13,16,1,18
36,8,5,13,10
37,17,7,19,6
38,6,16,6,7
39,11,1,16,0
40,13,10,16,4
41,6,19,16,13
42,11,5,15,4
43,1,2,18,19
44,2,2,18,1
45,3,16,10,14
46,18,5,6,14
47,9,11,18,13
48,9,7,6,15
49,15,13,6,5
50,5,4,10,0
51,0,3,14,17
52,4,13,0,18
53,5,13,8,11
54,14,16,9,7
