0
Grid:
20,20
.@..................
...........@........
@...@.@....@..@.....
....................
.....@..............
..............@..@..
....................
.@..........@..@....
.............@.@....
....................
..@.....@.@..@......
.........@..........
......@..@@@........
.........@..........
...............@....
.@.@................
..@@...@....@@......
..@..@...@..........
...........@......@.
..@.....@...........
Agents:
50
0,19,10,13,11
1,4,3,10,0
2,1,1,14,18
3,1,16,11,15
4,18,19,2,18
5,18,6,1,0
6,17,0,1,7
7,4,17,14,4
8,4,15,3,16
9,14,10,13,14
10,18,0,17,19
11,3,14,19,4
12,18,14,13,3
13,16,14,3,11
14,6,16,14,13
15,3,13,9,8
16,3,11,6,7
17,5,19,1,8
18,17,13,1,12
19,1,15,10,16
20,0,14,11,12
21,13,8,6,9
22,17,3,18,12
23,15,15,18,5
24,8,18,9,2
25,19,3,15,16
26,13,17,5,10
27,15,18,18,15
28,7,10,6,18
29,4,7,19,13
30,4,6,15,10
31,16,4,5,1
32,3,6,8,3
33,14,4,6,5
34,14,18,6,16
35,10,3,18,7
36,7,14,8,2
37,16,15,12,2
38,5,8,3,17
39,16,19,7,5
40,0,5,15,6
41,11,7,9,17
42,4,10,14,12
43,12,12,18,13
44,19,9,0,6
45,0,3,1,15
46,18,8,1,16
47,9,14,12,7
48,6,11,13,4
49,14,9,2,2
