4
Grid:
20,20
....................
....................
@....@..............
..@......@......@..@
..@.@.....@....@....
...@..@.@.......@...
...@................
..@.................
...@................
.....@...........@@.
.......@.@.....@....
....................
............@..@@...
.............@......
...@..@@.......@....
....................
.................@@.
...........@@...@...
..@..........@......
...........@......@.
Agents:
60
0,6,5,8,18
1,0,8,1,10
2,19,12,1,16
3,19,15,6,0
4,7,14,6,10
5,2,10,18,11
6,14,10,17,7
7,10,18,0,11
8,3,17,2,7
9,4,6,19,0
10,1,7,2,15
11,12,8,1,9
12,16,0,18,0
13,9,9,3,8
14,18,19,8,13
15,2,1,16,8
16,0,14,6,9
17,11,5,5,9
18,6,19,18,15
19,15,12,13,10
20,15,1,15,3
21,14,13,10,3
22,2,16,15,6
23,6,11,15,12
24,7,5,3,1
25,7,15,15,5
26,9,0,5,12
27,3,12,0,4
28,15,11,10,17
29,16,19,12,2
30,5,18,10,11
31,16,2,13,11
32,7,12,12,7
33,9,2,10,1
34,12,3,9,11
35,2,11,7,15
36,11,0,10,6
37,12,19,4,17
38,5,0,11,12
39,13,17,1,6
40,1,12,3,7
41,12,6,11,2
42,11,19,19,12
43,10,19,12,17
44,10,14,0,3
45,7,16,14,0
46,4,11,4,0
47,5,9,17,17
48,6,4,5,14
49,5,2,12,8
50,13,3,13,6
51,13,18,14,5
52,9,3,7,10
53,19,16,8,7
54,6,16,19,7
55,5,7,17,8
56,17,4,11,6
57,10,1,10,19
58,1,9,15,10
59,11,7,19,8
