4
Grid:
20,20
@......@............
..............@.....
.....@....@........@
......@@....@..@...@
...........@........
............@.....@.
....@........@......
..@..@..@...........
...@..........@....@
.........@..@.......
...............@...@
@......@..@....@....
......@.......@.....
.......@.@..........
....................
...........@.@......
@..@.............@..
....................
....................
...............@....
Agents:
70
0,13,4,19,5
1,4,17,4,5
2,11,18,9,18
3,4,19,1,9
4,19,13,7,3
5,17,3,16,10
6,3,9,8,13
7,5,3,12,2
8,13,5,15,18
9,9,1,12,13
10,2,15,17,17
11,9,0,12,11
12,11,13,5,2
13,17,7,9,0
14,5,16,5,10
15,0,9,4,3
16,2,7,7,18
17,6,2,12,1
18,17,10,11,5
19,10,3,14,0
20,19,10,10,11
21,2,0,11,2
22,8,0,19,14
23,4,10,16,16
24,11,2,12,15
25,4,6,9,10
26,5,0,17,3
27,15,16,7,16
28,1,11,19,17
29,1,12,15,4
30,7,0,14,18
31,3,14,6,5
32,7,18,5,5
33,16,10,18,8
34,10,14,6,7
35,12,8,15,10
36,11,11,16,13
37,8,7,16,8
38,11,14,15,12
39,4,1,13,1
40,12,10,6,14
41,13,13,5,13
42,1,7,12,18
43,3,1,9,16
44,17,14,14,7
45,12,5,16,5
46,13,0,10,3
47,14,5,1,19
48,15,10,0,1
49,17,2,9,3
50,3,0,6,18
51,2,14,18,3
52,15,3,19,19
53,9,6,1,10
54,6,5,17,18
55,10,10,14,19
56,12,16,18,13
57,9,10,16,1
58,10,17,8,7
59,18,2,4,0
60,13,16,2,16
61,9,5,19,1
62,18,13,16,19
63,4,9,9,7
64,2,18,2,14
65,16,6,0,19
66,12,19,13,6
67,19,8,18,10
68,15,5,12,16
69,18,0,7,17
