2
Grid:
20,20
.@...@..........@...
.........@....@.@...
.....@..............
...@................
........@@..@....@..
........@..@...@....
....@........@......
...............@....
....@............@..
....................
....................
....@.....@.........
@..............@....
....@....@.....@....
........@@...@......
.@................@.
..@....@......@.....
..@.............@...
..@.................
...@...........@....
Agents:
80
0,10,16,12,14
1,14,18,16,11
2,1,3,17,3
3,3,18,7,3
4,10,11,1,7
5,13,13,18,14
6,9,16,18,0
7,15,9,12,1
8,5,2,14,10
9,0,0,7,1
10,9,2,5,3
11,16,4,8,6
12,14,5,19,2
13,8,16,2,1
14,8,1,13,14
15,1,4,3,12
16,3,1,4,14
17,14,14,14,6
18,10,17,4,2
19,4,1,19,18
20,19,8,9,6
21,19,14,16,9
22,7,19,9,14
23,1,8,3,9
24,19,10,13,13
25,3,15,16,3
26,14,6,5,5
27,17,9,8,7
28,3,11,14,12
29,5,10,17,0
30,8,15,15,0
31,18,18,11,6
32,11,19,9,3
33,19,13,14,4
34,6,0,12,4
35,16,6,4,15
36,7,16,19,10
37,2,2,7,8
38,4,11,2,11
39,6,8,16,15
40,16,0,5,1
41,9,14,10,3
42,3,9,7,9
43,6,11,8,11
44,0,15,17,8
45,19,6,14,1
46,10,10,5,7
47,8,14,10,7
48,15,14,10,5
49,4,14,19,7
50,6,16,9,19
51,12,17,2,7
52,18,11,4,7
53,5,6,0,2
54,17,7,18,10
55,19,2,1,12
56,8,11,7,18
57,16,16,3,1
58,19,12,11,16
59,18,5,17,12
60,4,19,4,6
61,2,9,10,13
62,0,10,10,8
63,3,2,15,15
64,7,5,3,11
65,15,3,0,11
66,6,17,12,7
67,11,13,4,1
68,5,12,18,15
69,15,2,4,18
70,16,15,4,4
71,18,13,6,11
72,19,16,13,10
73,4,10,19,5
74,1,18,11,19
75,7,14,13,1
76,9,1,1,10
77,15,15,2,17
78,14,10,4,16
79,14,16,9,15
