0
Grid:
20,20
...........@........
...............@....
.....@............@.
....@...@@.......@@.
.......@.........@..
...@................
.@..................
...........@.....@..
....................
..........@.........
.............@.@....
@..@.@.@........@...
..........@.@@@.....
..........@@.......@
...@@.........@.....
.....@......@.......
...................@
...........@........
.@................@.
......@.............
Agents:
65
0,17,12,0,12
1,17,9,3,19
2,5,16,12,16
3,16,12,14,6
4,6,9,2,3
5,12,0,19,2
6,8,2,15,14
7,19,12,16,8
8,5,17,3,7
9,0,8,18,0
10,0,16,16,3
11,7,9,16,0
12,6,0,8,10
13,2,17,4,3
14,18,3,18,13
15,11,9,2,0
16,17,2,13,6
17,7,6,5,11
18,11,14,17,6
19,5,12,2,1
20,5,18,8,12
21,12,11,11,6
22,12,16,10,18
23,9,2,18,12
24,2,0,7,14
25,11,1,16,7
26,2,16,4,5
27,9,16,18,8
28,10,8,9,3
29,10,10,10,19
30,15,2,13,1
31,10,2,2,8
32,1,18,10,17
33,5,5,18,19
34,7,10,16,12
35,5,1,13,3
36,13,17,11,11
37,17,15,4,14
38,0,10,1,1
39,8,10,8,4
40,15,3,13,17
41,3,15,4,2
42,7,2,2,14
43,15,9,6,13
44,6,6,18,14
45,1,4,8,2
46,14,6,17,5
47,10,7,4,10
48,12,1,9,18
49,8,19,9,15
50,2,9,7,12
51,19,19,12,7
52,12,19,14,16
53,2,19,14,12
54,14,10,1,2
55,2,2,10,0
56,1,10,18,15
57,1,5,16,4
58,14,16,5,5
59,15,6,5,15
60,16,11,18,3
61,4,12,10,6
62,18,6,7,4
63,1,14,13,0
64,13,7,15,0
