5
Grid:
20,20
....@...@...@....@..
...@..........@@....
..........@@........
.................@..
..@.@@..............
....................
.............@......
.......@@...@..@....
...............@....
..@..@.........@.@@.
@..................@
....................
@..@......@.........
..............@.....
@...@...@.@.........
...............@....
....................
......@.......@.....
.@..................
.........@.........@
Agents:
45
0,2,2,8,4
1,8,8,18,19
2,8,10,19,4
3,2,17,8,18
4,10,15,14,6
5,10,5,11,19
6,0,1,8,17
7,4,3,3,4
8,11,18,16,15
9,8,3,5,6
10,12,5,5,14
11,14,16,10,11
12,16,0,11,7
13,2,12,6,9
14,12,11,2,1
15,8,5,9,3
16,6,4,10,17
17,15,9,17,17
18,5,2,13,13
19,14,19,4,12
20,18,0,6,15
21,13,1,2,7
22,4,10,17,13
23,18,8,2,19
24,18,4,9,9
25,2,18,9,6
26,9,3,5,19
27,14,11,4,8
28,14,2,17,10
29,15,17,1,19
30,3,19,2,15
31,4,16,18,8
32,13,7,16,12
33,7,19,14,1
34,8,1,1,7
35,12,6,17,9
36,8,13,19,17
37,7,13,7,5
38,3,15,11,0
39,16,11,9,8
40,14,3,11,15
41,12,17,5,17
42,1,9,17,7
43,15,3,18,12
44,6,16,6,11
