2
Grid:
20,20
.@@.................
.@..................
....................
.................@..
.......@.@......@..@
......@.......@..@..
....@.@.....@.......
........@.......@...
....................
....................
...@@.......@.......
..................@.
@...................
.........@.....@...@
........@....@......
....@@..........@@..
...@...@.....@......
.......@@....@......
.............@.@....
@.@.................
Agents:
65
0,2,4,0,9
1,6,1,16,2
2,1,17,2,14
3,1,16,3,9
4,9,17,10,2
5,5,8,9,14
6,6,11,13,8
7,6,10,13,4
8,5,10,19,11
9,5,11,8,1
10,6,17,18,4
11,15,12,2,8
12,17,10,18,1
13,12,17,1,14
14,15,13,0,6
15,6,9,12,14
16,2,2,11,13
17,19,1,5,2
18,3,2,16,11
19,1,12,17,15
20,14,9,19,17
21,15,9,14,16
22,16,6,13,16
23,8,11,2,10
24,14,2,15,1
25,1,8,10,10
26,17,16,18,2
27,19,4,5,11
28,13,8,5,13
29,12,13,7,13
30,4,17,0,18
31,8,3,19,1
32,11,3,3,6
33,8,7,3,12
34,17,15,11,9
35,15,2,12,4
36,17,9,6,9
37,18,8,9,13
38,13,5,13,3
39,9,4,4,2
40,18,4,18,8
41,13,18,16,14
42,0,10,2,18
43,4,6,2,16
44,4,18,19,16
45,0,13,9,15
46,2,7,17,4
47,4,0,6,3
48,8,19,17,0
49,10,8,5,8
50,18,11,3,8
51,11,7,7,9
52,19,8,1,9
53,14,19,17,17
54,3,9,0,10
55,3,0,12,18
56,5,15,3,1
57,16,2,13,13
58,2,15,4,18
59,7,0,2,4
60,1,11,8,4
61,10,0,6,7
62,19,15,16,18
63,8,10,19,7
64,11,10,17,2
