2
Grid:
20,20
...@..@........@....
....@......@....@.@.
...@......@..@......
..........@@........
....................
..@..........@......
........@......@....
...............@...@
.@.......@@@........
....................
........@...@.....@.
...@@..............@
.......@....@....@..
....................
.......@............
.@.@................
..@@.@..............
........@.........@.
....................
..........@.........
Agents:
50
0,18,1,19,0
1,18,17,9,0
2,12,4,15,8
3,15,14,9,18
4,6,0,13,3
5,1,14,14,12
6,7,0,14,15
7,2,14,8,12
8,1,8,18,4
9,18,9,17,17
10,19,17,3,6
11,17,0,14,11
12,2,2,3,12
13,15,19,12,4
14,0,9,11,0
15,16,19,11,2
16,7,7,8,13
17,10,15,17,12
18,15,9,7,2
19,4,3,14,9
20,9,2,3,7
21,16,16,12,18
22,7,2,6,12
23,13,18,4,1
24,10,0,2,8
25,4,18,0,12
26,14,9,11,17
27,12,11,18,10
28,19,6,19,7
29,0,12,18,18
30,6,16,11,18
31,3,2,8,17
32,6,13,10,7
33,17,3,2,1
34,12,13,0,11
35,11,0,5,10
36,6,14,18,8
37,7,11,16,16
38,12,1,5,5
39,10,17,14,0
40,2,17,17,3
41,17,14,5,9
42,5,10,10,6
43,3,0,14,10
44,4,7,10,9
45,14,3,14,14
46,16,8,17,9
47,7,17,2,12
48,0,16,3,15
49,0,10,1,6
