0
Grid:
20,20
...............@.@..
@...@.....@........@
...@................
....................
@....@@......@......
..........@.........
.@........@.....@...
........@...........
........@...........
@...................
.........@.....@....
..@....@.@...@...@..
.@@..@..............
.....@.......@......
.....@....@...@.....
...............@....
.@............@....@
...@................
.........@.....@....
....................
Agents:
60
0,1,15,2,15
1,16,10,3,1
2,0,11,2,17
3,16,11,17,18
4,4,19,18,8
5,3,12,18,13
6,18,0,7,5
7,18,1,19,18
8,17,16,2,13
9,17,13,10,2
10,3,4,10,6
11,15,14,1,5
12,17,9,9,1
13,5,11,3,7
14,8,5,14,3
15,2,14,6,19
16,7,5,10,18
17,8,3,9,11
18,4,9,6,18
19,13,17,13,12
20,15,11,10,8
21,5,16,0,5
22,4,3,1,8
23,13,15,6,3
24,9,18,1,14
25,17,17,12,19
26,19,1,4,17
27,13,11,18,6
28,6,4,2,0
29,2,18,3,10
30,5,12,5,19
31,11,15,8,17
32,11,8,19,4
33,19,5,0,8
34,8,4,1,7
35,9,7,7,18
36,4,8,5,2
37,12,6,11,6
38,7,11,8,6
39,0,13,16,9
40,2,9,9,16
41,14,17,5,14
42,13,16,8,7
43,4,12,10,17
44,5,8,16,2
45,15,9,18,18
46,3,0,0,13
47,18,12,8,18
48,8,15,15,6
49,7,18,6,12
50,4,17,15,2
51,5,0,17,1
52,12,15,3,14
53,3,18,1,2
54,10,11,12,18
55,10,13,11,16
56,2,11,15,16
57,9,3,3,18
58,2,4,3,3
59,9,15,13,11
