7
Grid:
20,20
...@......@......@..
..@..............@..
....................
..............@.....
............@@......
...........@.@......
........@.........@.
@.......@...........
............@.......
....@.........@@....
...@..@.............
.........@..@.......
............@.@..@..
.......@.@@..@......
..@..@.....@........
....................
....................
....................
....@.........@.....
@......@...@.@..@.@.
Agents:
75
0,7,3,16,6
1,3,7,5,3
2,12,10,4,6
3,9,2,2,2
4,14,1,17,1
5,11,3,18,8
6,16,19,7,3
7,4,1,10,13
8,6,16,13,18
9,13,12,10,10
10,12,8,17,8
11,14,6,6,16
12,2,9,2,6
13,13,4,16,13
14,2,4,9,2
15,15,5,2,4
16,0,5,3,1
17,2,16,12,0
18,6,11,15,19
19,4,10,5,9
20,3,9,4,7
21,11,11,6,1
22,0,1,13,6
23,15,4,7,7
24,10,12,17,4
25,3,10,7,19
26,9,10,9,18
27,15,3,3,6
28,9,19,8,11
29,8,10,4,10
30,18,15,15,13
31,1,5,16,0
32,3,11,19,9
33,16,8,4,14
34,14,14,12,15
35,12,2,16,7
36,17,3,16,10
37,5,0,0,15
38,15,10,10,1
39,1,4,17,11
40,2,13,11,5
41,11,15,11,3
42,7,2,9,1
43,17,8,7,4
44,17,6,6,19
45,1,12,12,8
46,6,12,3,9
47,18,9,3,4
48,5,18,4,0
49,14,16,12,2
50,7,13,2,14
51,12,7,1,18
52,0,15,17,17
53,11,1,14,18
54,13,11,14,15
55,2,10,5,2
56,12,13,17,9
57,9,17,11,11
58,13,8,16,3
59,2,12,2,19
60,19,3,11,14
61,16,2,13,15
62,1,13,18,13
63,4,5,5,15
64,14,4,6,11
65,15,9,5,14
66,6,5,0,6
67,18,7,15,11
68,16,6,8,5
69,15,1,10,15
70,8,1,0,19
71,3,3,11,0
72,4,19,2,17
73,10,0,14,10
74,8,16,18,19
