8
Grid:
20,20
........@.........@.
.@...............@..
.........@.@........
...@@.............@.
@...@...............
....@..@............
....@...............
........@....@......
....................
...@.....@..........
..............@.....
@.......@.@.....@..@
.........@....@.....
.....@...@.@.@......
................@...
..@@..@..........@..
@...@..............@
.......@............
....................
...@................
Agents:
55
0,7,18,5,3
1,15,13,10,4
2,17,4,2,1
3,4,5,9,15
4,9,1,17,17
5,3,7,15,15
6,15,4,2,0
7,9,5,8,0
8,16,7,4,12
9,17,17,10,16
10,9,11,3,17
11,19,9,17,16
12,17,11,17,11
13,10,6,3,1
14,12,5,2,12
15,3,15,16,9
16,13,6,6,10
17,0,16,8,8
18,0,9,10,18
19,19,16,7,3
20,0,4,10,1
21,1,18,1,8
22,10,16,7,6
23,18,6,11,6
24,15,5,6,14
25,14,17,16,1
26,9,7,17,8
27,8,17,13,7
28,19,1,12,10
29,1,14,19,16
30,5,16,2,2
31,17,13,8,7
32,0,10,9,14
33,9,8,18,10
34,2,4,6,17
35,7,19,3,9
36,2,8,9,12
37,3,8,2,15
38,11,15,8,10
39,7,2,14,2
40,6,3,16,8
41,0,2,16,13
42,4,10,7,2
43,18,5,7,0
44,1,16,4,13
45,15,8,19,1
46,10,10,6,2
47,4,19,13,15
48,14,10,5,1
49,18,13,2,7
50,18,4,10,7
51,19,10,4,8
52,9,14,2,17
53,6,16,16,5
54,18,15,5,15
