3
Grid:
20,20
..@...@......@......
..................@.
@...................
@..........@........
@.......@...........
..@..........@..@..@
....................
...@..@.@.......@.@.
.......@............
.....@..............
..@.................
......@.@.......@...
................@...
......@.............
..@................@
.....@..@...@.......
.......@.......@....
@..@................
.....@.....@....@...
.......@@...........
Agents:
55
0,1,1,18,4
1,11,12,11,10
2,8,12,5,18
3,8,1,6,7
4,11,3,7,17
5,1,4,6,9
6,15,14,7,5
7,9,8,0,14
8,5,11,2,9
9,8,0,11,7
10,0,0,1,17
11,10,4,9,9
12,2,1,9,18
13,4,3,3,16
14,10,3,3,12
15,1,15,3,4
16,15,3,2,4
17,18,13,19,13
18,13,10,4,13
19,16,1,17,17
20,17,13,19,18
21,8,6,6,11
22,8,3,10,6
23,3,12,19,15
24,0,19,18,12
25,12,11,1,9
26,5,4,6,17
27,9,6,6,0
28,19,13,12,7
29,19,17,9,1
30,13,11,3,3
31,12,14,13,11
32,13,1,5,11
33,13,16,15,17
34,8,18,17,5
35,4,18,5,1
36,2,17,8,13
37,15,15,6,15
38,13,18,9,14
39,15,11,14,6
40,2,11,1,11
41,10,11,3,9
42,2,3,15,14
43,17,14,9,17
44,3,6,5,7
45,19,16,13,15
46,13,13,11,9
47,10,1,19,4
48,19,4,4,17
49,11,15,7,15
50,8,13,9,15
51,17,7,6,5
52,11,9,2,15
53,3,18,7,2
54,7,1,16,13
