5
Grid:
20,20
@.@.@......@........
....................
....................
...@...@..........@.
.....@......@.......
....@...@........@..
....................
..........@.........
.........@.@........
.........@.....@.@..
..@.....@...........
................@...
@........@.@.@....@.
....................
............@..@.@..
....@@...........@@.
..............@.....
@.............@.....
...@..@.......@.....
..................@.
Agents:
65
0,14,8,9,11
1,8,18,0,5
2,7,9,11,7
3,9,4,11,0
4,13,16,4,3
5,13,6,9,10
6,19,10,4,17
7,11,14,18,16
8,18,16,16,2
9,14,0,1,11
10,10,15,4,2
11,17,18,6,8
12,18,18,5,9
13,17,10,14,18
14,11,5,1,17
15,6,4,2,1
16,3,4,13,3
17,4,15,1,9
18,10,0,15,2
19,13,4,10,18
20,15,19,6,9
21,16,11,4,16
22,0,6,3,1
23,3,17,10,14
24,19,16,14,4
25,18,13,15,12
26,1,8,5,6
27,11,11,6,2
28,7,3,11,2
29,4,2,10,6
30,3,9,15,8
31,2,15,3,12
32,5,15,2,9
33,4,18,6,7
34,2,9,10,4
35,17,3,5,15
36,0,18,18,17
37,2,7,18,2
38,17,11,1,7
39,7,14,19,4
40,6,10,7,9
41,5,11,16,7
42,14,1,5,18
43,8,1,9,4
44,2,13,18,11
45,15,7,3,11
46,8,5,17,8
47,0,7,5,0
48,13,0,6,19
49,13,7,15,0
50,12,3,3,16
51,13,15,3,0
52,15,10,6,14
53,15,13,14,10
54,9,13,2,12
55,1,2,6,5
56,12,17,6,17
57,1,7,18,8
58,19,11,5,11
59,11,19,6,18
60,18,10,10,10
61,14,4,8,18
62,4,11,9,2
63,17,2,0,8
64,16,6,2,7
