7
Grid:
20,20
...@@..@.....@...@@.
...........@......@.
...........@....@@..
.......@......@...@.
..............@@@@..
@..@...@.........@..
.......@............
....................
...........@........
..........@.....@...
....................
....................
..@......@....@.....
@........@......@...
...............@.@..
.................@..
..................@.
....@....@..........
.............@......
............@.......
Agents:
65
0,18,4,12,10
1,8,17,11,0
2,10,6,7,5
3,11,4,13,17
4,7,17,13,12
5,16,6,1,10
6,1,2,12,5
7,0,11,11,14
8,1,5,5,11
9,11,14,5,15
10,13,13,9,11
11,11,7,9,13
12,14,0,15,12
13,19,4,10,0
14,12,13,10,19
15,18,6,1,19
16,19,8,18,1
17,17,11,7,4
18,8,3,19,14
19,14,19,8,14
20,16,17,3,13
21,12,11,18,14
22,16,5,0,5
23,3,2,15,9
24,11,15,8,10
25,11,11,12,18
26,4,3,16,6
27,8,15,7,18
28,3,12,4,6
29,10,15,7,12
30,8,0,12,12
31,16,19,17,17
32,8,9,18,6
33,18,12,13,15
34,11,17,10,1
35,7,8,14,4
36,10,13,3,19
37,17,12,9,7
38,0,14,11,3
39,19,6,12,11
40,0,5,8,9
41,18,11,4,12
42,11,0,14,9
43,9,3,7,6
44,14,1,4,8
45,16,13,10,5
46,3,15,16,13
47,13,12,14,10
48,5,15,2,0
49,12,6,5,18
50,15,4,4,7
51,15,14,4,4
52,1,9,3,15
53,19,2,17,19
54,11,6,14,13
55,1,10,1,17
56,7,11,15,4
57,2,1,16,3
58,3,19,6,1
59,2,15,10,4
60,9,7,3,11
61,2,4,7,2
62,3,4,16,0
63,8,7,3,17
64,3,16,10,9
