1
Grid:
20,20
.......@.....@.....@
.@..................
..........@....@....
....................
.........@..........
....................
.....@@.....@.......
....................
......@.......@.....
......@.............
...........@@....@.@
.@.....@.........@..
........@...@.@...@.
.........@...@.....@
@...................
..............@..@@.
..@.................
..@....@..........@.
......@....@.....@..
..@...........@.....
Agents:
40
0,17,13,10,15
1,7,18,16,10
2,11,14,11,9
3,7,8,5,11
4,16,12,8,3
5,10,16,19,19
6,5,17,7,10
7,0,12,8,9
8,14,5,17,17
9,8,19,16,4
10,15,9,14,11
11,4,3,13,18
12,8,8,7,15
13,2,18,17,6
14,16,13,15,11
15,6,15,13,10
16,4,18,4,17
17,6,19,14,14
18,7,5,2,14
19,6,8,0,6
20,8,10,15,12
21,1,0,4,16
22,11,2,8,16
23,3,16,0,11
24,13,18,5,0
25,18,18,12,15
26,13,15,11,10
27,14,3,4,7
28,11,8,0,2
29,12,7,18,8
30,11,0,17,4
31,9,9,4,8
32,18,3,7,17
33,6,2,14,1
34,7,13,2,7
35,1,5,15,9
36,0,8,17,1
37,5,12,19,13
38,11,12,7,1
39,16,8,15,2
