1
Grid:
20,20
.......@............
...@....@...........
.....@..@...@....@..
@.....@..@..........
.............@.@.@..
..........@.@.......
.@......@..@@..@@...
..@............@....
.@........@.........
...............@....
...............@....
..........@.........
....................
......@..@..........
.@@.......@.........
.......@............
...............@....
..........@@........
@.........@.........
............@.......
Agents:
60
0,8,4,13,14
1,10,6,12,17
2,17,12,11,15
3,7,4,13,19
4,6,13,14,15
5,1,14,14,19
6,11,16,17,15
7,12,13,5,0
8,7,1,2,14
9,9,11,7,8
10,6,17,9,6
11,6,19,13,1
12,5,2,3,1
13,0,16,2,10
14,16,9,1,12
15,3,12,12,6
16,18,9,5,19
17,18,16,5,17
18,13,11,9,2
19,0,19,8,16
20,7,12,17,4
21,11,7,5,5
22,19,8,6,4
23,0,0,3,18
24,15,6,19,16
25,5,17,4,16
26,18,13,13,4
27,0,18,5,13
28,7,5,4,2
29,4,10,19,14
30,11,11,5,2
31,17,3,12,11
32,15,10,18,5
33,8,18,2,15
34,9,13,12,3
35,7,17,0,10
36,3,11,10,3
37,15,15,19,13
38,13,17,11,7
39,1,5,14,18
40,8,0,9,9
41,9,8,19,2
42,7,9,1,18
43,2,15,8,17
44,1,0,18,1
45,5,7,19,8
46,4,4,18,13
47,17,7,10,5
48,4,6,2,4
49,10,9,17,19
50,4,14,4,14
51,11,12,6,2
52,14,15,19,3
53,1,19,9,5
54,11,0,15,13
55,12,7,14,16
56,12,16,14,5
57,11,9,15,10
58,19,18,11,17
59,2,9,15,12
