7
Grid:
20,20
@@.........@.......@
....................
............@....@..
....@..............@
....@..........@....
....................
.....@@.............
....................
....@.........@.....
.@..................
.................@.@
@.........@.........
@...@........@......
...@..@.....@@......
....@......@..@.@@..
........@...@.@@..@.
..........@.........
..@.....@...........
.............@......
....................
Agents:
55
0,0,15,12,9
1,13,14,19,13
2,5,11,10,6
3,4,3,3,1
4,14,18,17,1
5,0,12,7,19
6,9,7,19,4
7,0,8,18,6
8,5,19,4,1
9,2,19,11,9
10,6,8,2,9
11,16,1,13,16
12,17,14,11,7
13,13,16,16,11
14,6,19,1,5
15,13,8,4,3
16,8,19,8,13
17,19,1,19,6
18,9,17,9,3
19,17,4,3,7
20,19,9,1,17
21,2,18,9,0
22,4,6,9,15
23,13,9,6,18
24,11,3,7,17
25,18,12,11,14
26,19,12,7,2
27,16,11,7,13
28,11,11,13,8
29,4,16,6,19
30,0,5,1,19
31,10,9,12,19
32,1,7,18,18
33,11,1,19,18
34,7,6,3,10
35,3,17,10,16
36,8,10,0,3
37,10,11,9,11
38,3,7,7,5
39,13,19,11,5
40,10,1,3,18
41,14,8,8,3
42,8,9,9,10
43,12,8,17,6
44,1,8,5,8
45,11,8,12,2
46,0,9,6,12
47,14,13,7,18
48,11,9,10,11
49,10,12,9,9
50,11,4,7,1
51,1,12,17,7
52,11,12,10,13
53,2,11,7,11
54,18,1,3,8
