6
Grid:
20,20
............@..@....
@........@.@.......@
@......@...........@
.@..................
..@.....@.......@...
.......@............
......@.....@.@.@.@@
....@..@............
...@.....@..........
....................
.............@......
.@..............@...
...@................
.@.................@
...@................
............@.@.....
..........@..@......
@.................@.
....................
.@.....@.........@..
Agents:
75
0,15,13,17,4
1,13,18,13,16
2,4,12,14,0
3,9,9,19,10
4,16,5,18,1
5,14,13,6,5
6,18,15,7,1
7,4,3,4,4
8,15,1,17,1
9,1,5,16,18
10,6,1,7,16
11,16,18,10,2
12,7,13,16,16
13,12,6,0,3
14,12,8,4,18
15,12,14,14,7
16,16,16,10,9
17,1,18,2,18
18,19,12,14,16
19,7,14,11,6
20,12,1,3,15
21,7,19,3,3
22,18,9,8,4
23,8,0,17,19
24,8,10,7,13
25,6,7,0,17
26,13,17,12,0
27,17,8,8,18
28,8,8,3,4
29,7,16,13,12
30,10,0,9,11
31,5,4,6,9
32,4,6,15,19
33,12,17,18,17
34,6,11,11,13
35,17,12,19,13
36,5,5,13,11
37,5,12,13,4
38,7,2,17,9
39,0,7,12,15
40,3,3,9,1
41,0,10,14,5
42,3,18,11,12
43,13,14,16,3
44,10,6,10,12
45,5,1,7,14
46,7,10,9,17
47,3,14,11,18
48,9,0,5,1
49,12,12,13,18
50,2,16,19,18
51,0,18,6,2
52,17,9,10,17
53,12,16,3,5
54,0,0,19,6
55,13,8,7,10
56,18,3,5,9
57,16,9,10,4
58,14,19,11,4
59,18,14,8,15
60,19,8,2,15
61,18,13,11,10
62,11,8,8,7
63,5,15,11,17
64,12,5,8,12
65,17,15,16,5
66,16,6,12,2
67,3,2,18,3
68,17,3,0,16
69,17,6,12,9
70,1,10,9,13
71,1,8,1,6
72,10,19,3,8
73,17,17,17,11
74,8,16,15,4
