1
Grid:
20,20
..@......@@.@...@...
@..................@
.@................@.
...............@.@..
.......@........@...
......@..@......@...
....@..@............
....................
...@................
..............@.....
....................
@......@....@.....@.
.....@@.........@...
................@...
...............@..@.
................@...
..............@.....
.......@....@...@...
..@......@....@..@..
..........@.........
Agents:
50
0,5,18,17,15
1,4,9,6,17
2,16,10,7,17
3,10,11,2,14
4,15,15,5,2
5,4,3,15,3
6,0,3,1,11
7,14,4,8,15
8,19,7,12,8
9,3,10,5,15
10,7,18,16,9
11,7,14,2,15
12,14,14,6,14
13,10,13,11,9
14,6,8,4,3
15,1,16,8,0
16,16,18,14,7
17,2,13,2,2
18,7,0,9,2
19,13,6,12,14
20,19,18,10,3
21,15,14,11,3
22,5,19,15,18
23,3,11,2,7
24,3,19,2,11
25,0,1,8,4
26,7,9,4,5
27,17,11,7,19
28,12,0,11,5
29,6,6,16,2
30,17,10,5,13
31,5,7,12,18
32,5,17,4,12
33,0,8,19,13
34,0,0,13,19
35,15,12,12,4
36,17,17,13,3
37,14,17,13,13
38,3,14,6,8
39,4,2,17,13
40,15,3,9,17
41,19,6,13,0
42,1,11,3,10
43,0,7,12,19
44,14,7,11,15
45,8,8,12,12
46,12,7,10,15
47,19,14,5,19
48,15,9,2,10
49,0,6,13,10
