8
Grid:
20,20
...........@........
..@..@..@......@....
.....@.@........@..@
..................@.
....................
.....@..............
.@...@......@...@...
......@......@....@@
..@.................
....................
@..............@....
............@...@.@.
....@.@.@.......@...
.@..........@.......
...................@
.@..............@...
@...................
............@.......
.....@........@.....
........@....@......
Agents:
45
0,16,9,7,4
1,8,8,15,12
2,14,3,14,11
3,9,7,16,19
4,6,13,15,9
5,19,1,19,1
6,4,4,15,13
7,5,0,0,9
8,16,6,10,18
9,3,6,13,15
10,2,14,16,15
11,19,2,15,7
12,9,18,9,18
13,13,2,2,2
14,17,17,16,1
15,12,9,18,0
16,11,17,7,8
17,17,11,14,18
18,14,15,9,17
19,16,14,7,0
20,1,12,1,16
21,5,8,18,13
22,16,15,12,15
23,3,17,4,14
24,18,13,9,11
25,9,6,0,1
26,19,15,0,18
27,9,9,7,12
28,14,4,1,13
29,8,14,15,18
30,12,7,19,18
31,3,4,5,13
32,10,8,17,16
33,1,18,17,6
34,18,19,8,11
35,6,10,14,2
36,10,9,3,14
37,7,10,2,9
38,5,9,10,19
39,4,12,14,10
40,17,0,12,5
41,0,2,18,18
42,2,15,1,11
43,14,13,4,16
44,0,0,5,7
