4
Grid:
20,20
....................
...@.........@@.....
....@.@.............
.@..................
....@@..............
....@..@@......@.@..
....................
....................
@@.@@....@...@.@....
..........@.....@...
................@...
....@.............@.
...@..........@.....
@.............@.....
...................@
@...................
.....@..@..........@
.........@..........
............@..@..@.
.@..............@...
Agents:
75
0,3,7,3,6
1,15,4,4,2
2,15,18,2,14
3,2,3,15,10
4,4,14,4,15
5,9,2,16,4
6,3,13,8,11
7,6,14,15,14
8,8,11,4,13
9,1,16,15,15
10,2,10,3,15
11,11,5,6,6
12,11,6,16,16
13,11,0,7,5
14,0,17,18,3
15,12,11,16,3
16,13,19,10,8
17,5,0,4,18
18,17,14,0,5
19,11,2,7,19
20,10,6,0,9
21,14,8,16,1
22,16,1,16,9
23,12,7,0,15
24,13,9,14,3
25,10,1,12,7
26,2,15,0,11
27,12,4,15,5
28,3,11,14,12
29,0,14,19,8
30,1,8,0,1
31,6,1,18,7
32,18,7,11,5
33,19,9,7,8
34,15,2,6,16
35,14,2,12,4
36,12,2,17,13
37,3,9,19,3
38,5,12,9,5
39,11,7,11,9
40,18,3,10,15
41,9,3,1,18
42,17,2,12,6
43,19,19,16,10
44,4,11,2,12
45,8,19,11,17
46,7,8,13,2
47,15,11,6,10
48,8,18,7,16
49,6,0,12,13
50,2,9,7,12
51,5,9,16,18
52,14,13,5,2
53,16,17,14,15
54,18,2,13,9
55,4,16,7,7
56,17,3,18,6
57,13,12,3,17
58,15,15,10,12
59,14,14,6,1
60,4,13,13,12
61,2,14,12,10
62,9,1,3,0
63,17,16,1,15
64,19,12,3,12
65,6,5,18,13
66,16,15,18,5
67,9,12,7,0
68,6,12,1,19
69,13,13,17,6
70,14,18,15,17
71,10,2,0,3
72,7,9,9,8
73,14,5,14,10
74,19,10,10,3
