1,18x21_left2_right2
Grid:
18,21
..@@@@@.@@@@@.@@@@@..
.....................
..@@@@@.@@@@@.@@@@@..
..@@@@@.@@@@@.@@@@@..
.....................
..@@@@@.@@@@@.@@@@@..
..@@@@@.@@@@@.@@@@@..
.....................
..@@@@@.@@@@@.@@@@@..
..@@@@@.@@@@@.@@@@@..
.....................
..@@@@@.@@@@@.@@@@@..
..@@@@@.@@@@@.@@@@@..
.....................
..@@@@@.@@@@@.@@@@@..
..@@@@@.@@@@@.@@@@@..
.....................
..@@@@@.@@@@@.@@@@@..
Agents:
26
0,17,20,1,1
1,2,20,9,0
2,3,19,11,0
3,14,20,5,0
4,11,20,8,0
5,6,20,16,1
6,10,19,12,1
7,11,19,17,1
8,4,19,10,0
9,5,19,4,0
10,14,19,2,1
11,8,20,14,0
12,1,20,16,0
13,5,0,3,20
14,12,1,2,20
15,8,0,6,20
16,10,0,5,20
17,8,1,7,20
18,15,1,17,20
19,6,0,5,19
20,13,1,12,20
21,4,1,16,20
22,4,0,16,19
23,13,0,13,20
24,1,0,0,20
25,14,0,6,19
