9,18x21_left2_right2
Grid:
18,21
..@@@@@.@@@@@.@@@@@..
.....................
..@@@@@.@@@@@.@@@@@..
..@@@@@.@@@@@.@@@@@..
.....................
..@@@@@.@@@@@.@@@@@..
..@@@@@.@@@@@.@@@@@..
.....................
..@@@@@.@@@@@.@@@@@..
..@@@@@.@@@@@.@@@@@..
.....................
..@@@@@.@@@@@.@@@@@..
..@@@@@.@@@@@.@@@@@..
.....................
..@@@@@.@@@@@.@@@@@..
..@@@@@.@@@@@.@@@@@..
.....................
..@@@@@.@@@@@.@@@@@..
Agents:
30
0,15,20,17,1
1,17,20,13,0
2,14,20,9,0
3,16,20,2,1
4,8,19,0,0
5,10,20,17,0
6,2,20,16,1
7,1,19,7,1
8,15,19,15,0
9,13,20,1,0
10,14,19,6,1
11,9,19,4,0
12,6,19,11,0
13,2,19,12,1
14,6,20,12,0
15,7,1,16,20
16,13,0,12,20
17,5,0,5,19
18,15,0,17,20
19,16,0,13,20
20,12,1,0,19
21,3,0,11,19
22,11,0,6,19
23,0,0,13,19
24,17,0,4,20
25,11,1,9,20
26,4,1,11,20
27,2,1,15,20
28,14,1,10,20
29,10,0,5,20
