3,18x21_left2_right2
Grid:
18,21
..@@@@@.@@@@@.@@@@@..
.....................
..@@@@@.@@@@@.@@@@@..
..@@@@@.@@@@@.@@@@@..
.....................
..@@@@@.@@@@@.@@@@@..
..@@@@@.@@@@@.@@@@@..
.....................
..@@@@@.@@@@@.@@@@@..
..@@@@@.@@@@@.@@@@@..
.....................
..@@@@@.@@@@@.@@@@@..
..@@@@@.@@@@@.@@@@@..
.....................
..@@@@@.@@@@@.@@@@@..
..@@@@@.@@@@@.@@@@@..
.....................
..@@@@@.@@@@@.@@@@@..
Agents:
28
0,16,19,9,0
1,14,20,1,0
2,8,20,8,1
3,15,19,10,0
4,0,20,4,1
5,11,20,14,1
6,10,19,15,0
7,10,20,3,0
8,16,20,6,0
9,4,19,7,0
10,17,20,8,0
11,11,19,1,1
12,8,19,0,0
13,14,19,4,0
14,2,1,14,19
15,15,0,2,19
16,8,0,8,19
17,4,0,14,20
18,13,0,9,20
19,6,0,10,20
20,10,0,4,19
21,7,0,10,19
22,1,1,5,20
23,17,0,11,20
24,17,1,15,20
25,10,1,1,20
26,6,1,12,20
27,2,0,1,19
