5,18x21_left2_right2
Grid:
18,21
..@@@@@.@@@@@.@@@@@..
.....................
..@@@@@.@@@@@.@@@@@..
..@@@@@.@@@@@.@@@@@..
.....................
..@@@@@.@@@@@.@@@@@..
..@@@@@.@@@@@.@@@@@..
.....................
..@@@@@.@@@@@.@@@@@..
..@@@@@.@@@@@.@@@@@..
.....................
..@@@@@.@@@@@.@@@@@..
..@@@@@.@@@@@.@@@@@..
.....................
..@@@@@.@@@@@.@@@@@..
..@@@@@.@@@@@.@@@@@..
.....................
..@@@@@.@@@@@.@@@@@..
Agents:
26
0,5,20,0,0
1,0,19,6,1
2,13,20,0,1
3,0,20,10,0
4,15,20,7,0
5,15,19,5,0
6,9,20,16,0
7,4,20,15,0
8,14,19,4,1
9,7,20,2,1
10,12,20,9,0
11,10,20,13,1
12,2,20,9,1
13,12,1,12,20
14,5,1,1,19
15,14,0,15,20
16,13,1,17,20
17,1,0,8,20
18,11,1,12,19
19,9,1,4,19
20,14,1,9,20
21,11,0,3,20
22,7,0,17,19
23,3,1,1,20
24,2,1,11,19
25,0,1,2,19
