7,18x21_left2_right2
Grid:
18,21
..@@@@@.@@@@@.@@@@@..
.....................
..@@@@@.@@@@@.@@@@@..
..@@@@@.@@@@@.@@@@@..
.....................
..@@@@@.@@@@@.@@@@@..
..@@@@@.@@@@@.@@@@@..
.....................
..@@@@@.@@@@@.@@@@@..
..@@@@@.@@@@@.@@@@@..
.....................
..@@@@@.@@@@@.@@@@@..
..@@@@@.@@@@@.@@@@@..
.....................
..@@@@@.@@@@@.@@@@@..
..@@@@@.@@@@@.@@@@@..
.....................
..@@@@@.@@@@@.@@@@@..
Agents:
18
0,6,19,0,0
1,0,20,14,0
2,8,20,7,1
3,15,19,3,1
4,15,20,9,0
5,10,19,15,1
6,7,19,9,1
7,10,20,2,1
8,1,19,3,0
9,4,0,12,19
10,17,0,6,20
11,10,1,8,19
12,9,1,17,19
13,8,1,0,19
14,2,1,15,20
15,4,1,2,19
16,0,1,1,19
17,12,0,5,20
