6,18x21_left2_right2
Grid:
18,21
..@@@@@.@@@@@.@@@@@..
.....................
..@@@@@.@@@@@.@@@@@..
..@@@@@.@@@@@.@@@@@..
.....................
..@@@@@.@@@@@.@@@@@..
..@@@@@.@@@@@.@@@@@..
.....................
..@@@@@.@@@@@.@@@@@..
..@@@@@.@@@@@.@@@@@..
.....................
..@@@@@.@@@@@.@@@@@..
..@@@@@.@@@@@.@@@@@..
.....................
..@@@@@.@@@@@.@@@@@..
..@@@@@.@@@@@.@@@@@..
.....................
..@@@@@.@@@@@.@@@@@..
Agents:
26
0,6,19,4,0
1,10,19,8,1
2,17,20,11,0
3,14,19,8,0
4,3,19,17,0
5,4,20,12,1
6,2,20,13,0
7,9,19,15,0
8,10,20,16,0
9,12,20,6,1
10,6,20,16,1
11,7,19,11,1
12,17,19,10,0
13,10,1,5,20
14,4,0,10,19
15,15,0,13,20
16,2,1,17,19
17,5,1,4,19
18,12,0,7,19
19,5,0,3,20
20,17,1,10,20
21,10,0,12,19
22,1,0,11,20
23,14,1,4,20
24,6,0,0,20
25,9,1,5,19
