1,18x21_left2_right2
Grid:
18,21
..@@@@@.@@@@@.@@@@@..
.....................
..@@@@@.@@@@@.@@@@@..
..@@@@@.@@@@@.@@@@@..
.....................
..@@@@@.@@@@@.@@@@@..
..@@@@@.@@@@@.@@@@@..
.....................
..@@@@@.@@@@@.@@@@@..
..@@@@@.@@@@@.@@@@@..
.....................
..@@@@@.@@@@@.@@@@@..
..@@@@@.@@@@@.@@@@@..
.....................
..@@@@@.@@@@@.@@@@@..
..@@@@@.@@@@@.@@@@@..
.....................
..@@@@@.@@@@@.@@@@@..
Agents:
16
0,10,20,16,1
1,14,19,13,1
2,5,19,9,0
3,3,20,0,0
4,6,19,17,1
5,8,20,15,1
6,15,20,3,0
7,3,19,8,1
8,0,0,15,19
9,11,0,4,19
10,4,0,13,19
11,10,1,6,19
12,9,0,3,20
13,15,1,7,19
14,8,1,9,20
15,17,0,1,19
