3,18x21_left2_right2
Grid:
18,21
..@@@@@.@@@@@.@@@@@..
.....................
..@@@@@.@@@@@.@@@@@..
..@@@@@.@@@@@.@@@@@..
.....................
..@@@@@.@@@@@.@@@@@..
..@@@@@.@@@@@.@@@@@..
.....................
..@@@@@.@@@@@.@@@@@..
..@@@@@.@@@@@.@@@@@..
.....................
..@@@@@.@@@@@.@@@@@..
..@@@@@.@@@@@.@@@@@..
.....................
..@@@@@.@@@@@.@@@@@..
..@@@@@.@@@@@.@@@@@..
.....................
..@@@@@.@@@@@.@@@@@..
Agents:
24
0,14,20,13,1
1,5,20,12,0
2,1,20,17,0
3,8,20,13,0
4,1,19,9,1
5,16,19,4,0
6,9,19,5,0
7,12,19,8,1
8,16,20,6,1
9,8,19,17,1
10,5,19,15,1
11,17,20,10,1
12,16,0,9,20
13,8,0,3,20
14,0,0,12,19
15,11,0,2,20
16,8,1,8,20
17,6,1,2,19
18,15,1,11,20
19,3,0,4,20
20,9,1,10,20
21,13,0,8,19
22,7,0,4,19
23,1,0,10,19
