8,18x21_left2_right2
Grid:
18,21
..@@@@@.@@@@@.@@@@@..
.....................
..@@@@@.@@@@@.@@@@@..
..@@@@@.@@@@@.@@@@@..
.....................
..@@@@@.@@@@@.@@@@@..
..@@@@@.@@@@@.@@@@@..
.....................
..@@@@@.@@@@@.@@@@@..
..@@@@@.@@@@@.@@@@@..
.....................
..@@@@@.@@@@@.@@@@@..
..@@@@@.@@@@@.@@@@@..
.....................
..@@@@@.@@@@@.@@@@@..
..@@@@@.@@@@@.@@@@@..
.....................
..@@@@@.@@@@@.@@@@@..
Agents:
18
0,1,20,8,0
1,11,20,9,0
2,4,20,16,1
3,5,19,2,1
4,9,20,7,1
5,0,20,11,0
6,6,19,8,1
7,14,20,10,1
8,12,20,14,0
9,0,0,16,19
10,5,0,1,19
11,2,0,7,20
12,6,0,9,19
13,10,0,6,20
14,1,0,8,19
15,4,0,0,20
16,16,1,4,20
17,8,1,15,20
