3,18x21_left2_right2
Grid:
18,21
..@@@@@.@@@@@.@@@@@..
.....................
..@@@@@.@@@@@.@@@@@..
..@@@@@.@@@@@.@@@@@..
.....................
..@@@@@.@@@@@.@@@@@..
..@@@@@.@@@@@.@@@@@..
.....................
..@@@@@.@@@@@.@@@@@..
..@@@@@.@@@@@.@@@@@..
.....................
..@@@@@.@@@@@.@@@@@..
..@@@@@.@@@@@.@@@@@..
.....................
..@@@@@.@@@@@.@@@@@..
..@@@@@.@@@@@.@@@@@..
.....................
..@@@@@.@@@@@.@@@@@..
Agents:
30
0,5,20,6,1
1,15,20,3,1
2,4,19,7,1
3,2,20,9,0
4,9,20,15,1
5,11,19,3,0
6,5,19,17,0
7,12,19,13,1
8,16,20,8,0
9,10,19,16,0
10,7,19,1,0
11,6,20,8,1
12,12,20,9,1
13,6,19,4,1
14,16,19,10,1
15,12,1,1,20
16,6,0,4,20
17,1,1,3,19
18,13,0,16,20
19,8,1,16,19
20,14,0,7,20
21,16,1,17,20
22,10,1,2,20
23,16,0,11,19
24,3,1,3,20
25,9,0,14,19
26,7,1,13,19
27,12,0,11,20
28,4,1,13,20
29,8,0,6,20
