6,18x21_left2_right2
Grid:
18,21
..@@@@@.@@@@@.@@@@@..
.....................
..@@@@@.@@@@@.@@@@@..
..@@@@@.@@@@@.@@@@@..
.....................
..@@@@@.@@@@@.@@@@@..
..@@@@@.@@@@@.@@@@@..
.....................
..@@@@@.@@@@@.@@@@@..
..@@@@@.@@@@@.@@@@@..
.....................
..@@@@@.@@@@@.@@@@@..
..@@@@@.@@@@@.@@@@@..
.....................
..@@@@@.@@@@@.@@@@@..
..@@@@@.@@@@@.@@@@@..
.....................
..@@@@@.@@@@@.@@@@@..
Agents:
22
0,10,19,10,0
1,2,20,12,1
2,14,20,7,1
3,16,20,1,1
4,1,20,13,0
5,9,20,11,0
6,12,19,3,0
7,17,19,14,0
8,12,20,6,0
9,8,20,0,0
10,15,19,8,0
11,12,0,3,19
12,9,1,17,20
13,5,1,15,19
14,2,1,11,19
15,15,1,2,20
16,11,0,17,19
17,10,0,5,19
18,6,0,16,20
19,3,0,9,19
20,16,1,13,19
21,10,1,0,20
