8,18x21_left2_right2
Grid:
18,21
..@@@@@.@@@@@.@@@@@..
.....................
..@@@@@.@@@@@.@@@@@..
..@@@@@.@@@@@.@@@@@..
.....................
..@@@@@.@@@@@.@@@@@..
..@@@@@.@@@@@.@@@@@..
.....................
..@@@@@.@@@@@.@@@@@..
..@@@@@.@@@@@.@@@@@..
.....................
..@@@@@.@@@@@.@@@@@..
..@@@@@.@@@@@.@@@@@..
.....................
..@@@@@.@@@@@.@@@@@..
..@@@@@.@@@@@.@@@@@..
.....................
..@@@@@.@@@@@.@@@@@..
Agents:
14
0,7,20,8,1
1,7,19,9,0
2,12,20,12,0
3,10,20,1,0
4,9,20,5,1
5,14,19,14,0
6,4,19,16,0
7,2,1,10,19
8,9,1,2,19
9,15,1,5,20
10,11,0,12,20
11,0,1,3,20
12,5,1,7,19
13,3,1,9,19
