0,18x21_left2_right2
Grid:
18,21
..@@@@@.@@@@@.@@@@@..
.....................
..@@@@@.@@@@@.@@@@@..
..@@@@@.@@@@@.@@@@@..
.....................
..@@@@@.@@@@@.@@@@@..
..@@@@@.@@@@@.@@@@@..
.....................
..@@@@@.@@@@@.@@@@@..
..@@@@@.@@@@@.@@@@@..
.....................
..@@@@@.@@@@@.@@@@@..
..@@@@@.@@@@@.@@@@@..
.....................
..@@@@@.@@@@@.@@@@@..
..@@@@@.@@@@@.@@@@@..
.....................
..@@@@@.@@@@@.@@@@@..
Agents:
20
0,9,20,9,1
1,8,19,16,1
2,6,20,4,0
3,13,19,12,0
4,15,19,13,0
5,7,20,11,1
6,11,19,7,1
7,16,20,6,1
8,2,20,12,1
9,5,20,1,0
10,2,1,14,20
11,16,1,1,19
12,11,0,1,20
13,5,0,7,20
14,14,0,4,19
15,6,0,3,20
16,7,1,2,20
17,2,0,15,19
18,1,1,17,19
19,0,1,0,19
