0,18x21_left2_right2
Grid:
18,21
..@@@@@.@@@@@.@@@@@..
.....................
..@@@@@.@@@@@.@@@@@..
..@@@@@.@@@@@.@@@@@..
.....................
..@@@@@.@@@@@.@@@@@..
..@@@@@.@@@@@.@@@@@..
.....................
..@@@@@.@@@@@.@@@@@..
..@@@@@.@@@@@.@@@@@..
.....................
..@@@@@.@@@@@.@@@@@..
..@@@@@.@@@@@.@@@@@..
.....................
..@@@@@.@@@@@.@@@@@..
..@@@@@.@@@@@.@@@@@..
.....................
..@@@@@.@@@@@.@@@@@..
Agents:
24
0,12,19,3,0
1,11,19,7,0
2,12,20,8,0
3,10,19,15,1
4,2,20,0,0
5,14,20,12,0
6,13,19,9,0
7,17,20,0,1
8,0,20,16,0
9,4,19,1,0
10,13,20,5,1
11,16,20,11,0
12,10,0,0,20
13,4,1,1,19
14,15,1,8,20
15,12,1,11,20
16,11,0,2,20
17,9,0,9,20
18,3,1,10,20
19,0,1,16,20
20,13,0,12,19
21,17,1,3,19
22,6,0,5,19
23,3,0,17,19
