9,18x21_left2_right2
Grid:
18,21
..@@@@@.@@@@@.@@@@@..
.....................
..@@@@@.@@@@@.@@@@@..
..@@@@@.@@@@@.@@@@@..
.....................
..@@@@@.@@@@@.@@@@@..
..@@@@@.@@@@@.@@@@@..
.....................
..@@@@@.@@@@@.@@@@@..
..@@@@@.@@@@@.@@@@@..
.....................
..@@@@@.@@@@@.@@@@@..
..@@@@@.@@@@@.@@@@@..
.....................
..@@@@@.@@@@@.@@@@@..
..@@@@@.@@@@@.@@@@@..
.....................
..@@@@@.@@@@@.@@@@@..
Agents:
14
0,3,20,9,0
1,11,20,12,0
2,7,19,14,0
3,0,20,16,1
4,0,19,9,1
5,4,19,11,1
6,1,19,10,0
7,8,1,6,19
8,7,0,0,19
9,17,0,0,20
10,4,0,17,20
11,12,1,15,20
12,12,0,12,20
13,0,1,16,19
