7,18x21_left2_right2
Grid:
18,21
..@@@@@.@@@@@.@@@@@..
.....................
..@@@@@.@@@@@.@@@@@..
..@@@@@.@@@@@.@@@@@..
.....................
..@@@@@.@@@@@.@@@@@..
..@@@@@.@@@@@.@@@@@..
.....................
..@@@@@.@@@@@.@@@@@..
..@@@@@.@@@@@.@@@@@..
.....................
..@@@@@.@@@@@.@@@@@..
..@@@@@.@@@@@.@@@@@..
.....................
..@@@@@.@@@@@.@@@@@..
..@@@@@.@@@@@.@@@@@..
.....................
..@@@@@.@@@@@.@@@@@..
Agents:
16
0,15,19,10,0
1,0,20,3,0
2,13,19,10,1
3,15,20,9,1
4,13,20,15,1
5,16,20,1,0
6,1,19,6,1
7,5,19,5,1
8,11,1,11,20
9,1,0,2,19
10,17,0,14,19
11,6,0,13,19
12,17,1,6,20
13,11,0,4,20
14,5,0,9,19
15,10,1,1,19
