0,18x21_left2_right2
Grid:
18,21
..@@@@@.@@@@@.@@@@@..
.....................
..@@@@@.@@@@@.@@@@@..
..@@@@@.@@@@@.@@@@@..
.....................
..@@@@@.@@@@@.@@@@@..
..@@@@@.@@@@@.@@@@@..
.....................
..@@@@@.@@@@@.@@@@@..
..@@@@@.@@@@@.@@@@@..
.....................
..@@@@@.@@@@@.@@@@@..
..@@@@@.@@@@@.@@@@@..
.....................
..@@@@@.@@@@@.@@@@@..
..@@@@@.@@@@@.@@@@@..
.....................
..@@@@@.@@@@@.@@@@@..
Agents:
14
0,13,20,7,0
1,11,20,6,0
2,12,19,1,1
3,17,20,4,0
4,5,19,8,0
5,7,20,16,1
6,2,19,3,1
7,2,0,16,19
8,10,1,17,20
9,16,1,1,20
10,9,1,6,20
11,1,0,12,19
12,12,0,8,20
13,6,0,2,20
