5,18x21_left2_right2
Grid:
18,21
..@@@@@.@@@@@.@@@@@..
.....................
..@@@@@.@@@@@.@@@@@..
..@@@@@.@@@@@.@@@@@..
.....................
..@@@@@.@@@@@.@@@@@..
..@@@@@.@@@@@.@@@@@..
.....................
..@@@@@.@@@@@.@@@@@..
..@@@@@.@@@@@.@@@@@..
.....................
..@@@@@.@@@@@.@@@@@..
..@@@@@.@@@@@.@@@@@..
.....................
..@@@@@.@@@@@.@@@@@..
..@@@@@.@@@@@.@@@@@..
.....................
..@@@@@.@@@@@.@@@@@..
Agents:
12
0,12,19,5,1
1,1,20,15,1
2,2,19,7,0
3,3,19,2,0
4,10,20,11,1
5,15,20,14,0
6,5,0,16,19
7,17,1,5,20
8,17,0,17,19
9,8,1,0,20
10,14,1,1,20
11,1,1,14,19
