6,18x21_left2_right2
Grid:
18,21
..@@@@@.@@@@@.@@@@@..
.....................
..@@@@@.@@@@@.@@@@@..
..@@@@@.@@@@@.@@@@@..
.....................
..@@@@@.@@@@@.@@@@@..
..@@@@@.@@@@@.@@@@@..
.....................
..@@@@@.@@@@@.@@@@@..
..@@@@@.@@@@@.@@@@@..
.....................
..@@@@@.@@@@@.@@@@@..
..@@@@@.@@@@@.@@@@@..
.....................
..@@@@@.@@@@@.@@@@@..
..@@@@@.@@@@@.@@@@@..
.....................
..@@@@@.@@@@@.@@@@@..
Agents:
16
0,7,20,11,1
1,5,20,5,0
2,1,19,2,1
3,10,19,14,1
4,17,19,13,1
5,12,20,1,0
6,6,19,5,1
7,17,20,4,1
8,3,0,10,20
9,13,1,11,19
10,17,1,7,20
11,11,0,5,20
12,5,1,14,20
13,10,0,4,20
14,15,0,17,19
15,14,1,1,19
