5,18x21_left2_right2
Grid:
18,21
..@@@@@.@@@@@.@@@@@..
.....................
..@@@@@.@@@@@.@@@@@..
..@@@@@.@@@@@.@@@@@..
.....................
..@@@@@.@@@@@.@@@@@..
..@@@@@.@@@@@.@@@@@..
.....................
..@@@@@.@@@@@.@@@@@..
..@@@@@.@@@@@.@@@@@..
.....................
..@@@@@.@@@@@.@@@@@..
..@@@@@.@@@@@.@@@@@..
.....................
..@@@@@.@@@@@.@@@@@..
..@@@@@.@@@@@.@@@@@..
.....................
..@@@@@.@@@@@.@@@@@..
Agents:
28
0,4,20,15,1
1,6,19,12,1
2,17,20,0,1
3,14,19,6,1
4,11,20,15,0
5,8,19,2,1
6,12,20,1,1
7,0,20,5,0
8,1,19,13,0
9,9,19,10,1
10,4,19,4,0
11,10,20,11,1
12,5,20,16,0
13,0,19,11,0
14,1,0,0,20
15,11,0,17,20
16,7,0,13,19
17,11,1,4,19
18,5,0,6,19
19,13,1,8,19
20,15,0,2,20
21,10,0,0,19
22,0,0,8,20
23,6,1,5,19
24,14,0,12,20
25,0,1,16,19
26,1,1,9,19
27,16,0,3,20
