1,18x21_left2_right2
Grid:
18,21
..@@@@@.@@@@@.@@@@@..
.....................
..@@@@@.@@@@@.@@@@@..
..@@@@@.@@@@@.@@@@@..
.....................
..@@@@@.@@@@@.@@@@@..
..@@@@@.@@@@@.@@@@@..
.....................
..@@@@@.@@@@@.@@@@@..
..@@@@@.@@@@@.@@@@@..
.....................
..@@@@@.@@@@@.@@@@@..
..@@@@@.@@@@@.@@@@@..
.....................
..@@@@@.@@@@@.@@@@@..
..@@@@@.@@@@@.@@@@@..
.....................
..@@@@@.@@@@@.@@@@@..
Agents:
24
0,15,19,5,0
1,12,20,8,1
2,10,19,6,1
3,0,19,14,0
4,11,19,10,1
5,10,20,16,0
6,9,20,14,1
7,17,19,8,0
8,1,19,9,1
9,14,20,2,0
10,3,19,13,1
11,12,19,4,1
12,10,0,14,19
13,12,1,4,20
14,1,0,17,20
15,3,0,15,19
16,7,0,15,20
17,11,1,9,19
18,10,1,5,20
19,5,0,11,20
20,12,0,1,19
21,14,0,12,19
22,1,1,8,19
23,6,1,13,20
