8,18x21_left2_right2
Grid:
18,21
..@@@@@.@@@@@.@@@@@..
.....................
..@@@@@.@@@@@.@@@@@..
..@@@@@.@@@@@.@@@@@..
.....................
..@@@@@.@@@@@.@@@@@..
..@@@@@.@@@@@.@@@@@..
.....................
..@@@@@.@@@@@.@@@@@..
..@@@@@.@@@@@.@@@@@..
.....................
..@@@@@.@@@@@.@@@@@..
..@@@@@.@@@@@.@@@@@..
.....................
..@@@@@.@@@@@.@@@@@..
..@@@@@.@@@@@.@@@@@..
.....................
..@@@@@.@@@@@.@@@@@..
Agents:
16
0,15,20,7,1
1,7,19,17,0
2,10,20,8,0
3,6,20,6,1
4,3,20,13,1
5,9,19,4,0
6,7,20,11,1
7,15,19,16,0
8,5,1,12,20
9,11,0,4,20
10,2,1,9,19
11,12,1,10,20
12,17,1,5,20
13,7,0,16,19
14,1,0,17,19
15,8,0,6,20
