7,18x21_left2_right2
Grid:
18,21
..@@@@@.@@@@@.@@@@@..
.....................
..@@@@@.@@@@@.@@@@@..
..@@@@@.@@@@@.@@@@@..
.....................
..@@@@@.@@@@@.@@@@@..
..@@@@@.@@@@@.@@@@@..
.....................
..@@@@@.@@@@@.@@@@@..
..@@@@@.@@@@@.@@@@@..
.....................
..@@@@@.@@@@@.@@@@@..
..@@@@@.@@@@@.@@@@@..
.....................
..@@@@@.@@@@@.@@@@@..
..@@@@@.@@@@@.@@@@@..
.....................
..@@@@@.@@@@@.@@@@@..
Agents:
24
0,16,19,14,1
1,5,19,4,1
2,1,19,2,1
3,10,19,12,1
4,13,19,13,0
5,4,19,9,0
6,12,19,4,0
7,6,20,6,1
8,9,20,1,1
9,7,19,3,0
10,4,20,0,0
11,13,20,5,1
12,11,1,5,20
13,15,0,14,20
14,9,1,15,20
15,6,0,12,20
16,8,0,3,19
17,13,1,17,19
18,13,0,9,19
19,5,0,0,19
20,10,1,9,20
21,17,0,10,20
22,4,0,17,20
23,0,1,0,20
