2,18x21_left2_right2
Grid:
18,21
..@@@@@.@@@@@.@@@@@..
.....................
..@@@@@.@@@@@.@@@@@..
..@@@@@.@@@@@.@@@@@..
.....................
..@@@@@.@@@@@.@@@@@..
..@@@@@.@@@@@.@@@@@..
.....................
..@@@@@.@@@@@.@@@@@..
..@@@@@.@@@@@.@@@@@..
.....................
..@@@@@.@@@@@.@@@@@..
..@@@@@.@@@@@.@@@@@..
.....................
..@@@@@.@@@@@.@@@@@..
..@@@@@.@@@@@.@@@@@..
.....................
..@@@@@.@@@@@.@@@@@..
Agents:
30
0,12,19,6,1
1,8,19,3,1
2,15,19,4,1
3,6,19,5,0
4,16,19,11,0
5,9,20,3,0
6,7,19,7,1
7,4,19,2,0
8,5,19,2,1
9,9,19,8,0
10,4,20,15,0
11,15,20,1,0
12,16,20,9,0
13,13,19,10,0
14,5,20,0,1
15,0,0,4,20
16,12,1,12,19
17,6,0,15,20
18,2,0,4,19
19,5,0,8,19
20,15,0,7,20
21,17,1,11,19
22,13,1,6,20
23,10,0,8,20
24,9,0,14,19
25,10,1,13,19
26,13,0,3,20
27,9,1,9,20
28,5,1,5,20
29,1,0,17,19
