2,18x21_left2_right2
Grid:
18,21
..@@@@@.@@@@@.@@@@@..
.....................
..@@@@@.@@@@@.@@@@@..
..@@@@@.@@@@@.@@@@@..
.....................
..@@@@@.@@@@@.@@@@@..
..@@@@@.@@@@@.@@@@@..
.....................
..@@@@@.@@@@@.@@@@@..
..@@@@@.@@@@@.@@@@@..
.....................
..@@@@@.@@@@@.@@@@@..
..@@@@@.@@@@@.@@@@@..
.....................
..@@@@@.@@@@@.@@@@@..
..@@@@@.@@@@@.@@@@@..
.....................
..@@@@@.@@@@@.@@@@@..
Agents:
16
0,4,20,4,1
1,1,20,11,0
2,5,20,0,0
3,1,19,15,1
4,3,19,14,0
5,0,20,10,1
6,8,19,4,0
7,11,19,7,0
8,1,1,13,20
9,1,0,7,19
10,11,0,12,20
11,12,1,7,20
12,9,1,17,20
13,7,1,4,20
14,16,1,3,20
15,17,0,1,20
