3,18x21_left2_right2
Grid:
18,21
..@@@@@.@@@@@.@@@@@..
.....................
..@@@@@.@@@@@.@@@@@..
..@@@@@.@@@@@.@@@@@..
.....................
..@@@@@.@@@@@.@@@@@..
..@@@@@.@@@@@.@@@@@..
.....................
..@@@@@.@@@@@.@@@@@..
..@@@@@.@@@@@.@@@@@..
.....................
..@@@@@.@@@@@.@@@@@..
..@@@@@.@@@@@.@@@@@..
.....................
..@@@@@.@@@@@.@@@@@..
..@@@@@.@@@@@.@@@@@..
.....................
..@@@@@.@@@@@.@@@@@..
Agents:
32
0,6,19,6,0
1,12,19,0,1
2,15,19,15,0
3,9,19,2,1
4,3,20,4,1
5,8,19,4,0
6,3,19,6,1
7,7,20,10,0
8,16,20,16,1
9,10,20,0,0
10,4,20,2,0
11,2,19,17,1
12,4,19,9,0
13,7,19,1,1
14,0,19,5,1
15,9,20,7,1
16,12,1,0,20
17,14,0,3,20
18,1,0,16,19
19,11,0,3,19
20,14,1,17,20
21,5,1,13,19
22,0,1,7,19
23,10,0,15,19
24,3,1,9,20
25,15,0,8,20
26,8,0,11,19
27,4,1,15,20
28,17,1,17,19
29,9,1,2,20
30,7,0,5,20
31,0,0,2,19
