0,18x21_left2_right2
Grid:
18,21
..@@@@@.@@@@@.@@@@@..
.....................
..@@@@@.@@@@@.@@@@@..
..@@@@@.@@@@@.@@@@@..
.....................
..@@@@@.@@@@@.@@@@@..
..@@@@@.@@@@@.@@@@@..
.....................
..@@@@@.@@@@@.@@@@@..
..@@@@@.@@@@@.@@@@@..
.....................
..@@@@@.@@@@@.@@@@@..
..@@@@@.@@@@@.@@@@@..
.....................
..@@@@@.@@@@@.@@@@@..
..@@@@@.@@@@@.@@@@@..
.....................
..@@@@@.@@@@@.@@@@@..
Agents:
12
0,13,19,6,0
1,0,19,4,1
2,14,19,11,0
3,5,20,17,1
4,2,20,3,1
5,13,20,17,0
6,1,1,13,19
7,6,0,16,19
8,7,0,16,20
9,1,0,4,19
10,0,0,17,19
11,9,1,2,19
