1,18x21_left2_right2
Grid:
18,21
..@@@@@.@@@@@.@@@@@..
.....................
..@@@@@.@@@@@.@@@@@..
..@@@@@.@@@@@.@@@@@..
.....................
..@@@@@.@@@@@.@@@@@..
..@@@@@.@@@@@.@@@@@..
.....................
..@@@@@.@@@@@.@@@@@..
..@@@@@.@@@@@.@@@@@..
.....................
..@@@@@.@@@@@.@@@@@..
..@@@@@.@@@@@.@@@@@..
.....................
..@@@@@.@@@@@.@@@@@..
..@@@@@.@@@@@.@@@@@..
.....................
..@@@@@.@@@@@.@@@@@..
Agents:
32
0,13,20,0,1
1,16,19,12,1
2,11,19,6,1
3,16,20,17,0
4,12,19,4,0
5,15,19,2,0
6,10,19,7,0
7,10,20,8,0
8,2,20,17,1
9,8,20,1,1
10,0,19,5,0
11,17,19,6,0
12,5,19,16,0
13,15,20,10,1
14,4,20,10,0
15,17,20,14,1
16,0,0,15,19
17,12,0,10,20
18,16,0,3,20
19,2,0,17,20
20,14,0,5,20
21,13,0,14,20
22,12,1,13,19
23,9,1,4,19
24,15,1,4,20
25,0,1,1,20
26,15,0,10,19
27,7,1,8,19
28,17,1,9,20
29,14,1,11,19
30,1,1,16,19
31,10,1,3,19
