2,18x21_left2_right2
Grid:
18,21
..@@@@@.@@@@@.@@@@@..
.....................
..@@@@@.@@@@@.@@@@@..
..@@@@@.@@@@@.@@@@@..
.....................
..@@@@@.@@@@@.@@@@@..
..@@@@@.@@@@@.@@@@@..
.....................
..@@@@@.@@@@@.@@@@@..
..@@@@@.@@@@@.@@@@@..
.....................
..@@@@@.@@@@@.@@@@@..
..@@@@@.@@@@@.@@@@@..
.....................
..@@@@@.@@@@@.@@@@@..
..@@@@@.@@@@@.@@@@@..
.....................
..@@@@@.@@@@@.@@@@@..
Agents:
26
0,9,19,12,1
1,6,19,5,0
2,16,20,11,0
3,3,20,2,0
4,4,20,8,1
5,7,19,7,1
6,15,20,17,0
7,10,19,14,0
8,11,20,3,1
9,17,19,16,1
10,6,20,2,1
11,14,20,17,1
12,11,19,9,1
13,6,0,2,20
14,0,1,14,20
15,12,0,1,19
16,9,0,8,19
17,2,0,5,20
18,3,0,17,20
19,16,0,5,19
20,17,0,8,20
21,13,1,16,19
22,1,0,12,20
23,9,1,9,19
24,11,0,3,19
25,7,1,10,20
