6,18x21_left2_right2
Grid:
18,21
..@@@@@.@@@@@.@@@@@..
.....................
..@@@@@.@@@@@.@@@@@..
..@@@@@.@@@@@.@@@@@..
.....................
..@@@@@.@@@@@.@@@@@..
..@@@@@.@@@@@.@@@@@..
.....................
..@@@@@.@@@@@.@@@@@..
..@@@@@.@@@@@.@@@@@..
.....................
..@@@@@.@@@@@.@@@@@..
..@@@@@.@@@@@.@@@@@..
.....................
..@@@@@.@@@@@.@@@@@..
..@@@@@.@@@@@.@@@@@..
.....................
..@@@@@.@@@@@.@@@@@..
Agents:
28
0,14,19,16,1
1,9,19,1,0
2,2,20,17,0
3,15,20,14,1
4,15,19,9,1
5,6,19,4,1
6,9,20,7,1
7,4,20,12,1
8,1,20,16,0
9,16,20,13,0
10,11,19,8,0
11,8,19,8,1
12,12,19,10,1
13,1,19,3,0
14,15,0,13,20
15,11,0,12,19
16,1,0,15,19
17,0,0,3,20
18,5,0,10,19
19,10,1,1,19
20,11,1,2,19
21,8,1,1,20
22,17,1,11,20
23,16,0,3,19
24,1,1,5,20
25,4,1,16,20
26,2,1,12,20
27,3,1,9,20
