1,18x21_left2_right2
Grid:
18,21
..@@@@@.@@@@@.@@@@@..
.....................
..@@@@@.@@@@@.@@@@@..
..@@@@@.@@@@@.@@@@@..
.....................
..@@@@@.@@@@@.@@@@@..
..@@@@@.@@@@@.@@@@@..
.....................
..@@@@@.@@@@@.@@@@@..
..@@@@@.@@@@@.@@@@@..
.....................
..@@@@@.@@@@@.@@@@@..
..@@@@@.@@@@@.@@@@@..
.....................
..@@@@@.@@@@@.@@@@@..
..@@@@@.@@@@@.@@@@@..
.....................
..@@@@@.@@@@@.@@@@@..
Agents:
30
0,14,20,15,1
1,8,20,1,1
2,11,19,9,1
3,11,20,3,1
4,4,20,0,0
5,15,20,3,0
6,10,20,8,0
7,3,20,16,0
8,13,20,14,0
9,17,20,6,1
10,3,19,12,0
11,0,20,0,1
12,12,19,17,0
13,10,19,4,1
14,2,19,6,0
15,14,0,8,20
16,4,0,12,19
17,3,1,17,20
18,16,1,2,20
19,6,1,17,19
20,10,1,1,19
21,4,1,3,19
22,7,0,11,20
23,15,1,10,19
24,13,0,6,19
25,12,0,6,20
26,0,1,11,19
27,0,0,13,20
28,14,1,15,19
29,5,0,9,19
