5,18x21_left2_right2
Grid:
18,21
..@@@@@.@@@@@.@@@@@..
.....................
..@@@@@.@@@@@.@@@@@..
..@@@@@.@@@@@.@@@@@..
.....................
..@@@@@.@@@@@.@@@@@..
..@@@@@.@@@@@.@@@@@..
.....................
..@@@@@.@@@@@.@@@@@..
..@@@@@.@@@@@.@@@@@..
.....................
..@@@@@.@@@@@.@@@@@..
..@@@@@.@@@@@.@@@@@..
.....................
..@@@@@.@@@@@.@@@@@..
..@@@@@.@@@@@.@@@@@..
.....................
..@@@@@.@@@@@.@@@@@..
Agents:
24
0,1,20,5,0
1,2,20,15,0
2,6,19,17,0
3,14,19,13,1
4,12,20,11,1
5,9,19,11,0
6,7,19,14,0
7,4,19,2,1
8,5,20,5,1
9,11,19,10,1
10,10,19,8,1
11,0,20,4,0
12,13,1,2,20
13,17,0,4,20
14,4,1,16,19
15,5,1,9,19
16,13,0,4,19
17,8,0,14,20
18,4,0,0,19
19,7,1,7,19
20,14,0,16,20
21,6,0,6,19
22,11,0,12,20
23,1,0,9,20
