0,18x21_left2_right2
Grid:
18,21
..@@@@@.@@@@@.@@@@@..
.....................
..@@@@@.@@@@@.@@@@@..
..@@@@@.@@@@@.@@@@@..
.....................
..@@@@@.@@@@@.@@@@@..
..@@@@@.@@@@@.@@@@@..
.....................
..@@@@@.@@@@@.@@@@@..
..@@@@@.@@@@@.@@@@@..
.....................
..@@@@@.@@@@@.@@@@@..
..@@@@@.@@@@@.@@@@@..
.....................
..@@@@@.@@@@@.@@@@@..
..@@@@@.@@@@@.@@@@@..
.....................
..@@@@@.@@@@@.@@@@@..
Agents:
30
0,1,20,16,0
1,11,20,9,1
2,17,20,1,1
3,10,20,7,1
4,8,19,0,0
5,4,19,2,0
6,8,20,10,0
7,0,20,17,0
8,14,19,11,0
9,7,19,7,0
10,10,19,14,0
11,11,19,8,0
12,15,19,13,0
13,13,20,9,0
14,9,19,10,1
15,11,0,3,20
16,0,1,2,19
17,10,0,8,19
18,12,1,7,20
19,14,0,13,19
20,6,1,12,20
21,14,1,16,20
22,8,0,0,20
23,9,0,14,20
24,4,1,11,19
25,13,1,6,19
26,5,1,1,20
27,2,0,10,20
28,3,0,9,20
29,3,1,12,19
