3,18x21_left2_right2
Grid:
18,21
..@@@@@.@@@@@.@@@@@..
.....................
..@@@@@.@@@@@.@@@@@..
..@@@@@.@@@@@.@@@@@..
.....................
..@@@@@.@@@@@.@@@@@..
..@@@@@.@@@@@.@@@@@..
.....................
..@@@@@.@@@@@.@@@@@..
..@@@@@.@@@@@.@@@@@..
.....................
..@@@@@.@@@@@.@@@@@..
..@@@@@.@@@@@.@@@@@..
.....................
..@@@@@.@@@@@.@@@@@..
..@@@@@.@@@@@.@@@@@..
.....................
..@@@@@.@@@@@.@@@@@..
Agents:
26
0,2,20,14,1
1,2,19,7,0
2,1,20,6,1
3,7,20,3,1
4,5,19,8,1
5,6,20,11,1
6,10,20,12,1
7,3,19,17,0
8,14,19,5,1
9,12,20,16,0
10,0,19,9,0
11,8,20,10,1
12,10,19,11,0
13,2,1,15,20
14,13,0,10,19
15,12,0,1,19
16,14,0,13,19
17,17,1,5,20
18,11,0,6,19
19,8,0,2,19
20,7,0,9,19
21,13,1,17,19
22,6,0,16,19
23,16,1,13,20
24,11,1,14,20
25,2,0,15,19
