1
Grid:
20,20
@....@@.....@.@...@.
@@..@.@..@....@.....
@.@.......@.........
..........@.........
...@....@.....@.@...
@..............@....
@.@........@..@....@
.....@.....@......@.
@@....@.....@.......
@...@@@@..@...@.@...
..@....@...@..@.@...
......@.........@...
.@@...@.....@@......
.....@...@.....@.@..
...@@@.@...@.@......
......@..@..........
..@.....@..@........
..@...@....@.@.@...@
.....@....@....@....
........@........@..
Agents:
15
0,10,17,0,19
1,15,19,14,1
2,16,18,3,8
3,12,3,16,17
4,2,16,10,3
5,15,0,3,4
6,19,11,12,18
7,19,13,7,1
8,13,2,11,8
9,3,17,6,9
10,7,6,13,0
11,2,5,8,18
12,13,8,10,5
13,16,15,12,16
14,2,1,0,7
