3
Grid:
20,20
.@.@@...@.@.....@...
..........@..@@.@..@
...........@@.......
............@..@...@
........@...@...@..@
.......@.........@..
@@@..........@@@@...
..@..@........@.....
...@@....@.@@..@@..@
.@.@@@.@...@@......@
...@..@.....@@...@.@
.@.@............@.@@
..@.@.@...@..@@.....
....................
...@.....@...@..@...
..........@...@.@...
.@.@.@..............
.............@.@....
....................
..@@............@...
Agents:
15
0,10,15,5,5
1,16,13,11,6
2,10,16,13,0
3,0,2,5,4
4,13,19,18,9
5,5,18,6,3
6,5,15,5,6
7,4,5,6,18
8,8,1,2,8
9,5,4,14,5
10,4,7,13,4
11,5,9,14,18
12,3,9,5,15
13,4,15,14,8
14,12,15,1,1
