7
Grid:
20,20
..@.........@.@@.@.@
.@@...@..........@..
..@@..............@.
......@@..@.........
.@@.............@...
.@@.@...............
....@....@...@@....@
@@..@@@.@.....@.@..@
.@.@.........@....@.
....@...@...........
@@...............@..
..@..@.@...@........
.@......@...........
..@@.........@.....@
..........@...@.@...
........@...........
.@@@.....@..@@...@..
....@.@@......@..@..
.....@.@.@...@.@..@.
....@@............@.
Agents:
15
0,18,16,5,9
1,14,1,14,1
2,0,10,10,5
3,12,10,2,14
4,9,5,12,6
5,16,4,15,5
6,18,14,9,19
7,7,12,7,7
8,13,4,9,12
9,18,17,10,10
10,3,11,14,7
11,15,12,18,1
12,16,7,17,16
13,5,0,19,7
14,5,8,14,4
