4
Grid:
20,20
.......@@........@..
.@.............@@...
...@.........@@....@
.....@.....@....@...
....@@....@.........
...@...@.......@....
..@@.........@.@...@
..@@..........@@@.@.
@............@@..@..
.......@.........@@.
..@.@....@...@...@@.
.........@.@....@@@.
@@.....@@........@..
@........@..........
.@........@....@@...
....@.@...@@.....@..
......@@...@.....@.@
.....@....@..@......
..@..@@...@.......@.
.....@......@....@..
Agents:
15
0,0,14,5,17
1,15,0,13,10
2,18,11,5,1
3,2,10,3,6
4,4,9,17,3
5,4,6,4,9
6,1,18,14,4
7,13,8,7,7
8,3,18,16,4
9,15,15,4,15
10,6,7,7,5
11,19,2,17,11
12,3,15,8,16
13,11,8,14,5
14,14,2,11,4
