2
Grid:
20,20
..@...@...........@.
.......@@..@...@....
....@......@@...@...
...@..@@.....@@...@.
...@...@.@..........
.............@@.@...
........@...@.......
@...@@.....@@...@...
...............@....
.@..@..@@..@...@.@@.
@...@......@........
....@......@@@@....@
.......@@...@...@@..
..@.@.......@.@.....
......@....@@...@.@.
...@........@@...@..
@..........@@...@...
......@@.....@.@....
..........@......@..
@........@....@.....
Agents:
15
0,9,9,5,10
1,17,2,15,1
2,4,18,10,12
3,10,2,19,2
4,12,0,9,6
5,0,17,4,13
6,5,5,15,10
7,14,0,5,17
8,10,14,7,8
9,0,0,8,2
10,3,17,1,16
11,3,4,16,8
12,14,10,14,4
13,2,19,1,6
14,10,19,16,5
