8
Grid:
20,20
..@.....@@.@.@@.....
...@@...............
.@.@@..@..@...@@....
...........@@.....@@
.@......@...@..@....
..@....@@.....@.@...
@.@......@........@.
....@..@.@..@......@
.@@...@.....@..@@...
.......@......@.@...
@...@....@...@...@..
........@.@.....@...
.@.@@.@...@..@.....@
@@.....@...@.@@.....
........@....@...@..
.....@..............
.....@....@....@...@
....@...............
....@...........@...
..................@@
Agents:
15
0,14,4,19,14
1,17,8,3,2
2,2,18,14,3
3,14,7,15,15
4,6,14,15,6
5,5,4,13,18
6,18,2,8,0
7,13,3,8,9
8,3,3,8,7
9,18,12,14,15
10,3,13,15,18
11,7,6,15,16
12,4,3,6,11
13,13,2,18,0
14,4,13,11,11
