9
Grid:
20,20
...@...........@....
...@..@.............
.@...@@........@...@
@.@.@.@.............
.......@@.....@..@.@
....@.@....@.@.@@...
.@...............@..
...@@.@............@
.@@.......@...@...@@
..@.@..........@....
..@.....@.....@.....
.....@@...@.........
..@........@.@@..@..
@.@.......@.@......@
...@............@..@
...@@....@.@....@...
........@.....@@....
..................@.
@...@@@...@....@..@.
..@@.........@..@@@.
Agents:
15
0,7,1,7,16
1,9,3,4,16
2,10,19,15,1
3,14,8,7,8
4,19,12,10,16
5,17,4,17,12
6,11,11,9,11
7,11,1,1,1
8,16,5,1,13
9,17,19,10,10
10,18,16,17,14
11,16,17,4,12
12,2,0,10,1
13,18,9,2,10
14,1,10,6,11
