0,9x39_left2_right2
Grid:
9,39
..@@@@@.@@@@@.@@@@@.@@@@@.@@@@@.@@@@@..
.......................................
..@@@@@.@@@@@.@@@@@.@@@@@.@@@@@.@@@@@..
..@@@@@.@@@@@.@@@@@.@@@@@.@@@@@.@@@@@..
.......................................
..@@@@@.@@@@@.@@@@@.@@@@@.@@@@@.@@@@@..
..@@@@@.@@@@@.@@@@@.@@@@@.@@@@@.@@@@@..
.......................................
..@@@@@.@@@@@.@@@@@.@@@@@.@@@@@.@@@@@..
Agents:
14
0,6,37,3,0
1,8,37,5,1
2,5,38,6,1
3,7,38,4,0
4,0,38,1,0
5,5,37,0,1
6,2,38,0,0
7,2,1,2,37
8,8,1,8,38
9,2,0,5,37
10,4,0,8,37
11,7,0,4,37
12,3,0,7,37
13,5,1,0,38
