8,9x39_left2_right2
Grid:
9,39
..@@@@@.@@@@@.@@@@@.@@@@@.@@@@@.@@@@@..
.......................................
..@@@@@.@@@@@.@@@@@.@@@@@.@@@@@.@@@@@..
..@@@@@.@@@@@.@@@@@.@@@@@.@@@@@.@@@@@..
.......................................
..@@@@@.@@@@@.@@@@@.@@@@@.@@@@@.@@@@@..
..@@@@@.@@@@@.@@@@@.@@@@@.@@@@@.@@@@@..
.......................................
..@@@@@.@@@@@.@@@@@.@@@@@.@@@@@.@@@@@..
Agents:
16
0,6,37,2,1
1,2,37,6,1
2,1,37,5,0
3,3,38,6,0
4,0,38,2,0
5,6,38,7,0
6,7,38,8,0
7,4,38,7,1
8,4,1,8,37
9,0,0,8,38
10,6,1,7,37
11,3,1,3,37
12,5,0,1,38
13,6,0,0,37
14,4,0,5,38
15,1,1,0,38
