1,9x39_left2_right2
Grid:
9,39
..@@@@@.@@@@@.@@@@@.@@@@@.@@@@@.@@@@@..
.......................................
..@@@@@.@@@@@.@@@@@.@@@@@.@@@@@.@@@@@..
..@@@@@.@@@@@.@@@@@.@@@@@.@@@@@.@@@@@..
.......................................
..@@@@@.@@@@@.@@@@@.@@@@@.@@@@@.@@@@@..
..@@@@@.@@@@@.@@@@@.@@@@@.@@@@@.@@@@@..
.......................................
..@@@@@.@@@@@.@@@@@.@@@@@.@@@@@.@@@@@..
Agents:
18
0,4,38,7,1
1,5,37,3,1
2,3,38,8,0
3,8,38,6,0
4,6,37,2,0
5,1,38,1,0
6,2,38,5,1
7,0,38,2,1
8,6,38,1,1
9,8,1,8,37
10,2,0,4,38
11,0,1,5,38
12,6,1,5,37
13,1,1,4,37
14,6,0,3,37
15,5,1,0,37
16,2,1,1,37
17,4,0,8,38
