6,9x39_left2_right2
Grid:
9,39
..@@@@@.@@@@@.@@@@@.@@@@@.@@@@@.@@@@@..
.......................................
..@@@@@.@@@@@.@@@@@.@@@@@.@@@@@.@@@@@..
..@@@@@.@@@@@.@@@@@.@@@@@.@@@@@.@@@@@..
.......................................
..@@@@@.@@@@@.@@@@@.@@@@@.@@@@@.@@@@@..
..@@@@@.@@@@@.@@@@@.@@@@@.@@@@@.@@@@@..
.......................................
..@@@@@.@@@@@.@@@@@.@@@@@.@@@@@.@@@@@..
Agents:
16
0,0,38,8,0
1,5,37,5,0
2,3,37,3,1
3,4,38,2,1
4,4,37,6,0
5,3,38,4,0
6,5,38,0,0
7,0,37,1,1
8,5,1,0,37
9,0,0,0,38
10,1,1,8,37
11,4,0,5,37
12,6,0,3,38
13,2,0,1,37
14,8,1,1,38
15,5,0,4,38
