1,9x39_left2_right2
Grid:
9,39
..@@@@@.@@@@@.@@@@@.@@@@@.@@@@@.@@@@@..
.......................................
..@@@@@.@@@@@.@@@@@.@@@@@.@@@@@.@@@@@..
..@@@@@.@@@@@.@@@@@.@@@@@.@@@@@.@@@@@..
.......................................
..@@@@@.@@@@@.@@@@@.@@@@@.@@@@@.@@@@@..
..@@@@@.@@@@@.@@@@@.@@@@@.@@@@@.@@@@@..
.......................................
..@@@@@.@@@@@.@@@@@.@@@@@.@@@@@.@@@@@..
Agents:
16
0,8,37,7,1
1,6,37,1,1
2,8,38,2,1
3,5,37,2,0
4,6,38,7,0
5,3,38,5,1
6,1,37,0,1
7,7,38,3,1
8,7,1,0,37
9,1,0,3,37
10,5,0,2,38
11,8,0,7,37
12,3,1,5,37
13,4,1,3,38
14,5,1,1,37
15,2,0,4,37
