2,9x39_left2_right2
Grid:
9,39
..@@@@@.@@@@@.@@@@@.@@@@@.@@@@@.@@@@@..
.......................................
..@@@@@.@@@@@.@@@@@.@@@@@.@@@@@.@@@@@..
..@@@@@.@@@@@.@@@@@.@@@@@.@@@@@.@@@@@..
.......................................
..@@@@@.@@@@@.@@@@@.@@@@@.@@@@@.@@@@@..
..@@@@@.@@@@@.@@@@@.@@@@@.@@@@@.@@@@@..
.......................................
..@@@@@.@@@@@.@@@@@.@@@@@.@@@@@.@@@@@..
Agents:
18
0,8,37,0,0
1,3,37,8,0
2,7,37,2,0
3,1,37,7,0
4,8,38,6,1
5,4,38,3,0
6,2,38,1,0
7,0,37,3,1
8,2,37,1,1
9,6,1,6,38
10,8,1,0,38
11,8,0,4,37
12,1,1,1,37
13,2,0,5,37
14,2,1,2,37
15,0,0,5,38
16,4,1,7,38
17,5,1,3,38
