2
Grid:
32,32
................................
................................
................................
................................
................................
................................
................................
................................
................................
................................
................................
................................
................................
................................
................................
................................
................................
................................
................................
................................
................................
................................
................................
................................
................................
................................
................................
................................
................................
................................
................................
................................
Agents:
166
0,13,3,2,3
1,29,12,18,13
2,14,30,18,21
3,11,6,22,15
4,15,7,31,30
5,27,4,22,18
6,3,11,20,19
7,29,30,17,13
8,8,3,26,3
9,6,30,16,14
10,15,8,27,2
11,23,12,24,0
12,2,5,23,5
13,4,24,4,12
14,22,7,11,11
15,13,14,20,24
16,14,19,28,19
17,6,4,5,8
18,20,6,6,25
19,21,18,18,20
20,7,24,4,15
21,15,5,25,13
22,6,14,23,25
23,0,19,23,12
24,30,17,18,10
25,24,10,29,23
26,3,5,27,11
27,12,17,0,25
28,9,8,5,25
29,26,18,26,24
30,15,3,27,17
31,17,20,27,14
32,23,20,18,5
33,28,9,27,13
34,23,4,7,6
35,15,0,11,12
36,9,28,3,16
37,0,31,28,17
38,28,29,16,6
39,30,22,27,18
40,23,3,27,22
41,13,4,8,30
42,15,2,7,3
43,11,9,21,27
44,6,21,16,15
45,26,11,17,4
46,11,2,23,22
47,3,3,13,10
48,6,26,28,7
49,14,18,10,5
50,18,22,15,10
51,27,26,7,29
52,1,23,23,29
53,1,6,2,26
54,4,13,1,15
55,20,12,6,9
56,9,4,7,18
57,21,12,15,21
58,5,20,26,6
59,9,18,17,7
60,3,2,1,5
61,24,28,22,24
62,24,2,30,4
63,14,12,14,7
64,4,1,1,11
65,8,19,30,22
66,2,23,25,6
67,1,4,1,28
68,4,25,5,13
69,0,14,10,4
70,1,7,19,24
71,14,26,9,30
72,21,26,26,21
73,8,31,10,30
74,19,25,17,20
75,16,29,4,28
76,3,26,13,20
77,14,8,28,28
78,20,18,1,16
79,29,28,4,0
80,0,25,22,12
81,2,2,25,25
82,9,14,10,25
83,18,4,0,19
84,14,10,10,3
85,1,27,4,10
86,2,12,30,9
87,30,0,1,9
88,12,20,2,5
89,4,4,16,17
90,13,15,14,18
91,19,6,26,20
92,22,28,9,11
93,4,14,11,9
94,16,5,13,14
95,7,14,27,7
96,16,7,17,29
97,7,4,4,4
98,17,8,17,10
99,24,21,11,30
100,26,22,22,10
101,28,13,30,26
102,5,9,29,18
103,24,27,7,23
104,11,19,28,3
105,31,3,6,2
106,13,17,0,14
107,6,18,31,11
108,10,29,5,22
109,5,16,26,11
110,10,2,0,27
111,13,5,8,10
112,12,0,9,31
113,19,4,3,20
114,22,12,29,20
115,10,8,17,24
116,2,13,1,7
117,8,6,18,22
118,12,12,14,30
119,2,1,7,5
120,12,27,2,27
121,22,31,31,18
122,17,12,2,11
123,3,23,13,1
124,8,0,25,19
125,29,24,26,12
126,29,18,30,12
127,25,29,30,10
128,15,24,30,20
129,10,4,0,16
130,16,25,25,15
131,13,8,10,22
132,21,1,12,19
133,25,16,19,25
134,9,19,19,28
135,2,17,29,31
136,11,30,27,29
137,5,10,15,17
138,4,8,14,4
139,9,20,15,6
140,4,27,27,25
141,4,26,6,21
142,19,15,16,31
143,26,17,3,24
144,16,10,25,17
145,27,6,21,17
146,13,24,26,4
147,30,26,23,30
148,2,7,16,22
149,7,12,15,8
150,14,20,20,25
151,4,11,11,24
152,16,12,30,29
153,17,3,14,29
154,31,5,9,28
155,19,1,10,2
156,26,27,8,12
157,21,17,23,23
158,13,10,29,30
159,22,23,27,5
160,3,24,8,25
161,22,27,20,27
162,31,19,0,6
163,31,11,1,14
164,7,28,18,17
165,1,28,8,19
