2
Grid:
32,32
................................
................................
................................
................................
................................
................................
................................
................................
................................
................................
................................
................................
................................
................................
................................
................................
................................
................................
................................
................................
................................
................................
................................
................................
................................
................................
................................
................................
................................
................................
................................
................................
Agents:
30
0,25,20,2,0
1,0,26,4,25
2,31,30,25,0
3,24,17,9,1
4,5,9,27,26
5,29,6,10,20
6,22,20,20,2
7,23,14,25,10
8,18,2,31,29
9,0,21,31,31
10,6,30,16,17
11,28,21,15,21
12,20,16,26,1
13,11,24,12,27
14,4,16,3,28
15,10,25,28,2
16,29,14,1,12
17,9,15,3,2
18,20,17,6,19
19,22,8,8,20
20,25,17,22,20
21,17,28,26,23
22,31,18,16,27
23,11,23,22,15
24,26,26,22,30
25,16,11,7,6
26,9,7,31,16
27,1,27,9,16
28,23,10,28,0
29,6,15,20,7
