4
Grid:
32,32
................................
................................
................................
................................
................................
................................
................................
................................
................................
................................
................................
................................
................................
................................
................................
................................
................................
................................
................................
................................
................................
................................
................................
................................
................................
................................
................................
................................
................................
................................
................................
................................
Agents:
152
0,29,20,18,6
1,17,30,4,25
2,0,18,5,27
3,20,2,12,7
4,19,3,4,12
5,21,11,25,16
6,29,22,27,16
7,13,19,22,29
8,7,18,15,21
9,2,17,19,26
10,26,13,4,1
11,24,3,5,13
12,27,18,31,10
13,25,16,6,18
14,28,25,0,4
15,5,12,17,22
16,9,6,16,18
17,14,31,31,30
18,2,25,21,13
19,5,30,5,4
20,14,25,6,10
21,26,21,24,30
22,0,1,15,27
23,11,0,25,29
24,11,10,3,29
25,2,13,17,17
26,10,24,8,22
27,20,15,13,6
28,27,14,1,31
29,2,14,16,5
30,25,4,15,14
31,6,26,18,8
32,30,8,7,21
33,1,23,24,2
34,7,13,5,28
35,16,14,5,7
36,12,4,7,19
37,2,1,2,9
38,2,26,17,7
39,7,24,16,6
40,5,18,5,22
41,23,23,0,16
42,17,31,25,4
43,3,19,12,26
44,22,23,31,7
45,5,10,16,20
46,19,0,7,6
47,31,20,13,5
48,25,29,29,15
49,25,20,11,6
50,1,5,11,0
51,21,19,5,19
52,28,24,15,17
53,12,8,18,22
54,6,0,6,4
55,31,19,16,16
56,3,6,7,7
57,6,16,14,3
58,5,7,24,31
59,10,28,29,13
60,23,21,18,1
61,31,24,22,5
62,14,18,18,29
63,27,19,21,9
64,31,7,20,5
65,25,2,12,14
66,22,28,3,5
67,28,30,25,25
68,3,11,11,28
69,7,14,12,8
70,16,5,4,30
71,11,31,14,18
72,28,16,11,23
73,17,14,14,21
74,15,18,10,21
75,19,28,4,3
76,28,11,25,0
77,6,28,26,3
78,5,9,1,14
79,12,1,12,27
80,26,0,21,24
81,16,9,26,17
82,20,6,6,23
83,4,31,29,4
84,21,9,2,1
85,5,26,24,25
86,13,15,27,24
87,21,27,9,14
88,25,12,20,25
89,4,13,13,10
90,20,28,22,24
91,6,11,27,27
92,22,31,6,16
93,25,25,20,31
94,30,6,16,3
95,1,28,1,30
96,3,20,15,2
97,4,28,29,31
98,26,8,1,3
99,13,20,25,14
100,6,19,31,20
101,15,21,19,18
102,19,17,9,10
103,8,0,2,19
104,15,20,21,30
105,2,29,29,27
106,26,5,10,29
107,19,21,24,8
108,13,10,29,1
109,0,14,10,3
110,7,8,6,17
111,22,24,7,15
112,10,25,16,11
113,17,27,9,19
114,31,0,4,31
115,22,18,16,26
116,15,3,5,18
117,30,0,1,18
118,17,6,12,20
119,1,26,22,22
120,19,5,26,11
121,26,3,13,31
122,19,23,10,30
123,11,28,12,9
124,11,26,23,27
125,22,22,4,27
126,14,19,12,23
127,20,1,20,28
128,7,7,30,16
129,31,10,11,19
130,4,20,12,25
131,16,7,17,8
132,27,6,20,17
133,6,3,15,15
134,23,0,3,21
135,30,12,27,29
136,13,30,8,3
137,19,24,13,17
138,23,11,15,26
139,22,8,22,9
140,17,26,2,30
141,27,16,14,6
142,31,26,31,2
143,26,9,22,18
144,31,16,0,23
145,30,30,0,30
146,7,4,27,10
147,1,15,21,16
148,2,21,1,22
149,23,2,8,28
150,18,24,23,6
151,20,9,9,27
