2
Grid:
32,32
................................
................................
................................
................................
................................
................................
................................
................................
................................
................................
................................
................................
................................
................................
................................
................................
................................
................................
................................
................................
................................
................................
................................
................................
................................
................................
................................
................................
................................
................................
................................
................................
Agents:
118
0,14,31,2,3
1,25,0,26,7
2,21,7,27,24
3,11,11,29,3
4,1,2,6,31
5,28,0,23,8
6,30,8,15,25
7,19,18,0,20
8,7,29,6,14
9,14,10,15,21
10,2,4,24,19
11,0,24,7,14
12,22,5,9,1
13,31,23,6,17
14,24,9,23,15
15,26,15,14,31
16,14,20,26,5
17,28,16,19,1
18,28,24,20,14
19,2,2,21,17
20,23,29,29,16
21,24,1,1,19
22,18,17,24,8
23,6,1,5,6
24,28,4,29,30
25,15,31,8,10
26,14,9,19,18
27,31,0,21,2
28,10,16,16,24
29,7,20,22,13
30,18,24,2,8
31,8,13,27,31
32,18,9,21,27
33,12,2,2,12
34,21,14,23,4
35,26,11,28,5
36,19,4,27,13
37,11,30,22,16
38,6,4,24,22
39,25,19,14,15
40,16,22,6,25
41,13,21,0,15
42,31,14,25,1
43,5,19,15,2
44,17,27,27,9
45,14,18,29,10
46,27,3,9,21
47,11,0,1,7
48,25,5,4,29
49,31,2,22,29
50,31,4,21,8
51,11,13,9,6
52,10,4,2,25
53,12,10,7,21
54,30,0,23,28
55,26,5,17,8
56,22,19,6,26
57,3,28,21,12
58,10,18,13,9
59,13,3,3,11
60,3,25,27,29
61,17,26,22,22
62,0,8,27,17
63,16,16,18,2
64,24,10,1,12
65,5,1,23,9
66,5,23,13,11
67,19,12,1,27
68,10,31,7,30
69,11,27,7,0
70,2,27,4,4
71,20,17,8,5
72,1,8,5,8
73,28,7,0,26
74,0,15,20,0
75,22,7,30,22
76,23,27,25,29
77,30,6,24,23
78,13,1,30,5
79,19,28,16,13
80,17,19,25,28
81,27,25,16,5
82,0,30,27,6
83,31,22,27,15
84,17,10,29,7
85,7,17,4,7
86,4,0,8,30
87,25,23,13,5
88,12,8,15,16
89,15,9,20,6
90,20,30,2,10
91,9,9,29,29
92,25,13,13,2
93,25,25,10,11
94,7,5,27,22
95,9,1,24,15
96,8,29,2,17
97,8,9,8,14
98,29,11,6,4
99,31,6,29,23
100,26,21,17,16
101,2,18,1,9
102,24,21,6,20
103,21,11,2,7
104,31,29,24,14
105,5,18,28,14
106,28,23,20,10
107,9,27,31,6
108,31,3,17,10
109,10,17,31,16
110,15,14,9,15
111,11,8,1,6
112,30,3,5,30
113,14,3,3,20
114,10,7,22,30
115,0,29,3,27
116,20,27,4,10
117,1,24,5,20
