4
Grid:
32,32
................................
................................
................................
................................
................................
................................
................................
................................
................................
................................
................................
................................
................................
................................
................................
................................
................................
................................
................................
................................
................................
................................
................................
................................
................................
................................
................................
................................
................................
................................
................................
................................
Agents:
30
0,5,27,10,25
1,9,24,22,1
2,19,20,5,8
3,28,26,28,24
4,2,8,21,11
5,19,6,16,10
6,12,10,10,4
7,14,3,5,1
8,16,27,25,20
9,8,20,8,6
10,22,1,12,20
11,6,0,10,6
12,16,20,22,13
13,8,14,11,8
14,21,12,11,24
15,6,9,27,28
16,28,1,10,31
17,27,26,31,14
18,25,22,23,28
19,1,12,2,20
20,25,0,1,8
21,15,23,11,0
22,11,15,30,27
23,3,4,7,11
24,12,6,27,1
25,7,6,14,28
26,25,4,15,13
27,20,8,7,13
28,8,30,4,26
29,11,13,13,11
