1
Grid:
32,32
................................
................................
................................
................................
................................
................................
................................
................................
................................
................................
................................
................................
................................
................................
................................
................................
................................
................................
................................
................................
................................
................................
................................
................................
................................
................................
................................
................................
................................
................................
................................
................................
Agents:
130
0,11,15,20,13
1,3,18,23,14
2,5,17,23,4
3,5,3,7,10
4,11,24,27,25
5,31,26,20,31
6,23,26,5,15
7,13,30,21,20
8,26,14,30,25
9,7,22,25,7
10,3,13,13,28
11,21,9,10,17
12,29,24,20,10
13,2,24,0,6
14,25,24,9,22
15,0,19,29,16
16,15,6,11,2
17,3,5,10,7
18,3,17,21,25
19,19,20,10,21
20,17,15,11,16
21,24,8,20,16
22,11,28,15,11
23,11,31,23,18
24,4,7,16,10
25,25,16,6,21
26,12,1,27,19
27,1,30,26,25
28,26,26,0,19
29,21,12,12,21
30,14,12,23,17
31,9,19,3,16
32,23,11,31,1
33,10,16,14,19
34,22,7,30,19
35,27,8,9,20
36,27,19,31,17
37,5,19,27,23
38,20,12,15,31
39,29,1,27,20
40,13,2,27,5
41,20,18,11,18
42,30,16,15,22
43,6,14,19,26
44,4,5,22,19
45,11,9,28,27
46,28,6,11,26
47,5,4,21,18
48,5,5,12,29
49,16,31,4,5
50,17,26,12,22
51,9,28,12,13
52,12,17,12,4
53,21,25,24,7
54,28,13,8,0
55,9,13,31,19
56,28,20,15,6
57,30,11,19,11
58,24,23,8,27
59,20,7,16,24
60,5,27,10,12
61,28,17,1,6
62,12,20,17,15
63,13,0,18,16
64,14,15,18,26
65,27,30,17,26
66,15,19,27,3
67,6,13,22,27
68,26,13,21,3
69,18,23,8,18
70,13,7,29,23
71,8,25,15,20
72,12,14,30,23
73,16,9,31,12
74,26,21,23,28
75,14,23,20,20
76,4,1,8,23
77,11,27,2,19
78,17,30,26,12
79,4,10,27,14
80,17,31,18,29
81,17,7,20,24
82,12,23,10,2
83,9,20,25,3
84,21,30,6,10
85,4,4,12,11
86,11,19,24,1
87,19,31,8,12
88,30,18,28,1
89,3,25,20,17
90,5,2,30,8
91,24,11,12,9
92,1,22,13,27
93,23,1,2,24
94,2,29,7,29
95,8,12,1,3
96,29,9,14,3
97,28,3,5,17
98,12,25,12,2
99,2,1,8,13
100,21,31,24,24
101,21,23,10,15
102,8,31,13,4
103,27,31,13,26
104,27,11,6,7
105,5,15,3,28
106,6,5,9,26
107,21,19,13,13
108,17,21,13,11
109,1,14,22,11
110,11,6,27,11
111,2,21,1,22
112,13,12,18,24
113,31,22,24,12
114,22,9,20,5
115,13,24,14,30
116,5,13,6,30
117,19,23,24,0
118,24,24,2,12
119,5,23,31,21
120,30,7,7,2
121,9,27,29,26
122,30,25,30,31
123,15,16,11,20
124,14,21,22,0
125,14,11,30,16
126,14,4,12,7
127,2,10,30,21
128,22,19,10,25
129,0,10,16,13
