4
Grid:
32,32
................................
................................
................................
................................
................................
................................
................................
................................
................................
................................
................................
................................
................................
................................
................................
................................
................................
................................
................................
................................
................................
................................
................................
................................
................................
................................
................................
................................
................................
................................
................................
................................
Agents:
136
0,12,7,23,21
1,12,20,20,4
2,9,15,6,10
3,4,5,3,26
4,4,26,17,9
5,12,13,22,6
6,22,9,11,1
7,18,20,31,20
8,25,9,28,24
9,28,27,11,13
10,15,25,20,9
11,8,24,26,22
12,11,9,2,16
13,14,26,28,13
14,23,23,18,18
15,30,15,8,18
16,27,22,14,16
17,4,14,29,28
18,23,20,28,11
19,16,7,19,6
20,9,0,17,5
21,16,11,25,9
22,0,4,21,2
23,6,30,1,26
24,3,2,25,7
25,9,18,8,3
26,30,20,10,3
27,9,31,5,12
28,1,9,20,14
29,14,13,13,16
30,22,7,31,3
31,15,7,16,15
32,14,28,30,18
33,16,10,25,11
34,17,7,25,31
35,10,7,22,28
36,16,8,18,2
37,7,31,4,16
38,9,10,5,13
39,19,24,6,18
40,1,26,18,23
41,2,27,27,15
42,5,9,30,21
43,23,15,29,8
44,4,24,13,6
45,19,7,18,4
46,25,28,5,15
47,9,8,27,0
48,28,24,5,28
49,13,11,17,1
50,24,27,13,0
51,24,2,0,6
52,2,21,29,4
53,12,9,8,19
54,22,22,1,17
55,21,22,10,21
56,12,27,10,28
57,5,19,27,23
58,1,5,17,11
59,4,0,7,1
60,5,25,24,28
61,19,3,17,23
62,14,20,31,9
63,31,31,14,27
64,3,16,22,16
65,20,9,7,10
66,10,21,10,9
67,2,7,28,26
68,3,3,5,5
69,6,2,27,7
70,3,26,4,3
71,1,29,10,23
72,17,3,30,5
73,15,13,10,25
74,3,9,26,0
75,23,16,6,27
76,5,13,24,26
77,5,30,12,14
78,7,20,29,18
79,19,14,17,18
80,22,13,13,2
81,6,6,5,22
82,2,11,0,18
83,11,22,18,30
84,25,30,29,19
85,15,29,29,3
86,30,2,13,17
87,29,10,25,29
88,24,22,27,16
89,18,11,14,9
90,4,17,23,28
91,27,25,13,23
92,24,3,30,28
93,4,29,2,19
94,16,3,17,27
95,31,14,10,20
96,16,24,26,26
97,12,22,1,24
98,20,26,25,15
99,26,5,21,21
100,23,25,8,6
101,20,5,13,1
102,25,25,3,0
103,18,2,26,13
104,16,26,6,24
105,6,16,22,8
106,2,8,4,12
107,9,4,12,23
108,17,13,22,18
109,13,31,23,29
110,7,13,6,29
111,6,22,3,3
112,30,0,16,7
113,13,5,22,9
114,22,6,3,21
115,22,29,26,30
116,28,12,19,20
117,19,10,15,20
118,29,22,24,30
119,0,30,25,14
120,17,1,23,1
121,13,21,16,9
122,28,15,20,27
123,14,7,20,24
124,4,6,27,9
125,30,9,7,11
126,19,29,26,21
127,6,24,0,8
128,11,12,27,3
129,20,21,19,12
130,21,31,15,17
131,7,27,4,30
132,12,15,23,22
133,14,5,18,5
134,0,16,15,21
135,25,14,11,10
