1
Grid:
32,32
................................
................................
................................
................................
................................
................................
................................
................................
................................
................................
................................
................................
................................
................................
................................
................................
................................
................................
................................
................................
................................
................................
................................
................................
................................
................................
................................
................................
................................
................................
................................
................................
Agents:
102
0,19,17,5,12
1,1,27,22,5
2,0,5,7,28
3,28,8,5,26
4,13,6,31,31
5,23,15,14,9
6,13,21,20,11
7,18,20,17,26
8,6,7,25,21
9,23,3,8,10
10,2,5,18,2
11,30,24,22,2
12,15,29,1,10
13,2,12,20,29
14,13,17,23,7
15,21,3,11,16
16,11,26,4,15
17,10,20,22,9
18,17,24,27,9
19,8,30,11,21
20,11,15,13,23
21,23,7,7,30
22,2,17,4,9
23,4,5,29,6
24,21,16,17,23
25,28,9,23,21
26,25,14,13,31
27,18,9,29,8
28,11,2,7,22
29,18,8,14,28
30,5,1,15,13
31,25,5,17,17
32,26,10,13,3
33,10,24,5,0
34,9,17,1,1
35,21,31,5,20
36,27,3,2,2
37,26,14,27,18
38,0,8,14,12
39,27,0,22,18
40,22,28,2,27
41,20,11,25,24
42,9,28,27,30
43,7,1,22,1
44,9,15,14,13
45,6,31,22,0
46,24,10,8,8
47,22,18,9,28
48,13,23,28,7
49,7,12,19,12
50,27,4,21,9
51,26,29,29,11
52,14,21,31,7
53,20,4,26,7
54,8,2,18,26
55,6,17,26,28
56,24,8,1,7
57,10,28,23,14
58,16,15,13,15
59,0,13,19,26
60,16,8,5,3
61,8,6,20,1
62,24,28,8,20
63,24,14,28,12
64,25,3,15,2
65,1,18,11,6
66,1,23,13,17
67,29,20,31,4
68,8,3,0,12
69,24,6,30,18
70,9,20,18,25
71,6,15,28,15
72,31,25,24,14
73,1,30,24,20
74,23,25,24,26
75,27,19,16,17
76,28,20,28,1
77,4,18,3,17
78,10,4,2,6
79,7,2,28,31
80,23,21,25,17
81,7,23,17,20
82,27,25,29,1
83,18,11,10,21
84,5,13,28,13
85,16,1,8,23
86,29,4,31,14
87,21,27,17,31
88,16,31,17,12
89,13,29,12,4
90,12,0,26,17
91,8,14,20,7
92,22,13,3,12
93,23,29,26,14
94,31,6,23,29
95,28,17,19,7
96,8,8,2,22
97,29,7,11,2
98,12,11,17,27
99,20,13,3,25
100,3,26,5,23
101,23,0,25,8
