0
Grid:
32,32
................................
................................
................................
................................
................................
................................
................................
................................
................................
................................
................................
................................
................................
................................
................................
................................
................................
................................
................................
................................
................................
................................
................................
................................
................................
................................
................................
................................
................................
................................
................................
................................
Agents:
32
0,9,23,13,15
1,8,15,3,27
2,27,9,26,13
3,25,19,24,21
4,17,31,1,24
5,17,23,24,12
6,1,5,22,7
7,7,15,1,25
8,0,10,30,8
9,15,6,28,11
10,0,29,4,2
11,12,28,16,14
12,26,14,15,3
13,23,5,17,18
14,27,6,7,9
15,7,31,22,3
16,25,7,21,24
17,4,1,31,3
18,9,7,18,0
19,7,4,21,15
20,1,26,22,11
21,7,29,18,11
22,12,26,12,8
23,23,6,4,25
24,24,18,27,21
25,25,22,22,10
26,20,29,15,9
27,1,12,30,2
28,10,11,1,15
29,21,12,11,24
30,18,20,26,3
31,23,11,27,17
