0
Grid:
32,32
................................
................................
................................
................................
................................
................................
................................
................................
................................
................................
................................
................................
................................
................................
................................
................................
................................
................................
................................
................................
................................
................................
................................
................................
................................
................................
................................
................................
................................
................................
................................
................................
Agents:
160
0,2,0,5,11
1,26,16,7,10
2,29,23,5,27
3,14,6,27,12
4,17,9,22,25
5,20,1,24,4
6,8,13,12,2
7,27,26,27,24
8,28,8,5,1
9,9,18,12,8
10,22,19,23,22
11,9,14,5,25
12,13,27,6,7
13,23,13,23,20
14,17,14,25,24
15,17,15,8,27
16,12,27,3,18
17,0,20,14,6
18,27,19,16,30
19,14,2,22,27
20,13,29,6,29
21,25,27,9,20
22,28,30,22,14
23,27,16,19,18
24,6,25,17,20
25,13,4,22,7
26,18,15,30,4
27,22,12,15,23
28,3,1,31,9
29,0,1,9,0
30,20,2,23,14
31,24,4,21,25
32,20,13,17,18
33,12,7,6,16
34,30,8,18,24
35,25,6,13,21
36,4,25,16,19
37,25,14,21,15
38,19,28,26,17
39,31,24,30,24
40,18,0,22,13
41,7,23,1,4
42,2,7,31,13
43,8,17,29,25
44,30,15,3,15
45,15,13,7,31
46,1,12,0,7
47,8,22,30,15
48,3,22,25,9
49,27,15,30,8
50,17,19,20,20
51,18,29,15,17
52,31,6,30,11
53,0,25,11,11
54,21,7,29,28
55,25,7,30,17
56,2,8,25,18
57,15,19,26,10
58,27,0,11,13
59,2,13,0,23
60,4,27,12,28
61,9,15,0,17
62,24,12,3,24
63,5,23,24,10
64,16,2,28,18
65,11,29,23,7
66,0,15,25,29
67,6,30,1,6
68,14,9,28,19
69,23,27,30,31
70,6,15,13,25
71,27,22,28,27
72,22,8,14,22
73,10,25,19,15
74,29,20,9,22
75,27,2,31,26
76,19,14,12,13
77,11,22,27,21
78,10,3,31,11
79,4,18,7,12
80,1,9,18,14
81,8,19,24,11
82,28,27,11,5
83,7,18,24,3
84,2,16,0,20
85,5,18,25,26
86,8,6,19,5
87,6,20,22,2
88,31,18,31,2
89,25,16,29,22
90,2,11,18,2
91,7,8,24,24
92,10,18,22,26
93,4,15,30,14
94,19,11,7,28
95,4,5,10,17
96,26,29,1,25
97,25,26,19,9
98,1,23,22,16
99,23,12,30,2
100,15,9,17,3
101,25,12,5,19
102,7,22,31,0
103,23,24,19,11
104,9,20,5,8
105,16,21,28,9
106,12,20,4,12
107,17,20,10,11
108,14,18,6,9
109,29,26,16,24
110,13,3,15,25
111,12,9,14,19
112,13,22,18,8
113,25,30,17,9
114,15,10,8,12
115,20,12,5,29
116,12,29,29,4
117,14,29,7,29
118,10,14,22,21
119,24,27,7,17
120,1,15,23,29
121,20,4,0,14
122,14,25,12,25
123,28,5,12,17
124,9,12,31,23
125,9,4,0,22
126,15,20,24,18
127,31,30,5,17
128,9,0,19,1
129,31,11,20,1
130,5,6,27,2
131,1,2,15,15
132,1,14,26,8
133,6,19,30,23
134,10,0,19,31
135,25,1,3,3
136,25,29,28,11
137,15,8,8,1
138,26,19,1,15
139,21,2,1,1
140,2,24,0,13
141,29,12,14,7
142,4,24,7,3
143,28,22,8,13
144,10,13,12,15
145,3,11,17,8
146,24,13,5,18
147,31,21,28,6
148,27,29,18,18
149,6,23,11,22
150,3,21,1,2
151,5,11,13,3
152,5,17,26,29
153,5,10,28,30
154,12,13,27,13
155,21,30,16,8
156,27,1,1,28
157,5,2,4,6
158,19,1,30,27
159,5,15,5,20
