2
Grid:
32,32
................................
................................
................................
................................
................................
................................
................................
................................
................................
................................
................................
................................
................................
................................
................................
................................
................................
................................
................................
................................
................................
................................
................................
................................
................................
................................
................................
................................
................................
................................
................................
................................
Agents:
62
0,29,0,5,14
1,26,15,31,7
2,5,25,13,25
3,8,19,12,28
4,10,14,24,16
5,1,5,11,18
6,13,16,14,10
7,29,14,20,4
8,18,6,0,5
9,24,31,14,9
10,1,30,24,22
11,18,9,25,14
12,23,17,19,3
13,24,6,25,25
14,4,30,1,6
15,26,27,12,0
16,4,25,18,14
17,1,26,4,12
18,23,22,29,25
19,6,30,12,24
20,2,10,14,28
21,22,18,22,15
22,2,7,8,4
23,0,28,27,1
24,4,15,24,13
25,25,0,23,30
26,15,31,25,10
27,23,19,16,9
28,1,2,13,14
29,15,12,20,6
30,19,6,15,4
31,0,20,1,13
32,14,3,26,14
33,23,27,31,23
34,31,26,3,30
35,29,22,2,17
36,7,31,25,30
37,19,4,10,15
38,14,16,6,31
39,6,7,1,11
40,25,11,31,17
41,2,4,28,5
42,9,1,23,15
43,12,6,13,6
44,30,19,14,24
45,28,31,20,27
46,26,10,19,23
47,30,16,23,12
48,17,14,7,10
49,25,29,8,17
50,5,8,8,23
51,16,31,11,7
52,2,24,4,13
53,23,13,18,1
54,29,18,11,22
55,4,16,14,0
56,27,8,31,28
57,18,8,7,18
58,3,28,27,24
59,10,12,24,19
60,22,17,25,11
61,29,12,29,29
