1
Grid:
32,32
................................
................................
................................
................................
................................
................................
................................
................................
................................
................................
................................
................................
................................
................................
................................
................................
................................
................................
................................
................................
................................
................................
................................
................................
................................
................................
................................
................................
................................
................................
................................
................................
Agents:
150
0,12,25,21,15
1,3,2,22,12
2,16,30,22,29
3,28,20,4,25
4,31,23,31,28
5,1,8,18,11
6,17,16,10,3
7,13,30,30,25
8,5,26,28,28
9,11,2,3,20
10,27,1,30,5
11,19,0,30,31
12,5,1,24,14
13,11,10,3,8
14,4,0,27,5
15,26,28,2,13
16,26,21,10,29
17,28,7,7,24
18,15,21,23,7
19,8,3,15,7
20,27,19,6,22
21,14,24,26,18
22,13,25,10,22
23,9,14,8,29
24,21,24,31,13
25,5,12,24,12
26,13,4,18,7
27,28,10,25,23
28,5,3,15,27
29,28,14,20,1
30,19,18,28,31
31,15,30,1,10
32,28,4,18,22
33,14,27,1,24
34,20,6,3,27
35,14,16,25,13
36,17,7,21,17
37,6,7,14,9
38,19,26,31,21
39,19,12,2,9
40,23,28,5,24
41,20,12,11,28
42,27,13,3,13
43,14,21,24,11
44,24,17,8,20
45,1,12,6,30
46,25,26,14,12
47,15,9,3,30
48,4,16,24,31
49,27,8,0,27
50,10,14,22,16
51,25,15,11,24
52,9,21,1,30
53,27,6,13,28
54,29,21,1,5
55,23,11,3,28
56,16,15,14,4
57,22,22,4,4
58,29,3,4,15
59,3,14,4,21
60,3,3,8,18
61,4,2,25,2
62,23,23,29,30
63,23,29,27,24
64,30,10,10,8
65,2,9,6,15
66,3,4,15,30
67,2,6,12,29
68,18,8,12,3
69,24,2,1,2
70,25,22,29,11
71,27,9,24,6
72,3,25,24,24
73,11,0,0,8
74,12,13,18,1
75,19,17,5,28
76,10,22,5,29
77,10,7,14,23
78,14,0,11,13
79,18,20,10,5
80,12,5,25,25
81,13,13,5,12
82,19,25,7,30
83,0,29,20,28
84,0,1,30,6
85,6,14,3,2
86,19,30,2,4
87,17,2,26,2
88,22,17,6,12
89,23,16,19,22
90,31,12,13,13
91,26,26,26,8
92,8,14,17,28
93,25,23,23,27
94,16,5,4,23
95,9,22,31,8
96,27,22,31,5
97,5,18,14,2
98,0,15,12,15
99,17,5,27,29
100,17,9,26,0
101,12,28,0,29
102,1,15,0,18
103,16,16,15,10
104,29,26,6,23
105,14,29,25,27
106,13,7,17,17
107,30,6,26,4
108,19,8,17,6
109,16,4,6,5
110,19,28,29,3
111,25,31,7,12
112,2,7,5,19
113,0,17,7,21
114,30,22,17,5
115,31,30,2,7
116,25,24,19,4
117,30,8,9,22
118,9,31,17,10
119,7,14,7,10
120,7,29,8,8
121,9,30,4,3
122,26,4,16,13
123,24,8,19,13
124,23,17,24,8
125,28,19,9,30
126,23,15,7,0
127,14,22,5,6
128,26,29,23,8
129,30,23,28,29
130,7,0,4,5
131,14,10,26,16
132,31,17,18,27
133,28,21,18,4
134,8,21,10,24
135,19,27,10,12
136,11,8,27,16
137,12,27,1,11
138,31,22,2,27
139,29,23,9,20
140,6,8,6,2
141,28,11,26,7
142,17,26,25,6
143,20,10,31,11
144,30,17,28,10
145,22,19,19,26
146,22,7,23,21
147,9,7,20,12
148,11,1,17,21
149,8,6,12,7
