3
Grid:
32,32
................................
................................
................................
................................
................................
................................
................................
................................
................................
................................
................................
................................
................................
................................
................................
................................
................................
................................
................................
................................
................................
................................
................................
................................
................................
................................
................................
................................
................................
................................
................................
................................
Agents:
174
0,27,17,18,23
1,24,22,7,26
2,17,25,24,31
3,18,1,20,22
4,26,9,6,20
5,6,11,1,30
6,0,17,23,18
7,14,6,0,16
8,11,1,28,24
9,24,30,12,30
10,19,0,15,16
11,26,26,5,23
12,23,15,31,14
13,0,18,5,27
14,20,27,18,15
15,19,5,15,6
16,26,27,25,20
17,22,0,16,7
18,28,30,27,3
19,17,7,15,3
20,20,12,11,26
21,12,3,22,9
22,30,26,0,27
23,16,3,23,10
24,3,3,17,17
25,5,29,28,20
26,15,26,1,21
27,23,30,10,26
28,30,1,13,21
29,24,0,29,15
30,12,30,27,29
31,17,4,28,21
32,26,14,29,6
33,9,13,29,2
34,16,16,2,22
35,10,6,4,14
36,20,23,28,7
37,27,29,21,0
38,31,29,25,18
39,14,16,0,17
40,22,21,6,12
41,18,26,18,17
42,11,28,1,4
43,8,30,8,29
44,31,16,7,4
45,14,20,30,16
46,31,13,30,30
47,13,30,11,9
48,9,12,19,3
49,8,21,31,28
50,26,24,25,31
51,13,2,14,9
52,22,8,22,8
53,6,31,3,26
54,2,1,7,14
55,2,27,14,12
56,17,28,6,23
57,8,0,17,20
58,13,23,18,24
59,24,29,4,8
60,5,11,25,7
61,13,31,13,4
62,1,21,4,5
63,7,6,5,1
64,10,29,27,2
65,19,19,5,2
66,21,25,30,27
67,22,30,4,28
68,8,15,20,16
69,3,2,7,9
70,21,9,29,27
71,27,30,21,3
72,14,19,7,2
73,2,3,11,14
74,5,12,30,9
75,16,18,5,16
76,19,11,16,29
77,15,14,9,8
78,10,13,9,9
79,0,0,23,19
80,1,0,22,27
81,20,4,20,19
82,13,14,15,4
83,6,23,25,23
84,6,9,21,23
85,23,29,9,0
86,19,21,18,14
87,7,28,13,7
88,17,14,10,31
89,19,4,3,30
90,0,29,13,0
91,13,1,15,1
92,31,9,13,31
93,9,7,16,2
94,19,26,30,7
95,15,3,13,1
96,17,31,22,21
97,13,11,5,18
98,29,27,2,16
99,21,18,9,15
100,31,30,13,9
101,3,19,19,7
102,30,28,16,3
103,28,18,10,7
104,13,29,19,24
105,31,23,12,13
106,23,11,26,6
107,15,28,23,22
108,22,28,21,14
109,14,15,16,20
110,20,18,30,8
111,7,24,8,9
112,1,7,20,21
113,6,4,18,4
114,8,27,12,7
115,6,22,17,8
116,9,22,31,18
117,30,29,18,9
118,22,3,6,26
119,22,29,26,30
120,0,6,11,12
121,16,17,14,16
122,29,30,19,29
123,4,24,12,17
124,3,15,24,2
125,9,16,20,30
126,12,5,13,15
127,31,10,2,2
128,16,5,30,24
129,22,26,15,14
130,14,27,31,11
131,21,23,14,26
132,21,0,16,9
133,29,17,23,28
134,25,16,17,21
135,27,10,17,3
136,1,16,22,17
137,10,8,20,28
138,23,18,2,29
139,23,21,8,12
140,9,3,2,25
141,22,20,26,23
142,12,17,16,28
143,12,27,6,30
144,15,4,3,10
145,29,3,19,5
146,27,5,28,11
147,9,4,26,10
148,26,18,8,14
149,22,25,23,29
150,21,1,1,15
151,13,9,6,2
152,27,14,10,4
153,26,29,4,19
154,4,22,14,1
155,21,31,19,2
156,13,18,3,28
157,9,8,31,21
158,5,8,29,28
159,3,31,19,18
160,26,20,18,27
161,25,30,8,19
162,30,27,5,29
163,22,5,9,1
164,0,7,27,21
165,22,13,8,5
166,12,11,9,11
167,21,30,29,12
168,1,17,2,13
169,31,7,22,25
170,13,28,13,28
171,23,23,9,4
172,12,14,17,14
173,21,21,26,1
