2
Grid:
32,32
................................
................................
................................
................................
................................
................................
................................
................................
................................
................................
................................
................................
................................
................................
................................
................................
................................
................................
................................
................................
................................
................................
................................
................................
................................
................................
................................
................................
................................
................................
................................
................................
Agents:
160
0,13,5,23,9
1,2,27,1,12
2,7,0,14,20
3,21,15,2,9
4,0,21,13,24
5,22,19,19,19
6,30,6,6,1
7,29,3,15,7
8,18,6,21,2
9,20,23,30,0
10,29,16,16,23
11,10,26,17,13
12,7,9,25,5
13,28,16,14,28
14,20,26,20,9
15,22,21,5,6
16,25,13,2,10
17,5,30,17,14
18,20,17,6,17
19,17,18,20,26
20,16,15,15,27
21,1,15,26,1
22,11,6,20,18
23,24,31,11,31
24,15,26,1,1
25,27,10,27,11
26,2,11,24,26
27,0,29,2,26
28,26,8,3,24
29,20,29,16,6
30,4,5,0,0
31,27,6,30,31
32,30,1,30,2
33,25,16,30,16
34,0,30,25,18
35,14,1,23,22
36,20,2,28,7
37,7,14,1,24
38,15,27,29,4
39,14,0,6,6
40,16,28,17,16
41,0,25,16,7
42,30,12,19,29
43,19,13,1,9
44,13,8,31,13
45,4,12,9,31
46,28,19,2,30
47,14,10,20,15
48,19,27,16,18
49,16,10,19,12
50,12,7,20,21
51,30,16,31,22
52,12,25,10,8
53,21,0,24,21
54,4,17,29,16
55,14,30,6,24
56,25,19,18,1
57,4,2,26,3
58,7,18,30,10
59,13,12,21,31
60,3,24,10,23
61,26,2,17,20
62,4,1,29,13
63,19,28,22,27
64,27,19,10,12
65,11,4,25,4
66,20,9,15,26
67,12,5,23,8
68,22,18,25,22
69,9,27,27,7
70,26,5,13,25
71,18,9,9,19
72,6,7,24,23
73,5,16,11,20
74,28,0,10,2
75,4,6,0,7
76,21,9,12,23
77,21,19,5,24
78,13,7,28,29
79,22,26,11,14
80,19,21,0,8
81,31,3,10,25
82,8,20,15,10
83,21,2,9,13
84,28,27,29,7
85,3,7,23,2
86,30,21,11,8
87,16,27,20,29
88,26,11,2,7
89,22,10,19,2
90,31,13,18,8
91,7,19,13,31
92,4,23,31,11
93,27,3,21,23
94,15,2,25,20
95,5,1,23,16
96,4,31,18,11
97,17,28,25,30
98,10,2,13,22
99,30,17,22,24
100,27,17,15,14
101,1,1,18,26
102,29,28,22,0
103,8,0,8,3
104,25,25,13,8
105,25,1,0,26
106,17,11,10,17
107,13,11,17,5
108,31,17,21,13
109,25,18,22,1
110,18,25,17,2
111,3,30,5,25
112,3,19,5,16
113,17,23,28,20
114,15,13,19,18
115,12,6,5,17
116,22,8,17,30
117,9,22,15,4
118,9,3,7,25
119,16,24,25,0
120,15,30,11,22
121,3,13,5,19
122,24,8,4,25
123,31,8,6,22
124,11,27,29,6
125,25,9,25,25
126,28,5,24,15
127,8,1,13,4
128,20,11,3,17
129,28,13,10,30
130,24,7,16,9
131,1,30,13,10
132,8,27,23,12
133,15,18,0,25
134,17,10,31,19
135,25,23,22,4
136,4,18,7,18
137,20,31,3,13
138,13,6,15,15
139,14,4,10,5
140,26,27,27,18
141,14,5,30,3
142,30,3,5,4
143,14,7,5,9
144,15,4,20,31
145,28,23,26,23
146,19,7,23,30
147,10,12,10,29
148,11,25,1,29
149,0,3,18,23
150,24,25,0,30
151,9,15,4,2
152,16,5,7,21
153,1,21,16,30
154,13,20,13,19
155,29,22,30,4
156,31,20,28,6
157,12,24,13,18
158,8,28,13,27
159,0,4,29,12
