3
Grid:
32,32
................................
................................
................................
................................
................................
................................
................................
................................
................................
................................
................................
................................
................................
................................
................................
................................
................................
................................
................................
................................
................................
................................
................................
................................
................................
................................
................................
................................
................................
................................
................................
................................
Agents:
20
0,3,12,23,7
1,12,14,26,19
2,19,23,12,0
3,9,19,11,17
4,12,2,29,16
5,27,6,1,17
6,29,12,30,1
7,14,12,3,3
8,5,12,29,22
9,7,4,7,27
10,30,22,15,26
11,4,16,22,6
12,6,28,11,4
13,27,3,17,31
14,25,25,2,28
15,4,23,10,29
16,1,5,31,11
17,12,29,16,12
18,7,27,12,4
19,1,9,15,9
