2
Grid:
32,32
................................
................................
................................
................................
................................
................................
................................
................................
................................
................................
................................
................................
................................
................................
................................
................................
................................
................................
................................
................................
................................
................................
................................
................................
................................
................................
................................
................................
................................
................................
................................
................................
Agents:
178
0,8,10,24,31
1,22,25,13,4
2,17,20,26,16
3,17,24,9,5
4,21,5,23,28
5,31,24,27,26
6,12,15,10,18
7,23,16,20,12
8,11,7,17,28
9,12,5,12,18
10,29,2,14,4
11,27,28,8,14
12,27,3,27,12
13,10,15,10,4
14,10,30,18,5
15,10,5,4,24
16,13,5,28,24
17,25,6,17,2
18,18,1,19,13
19,0,14,27,30
20,2,15,29,1
21,10,21,13,19
22,24,22,24,15
23,8,31,27,9
24,6,18,7,4
25,28,5,9,1
26,7,23,6,4
27,9,5,17,30
28,15,25,23,31
29,30,13,0,23
30,9,2,30,9
31,13,23,10,28
32,26,26,4,6
33,10,7,3,12
34,22,16,23,25
35,29,10,23,24
36,7,29,7,6
37,3,14,11,2
38,24,6,0,16
39,3,4,31,16
40,26,10,21,16
41,9,24,30,4
42,1,5,7,12
43,29,21,15,31
44,27,19,0,3
45,23,24,5,28
46,2,18,8,23
47,4,31,15,8
48,2,19,31,8
49,26,30,20,15
50,12,1,27,31
51,9,21,14,9
52,20,18,14,0
53,30,9,8,28
54,20,27,20,9
55,13,8,12,17
56,21,26,22,14
57,18,31,8,11
58,25,20,17,5
59,22,21,23,9
60,28,20,1,21
61,11,3,2,10
62,24,4,28,28
63,7,20,9,4
64,25,3,18,19
65,11,5,12,22
66,24,25,8,19
67,1,19,8,6
68,4,14,20,21
69,6,20,13,21
70,1,31,22,20
71,6,14,14,24
72,2,8,6,20
73,31,5,16,9
74,6,13,8,12
75,29,5,11,21
76,1,23,11,9
77,28,15,2,23
78,10,9,15,1
79,16,17,25,13
80,16,8,16,26
81,29,16,9,27
82,2,24,24,13
83,16,7,16,4
84,14,8,28,17
85,19,12,2,27
86,29,9,14,23
87,2,31,30,26
88,20,19,6,17
89,28,30,14,28
90,8,5,28,12
91,4,0,1,1
92,4,27,24,4
93,23,20,17,21
94,4,29,15,9
95,4,15,5,12
96,15,30,26,2
97,17,18,13,17
98,6,6,25,2
99,7,1,17,10
100,29,22,30,27
101,4,8,12,12
102,8,18,4,4
103,13,11,16,10
104,20,28,28,20
105,20,17,27,25
106,31,23,0,10
107,20,2,14,19
108,13,27,16,21
109,2,17,29,20
110,3,3,21,5
111,29,30,15,15
112,24,15,13,0
113,24,14,31,26
114,11,27,6,29
115,1,17,3,6
116,15,10,3,8
117,18,4,21,22
118,7,25,21,26
119,8,7,7,13
120,26,29,5,26
121,30,25,2,30
122,6,4,9,10
123,18,5,29,13
124,19,1,18,2
125,19,5,5,16
126,21,0,4,25
127,11,9,3,0
128,25,29,26,28
129,18,6,18,15
130,17,25,7,25
131,16,13,28,9
132,8,1,27,5
133,6,24,20,10
134,15,8,15,21
135,20,9,14,11
136,8,27,24,11
137,9,31,29,2
138,0,30,6,3
139,8,20,23,26
140,27,5,14,20
141,7,31,7,15
142,7,2,28,11
143,22,0,10,25
144,12,16,29,15
145,17,5,13,15
146,30,26,16,18
147,22,10,8,22
148,13,10,0,22
149,29,25,13,2
150,23,12,9,6
151,9,27,17,23
152,20,30,30,31
153,10,11,2,17
154,17,16,29,7
155,15,31,23,7
156,12,11,8,24
157,7,6,4,12
158,1,6,19,7
159,5,8,4,28
160,18,16,31,29
161,13,3,19,31
162,21,1,1,19
163,15,29,16,22
164,18,19,8,5
165,11,26,28,21
166,31,15,9,12
167,23,10,16,16
168,15,28,27,1
169,0,18,2,3
170,24,19,13,28
171,12,2,29,17
172,8,23,29,19
173,20,14,5,24
174,25,24,9,26
175,14,16,5,14
176,8,9,7,20
177,30,27,8,10
