3
Grid:
32,32
................................
................................
................................
................................
................................
................................
................................
................................
................................
................................
................................
................................
................................
................................
................................
................................
................................
................................
................................
................................
................................
................................
................................
................................
................................
................................
................................
................................
................................
................................
................................
................................
Agents:
106
0,31,23,25,28
1,28,22,28,11
2,28,7,26,25
3,13,14,6,9
4,3,2,9,6
5,8,8,4,4
6,2,27,30,15
7,18,6,30,17
8,12,15,6,25
9,7,7,15,13
10,25,29,24,25
11,7,8,20,26
12,2,0,19,28
13,2,21,31,17
14,3,7,23,3
15,25,1,1,28
16,20,12,9,18
17,22,8,12,2
18,19,12,28,25
19,30,13,29,18
20,28,19,6,0
21,30,11,3,23
22,27,15,0,2
23,16,11,23,26
24,6,14,26,17
25,21,12,8,24
26,7,19,16,26
27,28,1,24,2
28,15,19,26,12
29,20,28,16,10
30,4,23,20,13
31,11,27,17,30
32,9,6,9,17
33,19,21,4,30
34,5,9,20,28
35,19,31,13,28
36,16,25,15,17
37,10,6,11,12
38,30,28,17,15
39,13,18,29,25
40,15,23,7,5
41,15,20,31,24
42,17,12,6,27
43,26,1,10,1
44,16,20,7,26
45,24,31,9,5
46,24,2,22,7
47,8,4,9,14
48,8,3,19,29
49,1,21,18,25
50,28,27,5,4
51,6,28,20,0
52,27,22,13,16
53,28,13,26,16
54,8,22,29,5
55,3,19,31,3
56,6,1,4,10
57,12,13,27,24
58,10,28,29,0
59,12,18,22,31
60,5,16,22,12
61,16,19,5,1
62,7,13,11,19
63,16,5,20,9
64,29,27,29,19
65,26,23,13,9
66,22,20,7,8
67,25,27,23,20
68,16,12,8,1
69,24,25,17,9
70,17,4,19,5
71,25,23,28,17
72,21,27,13,18
73,28,17,25,26
74,25,5,6,31
75,8,9,2,11
76,21,21,14,7
77,11,8,25,17
78,15,14,5,2
79,29,2,27,4
80,24,7,20,14
81,25,14,18,28
82,10,23,2,31
83,28,21,0,6
84,29,14,15,11
85,11,31,4,14
86,25,11,1,3
87,31,12,23,10
88,25,15,19,30
89,24,21,22,3
90,9,11,9,20
91,2,20,1,15
92,15,12,31,20
93,31,27,17,24
94,7,16,11,8
95,12,2,28,7
96,15,22,13,8
97,1,10,11,22
98,11,10,26,28
99,12,29,6,24
100,30,7,2,13
101,20,10,15,18
102,25,8,2,1
103,16,10,7,2
104,22,31,30,11
105,14,31,15,19
