1
Grid:
32,32
................................
................................
................................
................................
................................
................................
................................
................................
................................
................................
................................
................................
................................
................................
................................
................................
................................
................................
................................
................................
................................
................................
................................
................................
................................
................................
................................
................................
................................
................................
................................
................................
Agents:
72
0,2,23,17,14
1,21,22,27,0
2,11,8,23,24
3,20,2,29,24
4,18,27,4,7
5,5,9,31,7
6,10,30,15,15
7,6,13,24,15
8,16,1,0,12
9,14,21,5,14
10,12,21,24,27
11,25,21,25,0
12,30,1,30,25
13,0,1,24,24
14,10,25,5,2
15,17,25,13,28
16,5,0,4,4
17,4,7,6,15
18,1,27,11,5
19,22,25,22,21
20,23,28,5,16
21,27,8,27,31
22,17,0,2,26
23,26,8,31,5
24,17,16,25,17
25,23,23,17,1
26,31,14,15,30
27,30,13,18,3
28,30,31,27,1
29,24,9,3,28
30,7,19,19,10
31,24,25,16,0
32,10,12,26,27
33,4,9,24,29
34,26,31,23,6
35,12,20,12,0
36,10,20,25,21
37,30,16,18,7
38,25,17,4,24
39,4,29,7,2
40,6,24,30,21
41,16,25,25,4
42,1,26,25,24
43,26,22,24,21
44,2,22,1,16
45,8,1,7,5
46,3,13,13,7
47,18,4,19,8
48,3,2,12,19
49,30,5,25,23
50,28,16,29,2
51,14,17,16,27
52,4,2,17,3
53,12,11,10,8
54,16,14,1,13
55,19,12,27,28
56,27,26,16,29
57,2,15,10,29
58,3,30,18,25
59,23,15,23,30
60,18,14,14,29
61,7,3,21,18
62,22,10,2,7
63,17,29,29,20
64,2,25,0,16
65,12,23,26,1
66,19,30,27,12
67,1,21,14,18
68,9,30,21,22
69,21,30,29,9
70,14,14,16,6
71,5,20,0,3
