4
Grid:
32,32
................................
................................
................................
................................
................................
................................
................................
................................
................................
................................
................................
................................
................................
................................
................................
................................
................................
................................
................................
................................
................................
................................
................................
................................
................................
................................
................................
................................
................................
................................
................................
................................
Agents:
54
0,28,3,0,23
1,1,27,17,1
2,7,18,9,27
3,28,13,26,4
4,6,7,29,21
5,0,6,1,5
6,0,18,10,18
7,9,1,14,25
8,20,9,0,12
9,6,11,24,10
10,4,30,5,23
11,26,24,9,12
12,19,22,28,1
13,20,4,9,29
14,0,13,24,27
15,3,26,14,7
16,25,13,0,18
17,2,12,14,24
18,5,21,5,2
19,2,30,24,22
20,29,14,1,2
21,3,3,6,12
22,31,23,14,1
23,26,0,26,25
24,9,30,24,18
25,14,29,2,5
26,8,8,6,17
27,8,16,30,12
28,29,23,24,6
29,3,5,9,5
30,3,6,7,21
31,24,28,4,3
32,31,8,30,10
33,3,16,23,15
34,9,5,22,14
35,0,12,29,15
36,21,15,5,21
37,23,29,24,7
38,9,9,31,5
39,23,1,23,11
40,10,0,23,24
41,11,27,18,14
42,4,25,14,15
43,3,21,24,8
44,24,10,6,27
45,7,16,2,3
46,0,25,21,31
47,30,29,7,15
48,0,1,18,19
49,27,18,19,28
50,25,9,13,7
51,28,28,26,0
52,18,25,27,2
53,25,0,8,6
