4
Grid:
32,32
................................
................................
................................
................................
................................
................................
................................
................................
................................
................................
................................
................................
................................
................................
................................
................................
................................
................................
................................
................................
................................
................................
................................
................................
................................
................................
................................
................................
................................
................................
................................
................................
Agents:
170
0,8,12,26,4
1,0,23,6,7
2,23,28,25,0
3,8,24,16,12
4,14,21,2,11
5,29,14,28,15
6,4,21,30,25
7,25,9,3,20
8,11,25,18,31
9,5,2,29,14
10,5,29,9,29
11,4,0,21,20
12,19,29,9,0
13,2,22,1,9
14,30,7,8,31
15,4,14,9,31
16,2,20,23,26
17,24,0,26,3
18,1,16,17,3
19,8,2,31,13
20,10,27,23,20
21,10,22,6,4
22,17,3,20,22
23,12,1,30,19
24,27,0,3,28
25,16,3,13,16
26,0,13,3,23
27,24,10,15,8
28,7,0,14,14
29,3,26,28,11
30,26,17,1,0
31,25,6,5,17
32,17,14,15,9
33,11,16,27,26
34,29,24,4,3
35,8,27,5,3
36,16,2,17,25
37,23,9,28,2
38,18,14,30,29
39,14,16,23,15
40,17,0,18,11
41,27,30,16,28
42,22,1,29,18
43,14,20,2,23
44,28,13,3,25
45,25,0,23,28
46,12,14,19,14
47,1,4,19,23
48,3,2,3,5
49,23,21,23,23
50,18,30,11,29
51,22,14,7,25
52,23,25,16,8
53,17,19,12,1
54,9,25,31,21
55,22,27,6,11
56,16,15,11,8
57,20,16,25,23
58,31,7,31,19
59,14,2,23,30
60,26,31,2,31
61,8,14,9,30
62,8,11,28,18
63,24,21,16,23
64,7,1,11,4
65,15,15,0,21
66,30,13,13,1
67,21,31,1,18
68,15,25,19,25
69,5,14,9,16
70,1,6,26,5
71,20,21,9,25
72,2,0,30,16
73,7,19,5,13
74,3,15,20,14
75,6,16,18,6
76,4,23,17,17
77,6,8,20,25
78,16,6,18,27
79,26,19,5,23
80,28,30,4,8
81,19,14,28,25
82,0,16,17,28
83,24,7,7,12
84,28,11,5,15
85,29,1,5,20
86,9,23,0,8
87,13,10,17,9
88,20,23,21,3
89,26,30,22,25
90,11,7,13,14
91,6,12,21,31
92,15,8,27,23
93,30,17,31,28
94,18,3,17,20
95,18,5,15,26
96,21,17,9,13
97,8,0,6,27
98,24,4,28,6
99,22,17,19,19
100,19,24,16,7
101,26,4,27,8
102,14,29,31,6
103,29,3,12,8
104,6,18,11,22
105,9,27,20,12
106,20,1,3,8
107,4,16,29,4
108,15,16,17,10
109,23,11,18,15
110,25,25,5,24
111,15,21,2,6
112,29,23,5,7
113,15,12,13,0
114,17,15,27,27
115,1,8,11,9
116,11,19,30,31
117,13,2,26,26
118,11,27,14,26
119,10,31,4,26
120,26,22,21,22
121,16,19,2,27
122,12,23,10,24
123,0,10,1,24
124,21,6,21,21
125,26,8,30,28
126,31,0,16,22
127,21,24,7,9
128,31,5,29,16
129,19,25,27,11
130,0,25,11,26
131,26,11,29,21
132,2,30,12,2
133,15,29,29,24
134,4,28,9,2
135,31,24,25,11
136,5,10,15,14
137,10,23,21,25
138,12,6,4,28
139,26,27,14,23
140,20,12,22,0
141,17,5,23,22
142,7,17,28,8
143,30,0,16,18
144,28,4,30,17
145,29,27,15,29
146,21,2,15,0
147,27,23,27,15
148,1,29,1,12
149,8,5,29,11
150,1,28,5,28
151,19,21,14,24
152,27,28,27,31
153,13,25,12,27
154,30,31,14,29
155,29,19,14,10
156,29,21,20,11
157,17,9,21,4
158,12,31,12,18
159,20,14,13,29
160,28,0,2,12
161,12,15,21,10
162,2,10,13,22
163,11,3,10,2
164,25,16,16,16
165,26,14,18,29
166,19,28,20,9
167,10,11,3,11
168,3,4,20,16
169,7,9,20,6
