4
Grid:
32,32
................................
................................
................................
................................
................................
................................
................................
................................
................................
................................
................................
................................
................................
................................
................................
................................
................................
................................
................................
................................
................................
................................
................................
................................
................................
................................
................................
................................
................................
................................
................................
................................
Agents:
104
0,2,18,25,26
1,22,22,25,30
2,11,0,9,31
3,12,18,29,27
4,10,2,12,21
5,24,25,23,18
6,21,27,31,23
7,21,29,19,31
8,1,18,11,8
9,5,24,3,6
10,23,24,22,22
11,31,6,31,28
12,29,16,18,15
13,13,3,27,8
14,15,18,4,27
15,3,22,29,23
16,12,2,31,10
17,10,25,9,17
18,1,31,1,16
19,24,2,16,14
20,23,25,12,4
21,28,18,29,2
22,10,11,9,28
23,7,14,6,6
24,30,11,13,14
25,7,30,10,3
26,0,10,12,14
27,18,16,2,5
28,25,27,27,13
29,18,9,6,16
30,2,24,21,28
31,31,1,2,11
32,12,19,10,19
33,17,28,29,13
34,28,1,14,13
35,28,8,3,10
36,0,20,15,11
37,0,5,11,28
38,9,10,4,16
39,5,1,4,10
40,19,24,31,15
41,15,14,31,24
42,2,0,30,20
43,6,17,9,29
44,6,26,3,0
45,10,14,16,20
46,0,31,10,2
47,26,27,2,23
48,5,23,4,1
49,26,10,23,15
50,18,29,2,25
51,14,30,6,13
52,9,13,28,0
53,6,15,31,19
54,22,16,5,8
55,12,0,11,5
56,4,7,18,7
57,18,30,14,2
58,17,17,25,25
59,22,10,5,13
60,26,2,20,22
61,30,17,22,6
62,20,1,17,16
63,4,13,7,2
64,7,17,10,31
65,15,22,12,9
66,9,16,11,1
67,16,23,5,0
68,22,24,12,30
69,10,23,19,18
70,4,26,30,1
71,27,19,20,12
72,9,7,13,19
73,5,9,5,5
74,19,7,20,23
75,2,12,21,1
76,0,12,29,25
77,22,8,29,19
78,10,8,15,29
79,9,27,1,29
80,17,13,26,23
81,29,1,16,9
82,13,26,10,27
83,26,29,10,18
84,0,3,29,29
85,29,4,16,28
86,15,21,13,5
87,4,28,12,12
88,7,29,2,0
89,30,7,11,19
90,20,28,9,14
91,15,3,29,21
92,0,13,14,31
93,22,18,5,14
94,12,27,11,4
95,16,6,2,22
96,13,13,5,7
97,21,7,4,3
98,25,11,27,7
99,14,22,3,13
100,14,28,12,31
101,2,10,29,5
102,19,14,18,4
103,0,11,8,21
