4
Grid:
32,32
................................
................................
................................
................................
................................
................................
................................
................................
................................
................................
................................
................................
................................
................................
................................
................................
................................
................................
................................
................................
................................
................................
................................
................................
................................
................................
................................
................................
................................
................................
................................
................................
Agents:
36
0,18,2,7,6
1,6,17,17,8
2,23,29,28,9
3,0,14,12,26
4,8,16,29,20
5,14,4,8,14
6,1,19,7,25
7,4,20,9,11
8,1,2,6,28
9,18,5,19,18
10,9,6,26,24
11,12,21,30,8
12,14,12,17,17
13,1,8,8,30
14,29,17,21,9
15,26,20,15,25
16,24,17,8,18
17,11,7,25,17
18,27,26,30,22
19,29,20,19,26
20,4,8,24,6
21,11,20,14,19
22,9,17,24,15
23,30,24,24,8
24,18,30,4,13
25,9,1,30,2
26,21,27,8,16
27,21,12,29,11
28,22,17,11,8
29,2,10,19,30
30,27,24,4,15
31,17,22,11,19
32,22,25,5,26
33,11,16,1,7
34,8,28,26,27
35,25,6,4,14
