1
Grid:
32,32
................................
................................
................................
................................
................................
................................
................................
................................
................................
................................
................................
................................
................................
................................
................................
................................
................................
................................
................................
................................
................................
................................
................................
................................
................................
................................
................................
................................
................................
................................
................................
................................
Agents:
178
0,7,26,17,28
1,8,12,20,22
2,26,27,22,13
3,3,10,10,21
4,4,10,2,3
5,7,20,2,14
6,15,2,16,16
7,5,29,7,6
8,10,22,19,9
9,28,3,13,1
10,14,30,1,29
11,1,16,19,8
12,12,26,9,20
13,1,14,21,25
14,17,18,17,13
15,20,23,30,0
16,15,20,3,23
17,19,13,22,10
18,22,10,23,0
19,6,19,1,19
20,13,30,31,10
21,3,22,16,10
22,27,22,25,8
23,27,5,16,21
24,19,22,2,0
25,4,15,11,31
26,12,8,13,28
27,18,9,30,10
28,24,23,20,10
29,0,0,28,20
30,26,21,26,12
31,24,18,16,3
32,21,15,22,27
33,5,27,9,18
34,15,24,11,11
35,6,31,20,4
36,16,8,4,30
37,27,11,23,15
38,21,21,5,9
39,30,28,10,14
40,27,27,6,5
41,13,4,30,21
42,11,6,14,15
43,2,10,27,13
44,20,31,1,1
45,10,6,3,6
46,25,23,12,20
47,6,16,7,23
48,0,11,29,3
49,17,31,23,7
50,22,27,31,12
51,15,5,0,7
52,31,3,7,0
53,18,3,6,0
54,13,13,30,29
55,1,30,14,22
56,26,29,29,5
57,5,17,18,26
58,3,31,0,28
59,24,4,3,18
60,3,7,26,15
61,20,9,27,18
62,15,30,21,8
63,9,11,5,20
64,10,9,11,12
65,4,30,17,18
66,11,8,1,21
67,5,8,30,6
68,19,31,0,31
69,29,7,15,0
70,28,0,15,18
71,5,26,5,30
72,28,8,1,20
73,11,15,21,12
74,8,17,17,6
75,7,17,6,21
76,23,8,28,23
77,16,21,18,24
78,20,20,27,22
79,25,2,14,25
80,2,25,24,18
81,5,2,2,24
82,24,26,29,0
83,17,29,7,22
84,12,27,16,14
85,12,25,0,24
86,7,28,1,28
87,10,19,9,30
88,4,20,22,25
89,1,0,20,30
90,0,27,22,5
91,0,19,28,5
92,23,20,2,22
93,8,3,3,30
94,23,15,17,26
95,19,30,30,7
96,4,3,25,12
97,27,2,5,11
98,1,2,10,19
99,22,13,16,8
100,3,12,1,10
101,5,13,28,22
102,10,27,3,22
103,29,28,12,18
104,18,25,14,24
105,2,7,11,1
106,10,4,13,19
107,18,14,6,16
108,8,13,24,13
109,19,12,11,27
110,23,7,6,18
111,24,1,5,6
112,9,18,9,13
113,13,9,24,23
114,10,12,20,18
115,29,19,25,21
116,11,12,6,2
117,24,28,31,17
118,10,8,8,24
119,24,29,11,3
120,15,8,25,4
121,8,6,24,9
122,3,23,2,25
123,25,29,4,12
124,12,19,24,5
125,15,15,18,3
126,15,3,10,4
127,4,0,12,26
128,25,5,13,9
129,31,21,2,2
130,1,7,22,6
131,20,26,8,6
132,28,15,17,9
133,9,21,13,18
134,15,1,26,29
135,10,17,4,7
136,17,22,4,24
137,15,13,25,17
138,8,14,9,7
139,6,24,20,6
140,13,7,28,3
141,4,23,2,11
142,3,9,19,13
143,6,14,20,14
144,21,17,22,31
145,9,9,20,3
146,26,20,20,21
147,6,22,5,0
148,3,13,29,4
149,5,30,28,26
150,16,12,17,29
151,28,26,30,8
152,14,9,16,4
153,11,11,9,1
154,13,20,25,28
155,11,17,3,16
156,18,5,10,11
157,2,13,14,28
158,10,2,7,5
159,0,30,23,30
160,19,2,9,29
161,7,15,26,20
162,20,14,3,20
163,2,14,20,17
164,20,22,20,28
165,13,3,21,28
166,7,21,12,1
167,0,12,27,29
168,6,29,19,19
169,27,6,2,9
170,8,20,31,26
171,4,29,8,2
172,10,24,12,13
173,19,15,26,28
174,14,18,10,25
175,8,29,22,16
176,7,19,10,5
177,9,30,23,28
