3
Grid:
32,32
................................
................................
................................
................................
................................
................................
................................
................................
................................
................................
................................
................................
................................
................................
................................
................................
................................
................................
................................
................................
................................
................................
................................
................................
................................
................................
................................
................................
................................
................................
................................
................................
Agents:
32
0,18,5,12,1
1,26,16,29,7
2,30,31,5,26
3,0,16,12,26
4,22,28,11,7
5,2,26,8,29
6,19,15,21,11
7,6,6,11,23
8,13,18,27,14
9,22,1,2,18
10,6,1,25,25
11,9,24,1,28
12,27,16,8,14
13,24,21,25,8
14,22,22,8,22
15,31,14,0,25
16,18,27,7,26
17,25,10,20,0
18,7,8,8,25
19,5,13,21,16
20,1,6,20,3
21,23,30,0,22
22,28,5,3,26
23,17,23,25,22
24,27,22,24,14
25,1,2,18,5
26,29,7,5,9
27,17,17,23,19
28,27,1,23,16
29,21,14,9,6
30,7,11,21,10
31,26,31,13,10
