0
Grid:
32,32
................................
................................
................................
................................
................................
................................
................................
................................
................................
................................
................................
................................
................................
................................
................................
................................
................................
................................
................................
................................
................................
................................
................................
................................
................................
................................
................................
................................
................................
................................
................................
................................
Agents:
130
0,19,24,25,10
1,3,11,16,25
2,22,23,18,11
3,29,16,6,6
4,6,23,9,26
5,7,20,3,1
6,18,9,14,7
7,9,20,19,5
8,5,24,23,27
9,16,5,21,15
10,4,15,6,19
11,27,21,22,16
12,8,15,11,16
13,3,3,14,6
14,0,3,16,23
15,29,7,15,23
16,5,29,0,0
17,14,28,24,15
18,27,29,2,2
19,27,22,20,15
20,24,30,5,20
21,0,8,9,15
22,25,25,27,20
23,8,27,10,16
24,24,21,28,9
25,5,31,25,18
26,24,3,7,24
27,29,14,21,13
28,3,6,14,24
29,19,26,4,6
30,16,3,22,8
31,25,0,20,29
32,14,20,23,2
33,26,12,28,24
34,25,8,21,8
35,29,26,30,23
36,12,5,4,15
37,15,18,3,9
38,27,14,27,16
39,7,8,14,29
40,6,15,12,3
41,11,8,28,15
42,1,5,10,7
43,5,11,10,2
44,30,13,20,19
45,25,20,26,22
46,2,30,8,31
47,15,24,30,11
48,10,20,4,4
49,0,16,17,12
50,23,16,31,3
51,23,10,17,15
52,19,18,24,14
53,19,11,6,13
54,18,20,4,25
55,31,11,3,23
56,19,1,1,11
57,30,9,24,2
58,14,14,18,30
59,14,12,11,17
60,14,8,16,7
61,23,13,18,16
62,23,18,16,27
63,2,2,11,26
64,4,19,5,3
65,7,22,12,19
66,23,27,29,4
67,16,23,15,10
68,17,19,1,13
69,24,19,7,18
70,26,5,22,10
71,21,23,29,27
72,11,13,17,4
73,26,0,15,27
74,5,18,1,17
75,2,11,12,23
76,1,15,23,7
77,19,6,22,6
78,8,16,11,25
79,16,11,27,11
80,3,29,15,11
81,9,28,26,24
82,31,7,13,17
83,22,26,4,21
84,17,9,2,9
85,18,31,19,24
86,2,10,1,25
87,13,3,5,15
88,8,3,31,29
89,14,21,13,9
90,25,1,8,4
91,24,24,23,20
92,11,10,12,12
93,21,9,30,30
94,20,13,25,1
95,3,8,27,27
96,31,18,3,3
97,9,9,13,13
98,27,8,8,16
99,25,23,3,8
100,28,19,21,21
101,3,16,27,21
102,18,5,13,5
103,7,12,16,21
104,29,13,23,18
105,9,29,31,7
106,4,11,1,0
107,15,7,7,29
108,20,8,3,30
109,11,20,21,12
110,6,4,17,26
111,3,22,0,25
112,26,4,21,3
113,26,11,12,0
114,18,1,6,10
115,4,16,27,19
116,7,7,17,20
117,5,6,4,18
118,2,8,22,31
119,12,7,7,27
120,4,5,7,6
121,6,1,8,19
122,14,29,30,14
123,7,29,21,4
124,24,18,18,4
125,3,20,31,11
126,9,13,15,28
127,1,17,16,12
128,18,25,20,11
129,19,29,24,5
