4
Grid:
32,32
................................
................................
................................
................................
................................
................................
................................
................................
................................
................................
................................
................................
................................
................................
................................
................................
................................
................................
................................
................................
................................
................................
................................
................................
................................
................................
................................
................................
................................
................................
................................
................................
Agents:
100
0,18,22,1,27
1,31,9,2,15
2,11,4,12,4
3,10,12,13,25
4,5,2,11,22
5,18,8,2,17
6,17,14,17,9
7,23,0,9,8
8,7,26,22,0
9,20,6,31,11
10,5,10,20,13
11,0,31,15,11
12,9,15,11,28
13,13,19,29,26
14,17,4,16,25
15,7,5,20,2
16,31,19,25,5
17,15,26,6,12
18,8,25,20,25
19,11,6,27,2
20,14,7,21,8
21,2,1,14,4
22,20,28,14,7
23,31,24,31,19
24,11,12,24,21
25,23,7,29,7
26,8,8,5,25
27,22,0,8,7
28,0,27,15,8
29,23,22,10,13
30,26,1,7,10
31,27,13,17,1
32,8,30,7,3
33,31,29,0,13
34,23,13,11,14
35,15,13,2,25
36,24,29,2,27
37,16,20,13,19
38,8,4,22,12
39,13,31,0,18
40,5,6,25,10
41,4,7,14,8
42,25,15,30,12
43,15,23,28,15
44,13,0,31,10
45,6,7,6,29
46,20,1,6,26
47,25,14,6,18
48,20,9,3,25
49,24,17,19,30
50,0,11,19,2
51,0,23,29,20
52,22,19,24,7
53,11,2,12,15
54,14,21,10,1
55,20,27,26,30
56,7,1,16,10
57,18,24,13,6
58,24,16,21,10
59,20,31,16,1
60,30,0,0,24
61,16,7,15,28
62,23,3,0,12
63,24,14,19,6
64,27,26,20,18
65,16,3,3,28
66,7,20,12,2
67,6,0,27,16
68,6,12,31,9
69,17,5,16,28
70,4,12,22,23
71,9,23,27,0
72,11,11,27,24
73,31,18,27,17
74,14,0,19,16
75,21,4,30,1
76,21,24,13,15
77,18,0,25,0
78,26,24,28,4
79,27,28,7,13
80,7,19,6,20
81,5,16,26,16
82,19,19,5,12
83,27,18,11,3
84,18,11,15,22
85,31,14,13,8
86,22,24,21,20
87,27,12,19,26
88,3,5,7,15
89,0,26,18,8
90,14,15,29,1
91,1,5,8,29
92,5,14,10,30
93,13,30,23,29
94,9,7,26,25
95,4,21,7,7
96,18,27,30,19
97,24,12,5,20
98,22,27,29,10
99,14,9,5,31
