0
Grid:
32,32
................................
................................
................................
................................
................................
................................
................................
................................
................................
................................
................................
................................
................................
................................
................................
................................
................................
................................
................................
................................
................................
................................
................................
................................
................................
................................
................................
................................
................................
................................
................................
................................
Agents:
134
0,25,13,13,30
1,14,8,5,0
2,26,1,26,13
3,11,6,28,18
4,22,21,19,18
5,30,6,17,28
6,22,17,10,20
7,17,29,23,21
8,13,15,21,13
9,23,2,5,27
10,15,30,23,15
11,26,19,7,9
12,22,1,2,23
13,10,6,4,15
14,26,27,21,1
15,23,4,2,24
16,19,23,15,26
17,30,5,12,31
18,31,29,16,29
19,16,19,8,29
20,4,13,1,10
21,14,24,18,21
22,2,15,19,9
23,15,29,19,29
24,17,10,16,26
25,11,25,16,2
26,24,22,15,20
27,28,26,1,28
28,18,27,22,11
29,18,25,27,2
30,22,4,12,13
31,12,27,22,25
32,30,25,11,26
33,18,31,6,19
34,18,11,12,20
35,29,15,27,3
36,30,4,8,13
37,29,2,28,11
38,15,1,12,5
39,16,6,7,22
40,17,13,30,8
41,21,15,31,19
42,11,28,13,25
43,26,3,9,8
44,19,3,13,13
45,11,22,20,14
46,28,0,13,2
47,0,19,26,21
48,26,8,9,26
49,28,15,16,9
50,13,27,18,30
51,26,20,5,11
52,25,25,11,4
53,11,16,2,13
54,10,11,20,23
55,8,9,11,14
56,11,0,6,17
57,14,21,24,18
58,4,14,26,31
59,23,25,2,19
60,3,8,23,12
61,8,29,14,7
62,1,27,14,12
63,7,8,3,22
64,9,1,13,16
65,1,14,21,30
66,2,20,30,10
67,4,23,27,23
68,3,0,1,25
69,24,3,17,7
70,24,31,5,28
71,14,18,7,16
72,17,3,28,5
73,8,25,20,19
74,25,6,23,10
75,14,19,1,9
76,23,18,25,17
77,11,27,18,25
78,24,16,5,23
79,8,2,9,6
80,2,6,24,16
81,7,0,23,17
82,27,22,23,22
83,28,22,30,6
84,18,3,7,23
85,22,20,1,11
86,1,4,29,14
87,25,21,21,22
88,11,30,2,2
89,18,14,11,22
90,14,2,16,20
91,22,5,5,26
92,0,15,18,10
93,28,17,29,9
94,11,8,7,1
95,8,7,18,2
96,26,22,21,10
97,29,8,18,24
98,10,17,9,0
99,8,17,26,10
100,29,3,18,26
101,20,7,18,13
102,5,26,10,25
103,17,19,30,24
104,15,25,10,29
105,30,26,24,2
106,19,31,9,16
107,15,2,23,14
108,0,12,5,21
109,26,10,4,6
110,11,9,8,18
111,27,15,17,6
112,26,11,16,24
113,6,16,7,0
114,11,26,30,28
115,22,0,19,6
116,16,11,28,21
117,31,5,27,25
118,29,9,1,27
119,24,14,22,29
120,9,31,15,2
121,3,29,30,4
122,24,8,17,9
123,17,28,18,4
124,24,10,27,31
125,31,6,22,4
126,12,7,24,29
127,10,20,3,1
128,9,7,4,4
129,17,31,31,12
130,2,26,11,13
131,14,16,26,20
132,17,21,25,28
133,17,12,25,10
