4
Grid:
32,32
................................
................................
................................
................................
................................
................................
................................
................................
................................
................................
................................
................................
................................
................................
................................
................................
................................
................................
................................
................................
................................
................................
................................
................................
................................
................................
................................
................................
................................
................................
................................
................................
Agents:
172
0,29,7,30,20
1,25,7,5,8
2,18,28,4,23
3,25,9,20,9
4,0,17,24,26
5,23,30,21,2
6,2,5,20,18
7,21,19,6,5
8,14,7,16,28
9,26,24,8,29
10,12,31,1,10
11,26,1,16,9
12,11,15,6,1
13,28,29,26,25
14,13,17,9,3
15,1,25,23,4
16,27,27,24,25
17,13,21,14,18
18,8,0,17,8
19,11,11,4,9
20,28,26,7,30
21,10,15,25,25
22,0,7,17,22
23,8,29,19,4
24,8,22,15,15
25,24,19,13,22
26,28,19,4,12
27,5,30,26,12
28,13,23,20,11
29,28,3,30,28
30,31,28,2,22
31,27,15,25,5
32,15,30,9,6
33,2,7,20,27
34,23,0,24,18
35,11,14,28,23
36,28,14,25,20
37,28,18,27,1
38,21,10,0,15
39,1,3,20,16
40,6,31,27,26
41,20,22,29,12
42,24,14,3,6
43,28,7,18,23
44,21,15,1,16
45,7,16,27,3
46,4,7,28,22
47,11,0,13,20
48,30,26,26,28
49,31,1,10,2
50,4,1,11,31
51,5,8,20,22
52,11,10,7,6
53,22,14,26,8
54,23,19,16,10
55,8,2,29,6
56,21,24,5,21
57,29,0,17,3
58,7,5,15,16
59,22,1,20,4
60,2,27,1,20
61,17,8,22,20
62,24,26,28,2
63,9,20,19,17
64,20,26,14,0
65,10,0,1,19
66,31,5,30,18
67,25,12,6,30
68,23,13,28,1
69,16,2,10,21
70,6,4,15,4
71,27,12,21,0
72,10,11,22,8
73,24,25,16,12
74,3,30,3,2
75,31,9,7,27
76,15,29,29,30
77,15,16,16,3
78,0,2,16,22
79,11,27,7,31
80,31,13,12,13
81,24,21,30,14
82,24,24,28,4
83,7,26,16,2
84,1,19,21,3
85,31,29,28,20
86,10,23,10,23
87,3,26,13,21
88,23,12,26,10
89,0,22,10,25
90,21,27,22,10
91,29,27,28,24
92,14,21,17,21
93,2,20,17,11
94,3,25,2,12
95,12,6,28,3
96,19,18,14,23
97,4,30,0,20
98,31,27,6,17
99,30,0,24,30
100,28,28,17,16
101,17,2,11,9
102,23,20,18,31
103,24,4,25,3
104,22,12,10,18
105,20,2,7,21
106,2,11,13,28
107,29,30,9,15
108,25,19,17,15
109,18,22,3,17
110,11,8,31,24
111,6,24,23,20
112,10,24,15,7
113,19,4,22,15
114,23,22,31,11
115,24,20,19,20
116,31,0,26,9
117,9,12,18,19
118,29,14,5,0
119,27,31,16,19
120,2,0,0,21
121,17,17,28,25
122,15,24,20,1
123,0,1,27,6
124,2,1,29,2
125,24,7,12,17
126,21,20,14,10
127,23,31,8,9
128,0,19,10,26
129,9,27,10,5
130,21,30,2,30
131,10,14,20,3
132,12,28,1,0
133,21,12,1,27
134,21,4,4,28
135,5,6,8,7
136,6,25,0,23
137,8,27,23,31
138,4,25,27,19
139,29,17,21,29
140,31,11,24,4
141,11,16,23,24
142,20,30,24,8
143,13,7,8,22
144,22,6,23,12
145,11,19,29,17
146,7,1,0,4
147,11,4,20,19
148,12,21,10,29
149,11,20,22,16
150,14,15,14,5
151,18,30,1,17
152,23,5,22,13
153,15,15,6,15
154,3,31,9,24
155,0,25,7,12
156,14,1,19,6
157,16,4,2,27
158,24,23,12,4
159,22,20,14,27
160,22,30,11,3
161,26,19,6,27
162,18,7,27,24
163,15,0,19,19
164,13,2,17,19
165,10,9,30,25
166,5,22,8,13
167,30,22,11,7
168,7,7,3,4
169,24,6,22,7
170,3,12,3,25
171,18,14,24,10
