1
Grid:
32,32
................................
................................
................................
................................
................................
................................
................................
................................
................................
................................
................................
................................
................................
................................
................................
................................
................................
................................
................................
................................
................................
................................
................................
................................
................................
................................
................................
................................
................................
................................
................................
................................
Agents:
118
0,23,23,14,7
1,13,21,26,14
2,6,30,26,30
3,20,21,17,29
4,12,6,31,9
5,20,24,31,21
6,2,14,24,29
7,21,15,21,7
8,13,6,2,18
9,10,24,7,2
10,1,9,13,0
11,29,31,18,17
12,27,21,27,8
13,16,28,24,0
14,10,27,7,14
15,24,25,7,5
16,12,5,9,3
17,18,17,19,23
18,19,19,8,27
19,11,4,22,1
20,28,0,12,8
21,20,26,18,16
22,6,4,29,30
23,22,4,26,10
24,0,15,15,15
25,30,16,29,14
26,15,16,22,30
27,12,14,25,4
28,26,13,12,10
29,26,16,24,3
30,14,23,5,4
31,10,17,29,9
32,14,26,1,16
33,12,28,20,16
34,27,4,1,30
35,27,25,11,11
36,27,6,14,4
37,27,0,19,26
38,20,3,9,9
39,25,22,29,23
40,30,11,23,8
41,28,26,13,14
42,28,8,23,9
43,10,28,23,16
44,25,3,15,3
45,22,6,13,7
46,25,26,24,24
47,21,5,1,12
48,21,3,19,28
49,11,11,21,23
50,8,27,10,1
51,19,5,4,15
52,20,9,21,14
53,20,11,9,19
54,25,23,12,22
55,18,2,10,23
56,20,5,14,19
57,16,15,15,24
58,3,24,24,23
59,31,1,23,14
60,16,22,9,13
61,11,17,11,24
62,23,13,16,2
63,29,5,19,19
64,3,1,21,25
65,6,23,12,23
66,20,0,11,22
67,7,13,18,6
68,9,30,10,31
69,17,22,0,29
70,8,19,19,29
71,11,5,2,8
72,15,6,14,9
73,27,8,21,11
74,22,15,22,27
75,14,30,27,21
76,6,19,3,30
77,25,29,21,6
78,0,8,5,7
79,0,7,16,23
80,5,12,27,18
81,31,25,6,13
82,9,29,5,18
83,17,15,14,6
84,7,21,17,12
85,15,14,17,31
86,4,9,2,29
87,10,5,28,19
88,2,16,30,29
89,17,21,5,1
90,15,19,1,22
91,18,8,29,1
92,17,1,10,8
93,7,10,28,31
94,13,0,19,21
95,30,9,10,12
96,16,27,6,28
97,20,18,9,18
98,28,18,4,11
99,21,11,31,13
100,0,0,27,5
101,0,31,8,30
102,26,28,19,3
103,25,28,26,15
104,18,26,4,5
105,6,16,25,28
106,22,16,18,21
107,29,11,21,19
108,6,0,29,8
109,11,15,10,5
110,7,29,1,14
111,8,14,13,21
112,16,26,24,26
113,24,30,29,5
114,8,24,19,7
115,9,16,4,19
116,27,5,19,24
117,20,14,30,5
