3
Grid:
32,32
................................
................................
................................
................................
................................
................................
................................
................................
................................
................................
................................
................................
................................
................................
................................
................................
................................
................................
................................
................................
................................
................................
................................
................................
................................
................................
................................
................................
................................
................................
................................
................................
Agents:
70
0,27,29,2,13
1,10,0,22,10
2,22,7,21,23
3,3,31,25,5
4,5,11,4,21
5,31,17,1,20
6,7,4,29,19
7,20,14,20,20
8,16,2,8,23
9,6,1,12,30
10,18,1,11,17
11,13,14,8,12
12,14,20,26,20
13,31,24,31,28
14,24,5,16,8
15,18,14,10,22
16,22,9,9,6
17,17,13,13,25
18,21,3,9,8
19,26,4,19,23
20,28,23,15,20
21,11,15,8,14
22,18,28,15,25
23,1,5,15,18
24,12,16,8,3
25,30,17,5,9
26,26,16,5,23
27,27,25,5,18
28,16,27,30,13
29,7,11,15,10
30,6,0,28,13
31,24,16,14,26
32,26,30,28,23
33,18,7,13,6
34,24,12,14,10
35,8,1,25,0
36,5,27,26,21
37,22,30,2,18
38,27,18,24,5
39,19,25,13,3
40,11,8,10,27
41,19,6,25,30
42,13,24,13,29
43,28,26,18,15
44,16,24,22,16
45,28,16,6,8
46,16,10,18,2
47,22,2,24,30
48,1,2,11,27
49,18,5,20,28
50,23,18,2,26
51,9,25,9,0
52,11,0,16,23
53,2,18,24,11
54,31,0,12,14
55,14,14,12,24
56,31,30,30,0
57,26,23,4,13
58,28,20,25,10
59,17,26,1,3
60,10,30,3,30
61,28,15,6,10
62,4,20,22,28
63,10,12,25,27
64,8,25,27,12
65,16,16,6,11
66,7,6,21,11
67,16,19,27,18
68,24,26,10,14
69,26,12,21,21
