2
Grid:
32,32
................................
................................
................................
................................
................................
................................
................................
................................
................................
................................
................................
................................
................................
................................
................................
................................
................................
................................
................................
................................
................................
................................
................................
................................
................................
................................
................................
................................
................................
................................
................................
................................
Agents:
40
0,31,4,16,14
1,30,31,15,25
2,17,13,12,31
3,15,4,27,12
4,14,31,13,1
5,5,20,28,10
6,15,2,2,24
7,8,25,5,29
8,1,18,28,5
9,26,26,26,28
10,29,6,3,20
11,19,7,7,19
12,5,15,6,21
13,5,11,31,28
14,10,22,9,29
15,1,6,29,20
16,19,21,13,22
17,9,9,7,23
18,18,30,21,10
19,31,5,8,20
20,21,25,30,2
21,17,20,5,28
22,1,21,19,13
23,29,26,25,28
24,19,24,16,17
25,23,31,22,20
26,14,0,28,17
27,26,24,31,23
28,17,22,4,3
29,25,1,17,15
30,7,3,11,1
31,25,24,9,23
32,29,30,9,6
33,0,26,24,27
34,25,30,3,10
35,7,2,22,21
36,19,20,31,15
37,5,3,3,13
38,21,30,29,4
39,6,16,9,12
