0
Grid:
32,32
................................
................................
................................
................................
................................
................................
................................
................................
................................
................................
................................
................................
................................
................................
................................
................................
................................
................................
................................
................................
................................
................................
................................
................................
................................
................................
................................
................................
................................
................................
................................
................................
Agents:
74
0,31,16,2,1
1,30,14,8,26
2,18,3,22,26
3,5,29,18,1
4,2,6,24,2
5,23,23,14,31
6,23,25,6,0
7,9,9,6,17
8,26,21,26,4
9,24,19,25,19
10,11,7,31,1
11,5,11,5,27
12,17,26,3,10
13,2,18,3,1
14,3,24,30,0
15,16,15,28,25
16,0,11,5,20
17,26,11,16,11
18,20,23,5,9
19,31,17,15,17
20,5,2,29,7
21,29,16,18,9
22,13,5,24,17
23,21,0,20,3
24,10,22,20,4
25,12,25,6,31
26,19,27,26,27
27,14,23,22,22
28,11,18,11,21
29,28,24,28,30
30,1,18,23,12
31,26,9,2,28
32,22,8,29,21
33,22,11,6,2
34,30,30,31,20
35,21,2,3,2
36,22,7,15,0
37,13,9,28,5
38,10,21,23,13
39,30,12,23,22
40,4,2,27,31
41,8,12,25,26
42,12,22,16,7
43,27,4,20,13
44,29,2,5,7
45,0,2,5,31
46,26,7,7,3
47,16,18,2,31
48,8,19,17,9
49,26,4,7,23
50,14,10,30,28
51,2,12,15,2
52,1,9,20,27
53,3,12,31,3
54,13,22,1,11
55,20,15,13,29
56,19,30,20,16
57,10,13,6,21
58,29,31,25,11
59,13,18,31,31
60,14,27,28,28
61,30,19,27,6
62,7,14,17,6
63,23,27,18,24
64,1,22,5,4
65,27,25,11,18
66,30,26,16,19
67,0,27,13,9
68,11,2,1,14
69,18,14,7,18
70,22,23,16,8
71,21,9,20,5
72,13,11,23,28
73,19,17,21,9
