4
Grid:
32,32
................................
................................
................................
................................
................................
................................
................................
................................
................................
................................
................................
................................
................................
................................
................................
................................
................................
................................
................................
................................
................................
................................
................................
................................
................................
................................
................................
................................
................................
................................
................................
................................
Agents:
130
0,28,12,11,7
1,21,2,3,14
2,6,27,21,4
3,11,3,28,8
4,5,27,13,25
5,17,11,11,12
6,2,21,7,26
7,25,5,2,29
8,19,19,10,22
9,7,18,26,8
10,14,17,12,15
11,4,21,19,21
12,19,3,17,10
13,20,23,20,7
14,1,17,19,9
15,10,25,16,6
16,29,0,22,2
17,8,21,27,3
18,6,29,28,30
19,30,6,12,8
20,21,22,20,8
21,28,22,6,28
22,11,12,7,11
23,30,17,2,16
24,19,24,8,24
25,7,4,23,9
26,25,11,7,18
27,29,11,1,26
28,8,0,28,23
29,14,3,24,20
30,7,20,15,16
31,1,19,9,25
32,16,24,24,3
33,14,2,20,28
34,13,3,17,14
35,30,21,4,31
36,20,1,30,17
37,29,24,26,9
38,20,13,20,15
39,9,7,29,1
40,4,2,29,4
41,3,8,29,9
42,10,6,29,25
43,31,18,4,17
44,2,29,23,10
45,13,5,11,16
46,14,27,8,22
47,31,1,29,28
48,20,8,3,16
49,6,19,6,19
50,30,27,21,1
51,4,15,30,25
52,26,17,12,28
53,15,23,30,7
54,14,4,17,31
55,22,26,6,25
56,23,6,1,9
57,31,4,23,7
58,16,25,27,16
59,9,10,29,16
60,24,27,18,12
61,31,16,30,10
62,22,24,3,7
63,6,25,20,19
64,2,27,18,23
65,4,12,31,8
66,7,21,7,23
67,9,8,13,30
68,30,19,2,18
69,14,24,30,1
70,22,7,28,19
71,3,30,6,2
72,6,18,20,12
73,14,7,17,1
74,28,26,1,31
75,17,27,0,24
76,31,27,31,19
77,27,2,0,21
78,27,20,30,6
79,25,1,0,31
80,10,22,6,20
81,21,19,2,8
82,0,10,15,13
83,19,1,13,28
84,29,22,16,22
85,5,28,29,19
86,10,16,19,3
87,19,16,30,13
88,23,1,15,28
89,9,3,28,29
90,10,30,10,30
91,29,7,10,15
92,10,8,14,25
93,12,11,1,14
94,26,7,22,19
95,12,10,7,29
96,26,13,13,10
97,14,31,31,21
98,18,16,12,17
99,29,27,20,14
100,31,13,4,15
101,10,5,11,2
102,20,20,13,26
103,16,14,3,9
104,8,10,11,11
105,10,26,21,12
106,10,21,15,30
107,22,11,28,18
108,25,14,5,22
109,8,23,20,16
110,6,22,5,14
111,9,27,14,18
112,2,28,18,10
113,2,19,19,0
114,30,7,2,27
115,3,14,26,7
116,4,29,23,14
117,18,21,30,4
118,24,30,11,28
119,3,15,29,20
120,28,18,10,18
121,22,2,6,11
122,6,3,19,5
123,7,6,25,15
124,29,23,10,4
125,6,20,24,10
126,27,24,31,12
127,18,19,2,7
128,12,20,28,13
129,12,3,26,17
