1
Grid:
32,32
................................
................................
................................
................................
................................
................................
................................
................................
................................
................................
................................
................................
................................
................................
................................
................................
................................
................................
................................
................................
................................
................................
................................
................................
................................
................................
................................
................................
................................
................................
................................
................................
Agents:
104
0,1,4,21,4
1,25,0,25,5
2,3,12,15,31
3,3,6,17,28
4,31,20,31,16
5,28,14,11,6
6,8,0,15,27
7,2,0,12,7
8,9,28,18,10
9,5,30,16,11
10,11,15,6,31
11,21,22,30,20
12,5,10,3,8
13,19,28,10,8
14,4,6,17,12
15,0,6,16,19
16,1,0,4,11
17,29,10,30,31
18,12,19,26,22
19,20,31,21,6
20,25,26,21,20
21,25,3,29,10
22,27,5,0,5
23,4,19,24,23
24,14,4,29,1
25,12,18,0,10
26,7,18,20,31
27,15,2,24,28
28,27,25,17,15
29,24,7,12,0
30,1,24,31,18
31,20,22,2,22
32,13,8,24,17
33,3,24,16,22
34,19,21,30,7
35,8,5,27,4
36,4,17,27,26
37,22,17,21,30
38,27,0,7,30
39,5,0,30,29
40,13,0,15,8
41,26,13,20,22
42,26,17,3,19
43,24,11,28,11
44,27,10,17,7
45,24,26,5,15
46,6,18,23,23
47,15,5,26,1
48,23,28,19,25
49,16,22,1,11
50,16,23,6,5
51,10,6,10,2
52,10,21,20,16
53,28,29,24,22
54,6,27,5,22
55,19,24,25,1
56,30,6,2,26
57,27,28,1,30
58,15,23,11,18
59,28,9,1,22
60,29,13,22,16
61,30,18,6,3
62,24,21,1,15
63,2,22,6,8
64,8,9,5,11
65,16,3,5,18
66,2,20,20,30
67,6,2,20,27
68,14,30,18,30
69,3,29,0,25
70,6,14,11,9
71,24,24,13,5
72,1,8,19,8
73,9,27,14,10
74,12,24,0,15
75,26,7,27,6
76,26,28,7,17
77,7,24,2,19
78,29,6,4,0
79,26,16,23,11
80,18,10,22,13
81,8,2,3,15
82,16,27,3,6
83,4,7,20,11
84,21,13,6,30
85,8,30,4,13
86,5,31,20,10
87,7,15,15,2
88,19,26,31,6
89,12,12,25,21
90,29,23,29,23
91,9,5,23,4
92,12,13,18,28
93,5,8,14,14
94,3,18,6,1
95,10,28,21,28
96,6,22,10,9
97,8,6,10,31
98,4,2,14,27
99,15,27,11,14
100,1,26,16,6
101,21,23,29,18
102,30,29,31,25
103,18,31,25,26
