2
Grid:
32,32
................................
................................
................................
................................
................................
................................
................................
................................
................................
................................
................................
................................
................................
................................
................................
................................
................................
................................
................................
................................
................................
................................
................................
................................
................................
................................
................................
................................
................................
................................
................................
................................
Agents:
84
0,25,15,15,15
1,11,16,31,30
2,18,0,31,10
3,20,9,22,18
4,30,31,5,23
5,23,29,21,18
6,20,10,17,29
7,5,6,2,22
8,31,31,9,6
9,30,5,26,13
10,10,28,5,17
11,5,29,15,28
12,27,26,25,9
13,23,8,16,11
14,12,8,24,4
15,15,1,0,11
16,24,18,12,24
17,11,22,29,1
18,26,23,13,2
19,31,6,1,18
20,5,7,7,22
21,18,20,11,17
22,9,30,2,24
23,26,15,0,13
24,1,12,29,18
25,16,4,15,13
26,0,18,31,4
27,4,29,9,10
28,10,13,23,19
29,21,23,22,1
30,8,11,27,5
31,28,22,13,13
32,15,22,28,23
33,5,1,4,8
34,30,14,10,13
35,12,7,12,9
36,0,24,13,3
37,0,3,18,6
38,9,17,4,5
39,20,28,5,20
40,0,8,12,8
41,6,31,30,1
42,23,11,14,14
43,0,5,8,28
44,13,14,16,9
45,12,12,2,2
46,2,7,30,26
47,29,25,25,29
48,5,18,10,1
49,25,24,20,5
50,16,19,26,20
51,4,8,10,26
52,18,1,11,23
53,19,25,22,6
54,23,0,9,26
55,30,4,19,8
56,21,31,7,31
57,20,16,25,2
58,1,31,3,21
59,5,24,7,11
60,26,6,20,30
61,24,12,17,23
62,12,2,6,20
63,23,18,2,1
64,31,15,2,16
65,6,24,21,14
66,19,11,7,13
67,26,19,1,14
68,19,9,2,25
69,15,28,26,18
70,20,13,7,16
71,29,0,24,11
72,28,25,2,26
73,4,31,13,8
74,17,0,31,18
75,3,11,18,14
76,13,12,10,23
77,9,6,3,14
78,12,23,7,23
79,21,16,18,12
80,8,18,19,18
81,29,15,20,20
82,29,29,8,27
83,11,8,15,10
