1
Grid:
32,32
................................
................................
................................
................................
................................
................................
................................
................................
................................
................................
................................
................................
................................
................................
................................
................................
................................
................................
................................
................................
................................
................................
................................
................................
................................
................................
................................
................................
................................
................................
................................
................................
Agents:
152
0,19,31,13,18
1,21,1,9,17
2,7,18,10,2
3,23,22,19,30
4,25,15,20,19
5,30,17,15,28
6,6,4,4,31
7,23,3,20,25
8,4,25,2,17
9,19,20,5,21
10,25,12,7,23
11,9,28,27,0
12,28,16,5,15
13,23,20,26,11
14,29,8,17,1
15,26,30,9,23
16,6,23,14,31
17,26,0,24,25
18,21,19,30,2
19,3,14,9,13
20,31,29,10,11
21,11,18,27,26
22,14,3,25,24
23,11,0,16,16
24,0,27,2,2
25,6,30,26,21
26,12,9,15,9
27,8,7,29,16
28,22,24,15,13
29,5,22,23,19
30,27,2,17,18
31,24,17,1,9
32,21,0,27,31
33,11,14,7,6
34,10,23,31,22
35,14,16,6,15
36,22,4,12,0
37,21,28,30,29
38,1,23,9,19
39,13,25,22,20
40,20,1,22,26
41,2,28,19,4
42,17,28,27,2
43,15,18,16,23
44,10,28,16,26
45,13,12,8,26
46,18,28,29,26
47,29,14,25,4
48,23,28,10,1
49,22,8,0,9
50,13,21,15,30
51,20,11,5,30
52,5,30,19,3
53,11,12,25,13
54,17,4,16,10
55,14,22,6,4
56,15,24,24,7
57,14,14,19,26
58,31,23,28,10
59,12,17,24,26
60,2,9,13,23
61,18,24,13,19
62,24,7,27,17
63,1,8,7,20
64,0,11,8,23
65,20,12,24,5
66,20,10,14,3
67,8,4,3,6
68,17,1,16,7
69,26,13,18,16
70,14,13,1,3
71,10,4,9,1
72,31,9,11,11
73,28,31,28,15
74,28,28,25,1
75,19,30,28,24
76,20,27,14,1
77,18,30,4,24
78,4,12,18,5
79,10,8,17,21
80,4,2,11,8
81,2,2,11,28
82,4,3,5,26
83,6,27,0,21
84,10,0,4,0
85,31,0,22,15
86,15,4,11,21
87,10,10,17,31
88,28,22,3,25
89,31,24,4,3
90,11,1,18,25
91,14,23,6,21
92,25,21,20,18
93,21,13,11,16
94,17,14,5,10
95,7,4,22,10
96,22,17,14,0
97,9,12,23,21
98,11,7,1,6
99,31,27,7,15
100,2,1,26,28
101,28,18,10,13
102,15,15,19,14
103,16,8,2,24
104,1,14,17,20
105,13,18,20,7
106,28,2,3,5
107,19,11,12,13
108,9,14,29,8
109,14,24,30,26
110,9,27,23,7
111,24,27,27,25
112,10,29,4,1
113,27,30,24,27
114,31,21,25,3
115,22,3,24,16
116,21,10,13,4
117,12,18,15,12
118,26,7,31,13
119,6,5,5,29
120,28,8,13,11
121,12,25,0,17
122,23,4,25,10
123,21,6,2,3
124,24,0,9,21
125,30,16,21,10
126,13,9,21,14
127,24,25,4,10
128,3,1,5,5
129,8,17,12,31
130,20,18,30,28
131,23,10,27,23
132,29,18,9,10
133,22,1,1,21
134,16,2,23,18
135,7,8,2,9
136,28,0,25,28
137,14,31,3,17
138,3,6,17,12
139,7,21,2,27
140,22,6,20,10
141,21,11,0,5
142,18,18,8,22
143,14,25,7,11
144,31,20,20,12
145,17,9,2,29
146,1,13,4,27
147,6,2,24,29
148,16,23,5,13
149,16,27,10,8
150,8,5,28,17
151,13,23,14,26
