4
Grid:
32,32
................................
................................
................................
................................
................................
................................
................................
................................
................................
................................
................................
................................
................................
................................
................................
................................
................................
................................
................................
................................
................................
................................
................................
................................
................................
................................
................................
................................
................................
................................
................................
................................
Agents:
22
0,28,10,23,2
1,1,26,17,5
2,1,4,27,26
3,29,26,30,12
4,17,20,26,13
5,24,20,20,19
6,5,27,25,3
7,6,27,12,17
8,26,25,9,19
9,27,29,27,20
10,26,30,1,14
11,9,17,20,18
12,15,3,28,23
13,16,7,9,0
14,8,18,15,7
15,18,10,17,21
16,18,2,8,17
17,8,7,4,9
18,1,17,1,28
19,31,31,8,26
20,22,3,13,26
21,10,9,8,18
