0
Grid:
32,32
................................
................................
................................
................................
................................
................................
................................
................................
................................
................................
................................
................................
................................
................................
................................
................................
................................
................................
................................
................................
................................
................................
................................
................................
................................
................................
................................
................................
................................
................................
................................
................................
Agents:
30
0,12,25,6,24
1,29,3,6,29
2,11,17,7,17
3,12,30,6,8
4,21,3,23,16
5,5,29,1,10
6,2,30,6,26
7,25,14,15,9
8,17,16,28,28
9,13,12,10,31
10,21,19,0,16
11,12,11,22,14
12,26,21,31,22
13,27,23,22,29
14,1,8,15,21
15,25,15,15,19
16,15,16,8,15
17,12,15,31,18
18,11,19,6,17
19,25,13,2,18
20,23,31,24,15
21,31,24,19,8
22,11,14,4,23
23,6,25,5,13
24,3,26,17,30
25,10,25,29,27
26,8,11,20,6
27,0,25,8,17
28,12,18,16,11
29,9,21,2,17
