2
Grid:
32,32
................................
................................
................................
................................
................................
................................
................................
................................
................................
................................
................................
................................
................................
................................
................................
................................
................................
................................
................................
................................
................................
................................
................................
................................
................................
................................
................................
................................
................................
................................
................................
................................
Agents:
76
0,6,23,5,27
1,0,27,17,14
2,2,17,24,20
3,9,2,21,13
4,12,15,10,15
5,12,27,27,7
6,1,24,11,11
7,11,4,2,13
8,13,2,10,27
9,8,23,7,0
10,23,7,20,15
11,17,18,1,17
12,31,30,31,1
13,6,1,8,11
14,14,23,8,3
15,9,30,5,13
16,0,28,13,20
17,19,23,10,28
18,21,16,12,31
19,4,3,8,28
20,12,23,18,7
21,24,14,19,17
22,29,1,9,23
23,30,10,3,8
24,27,27,11,13
25,16,20,23,26
26,26,2,4,10
27,28,30,30,26
28,6,14,29,28
29,28,4,19,23
30,11,7,6,20
31,20,21,1,9
32,26,5,3,22
33,4,19,5,25
34,14,28,1,13
35,29,5,0,11
36,10,0,23,17
37,14,2,7,21
38,21,30,30,9
39,5,18,16,22
40,6,20,24,3
41,4,30,3,16
42,0,20,26,5
43,16,7,13,7
44,20,31,31,21
45,23,4,19,11
46,2,2,19,18
47,8,15,14,2
48,6,25,15,27
49,5,7,18,28
50,12,20,31,26
51,22,21,26,20
52,23,27,13,18
53,15,4,10,18
54,25,29,23,7
55,4,15,21,30
56,1,1,6,25
57,15,17,7,5
58,10,27,6,7
59,4,16,3,25
60,3,6,18,3
61,8,30,7,4
62,13,6,3,29
63,29,11,11,22
64,25,5,6,18
65,21,29,6,6
66,30,15,15,21
67,6,4,21,24
68,4,12,8,18
69,27,7,20,31
70,3,1,27,5
71,19,22,3,0
72,5,10,22,31
73,4,5,28,16
74,11,24,17,8
75,7,17,30,23
