2
Grid:
32,32
................................
................................
................................
................................
................................
................................
................................
................................
................................
................................
................................
................................
................................
................................
................................
................................
................................
................................
................................
................................
................................
................................
................................
................................
................................
................................
................................
................................
................................
................................
................................
................................
Agents:
54
0,22,0,21,11
1,1,0,14,29
2,11,31,20,20
3,15,19,14,2
4,18,9,21,19
5,16,2,15,1
6,4,13,3,21
7,4,30,8,4
8,31,23,14,7
9,31,0,4,17
10,4,7,29,24
11,11,10,29,30
12,4,11,3,1
13,31,11,14,9
14,2,18,10,6
15,7,2,7,24
16,8,5,14,17
17,1,4,21,17
18,28,30,1,15
19,29,21,30,16
20,1,7,25,18
21,8,4,23,1
22,18,11,8,21
23,22,30,14,0
24,15,14,24,5
25,20,7,4,5
26,27,22,10,25
27,17,15,27,31
28,21,23,20,10
29,27,31,17,21
30,0,4,4,11
31,16,0,11,0
32,1,13,3,28
33,25,31,21,9
34,12,31,17,19
35,25,9,6,25
36,30,29,30,26
37,31,7,19,10
38,23,25,31,30
39,20,0,3,29
40,27,20,20,5
41,29,0,8,29
42,7,18,14,23
43,19,18,25,30
44,15,4,8,26
45,3,29,4,4
46,21,28,2,4
47,22,7,19,6
48,2,4,19,8
49,18,23,30,14
50,18,15,15,20
51,12,19,27,23
52,13,17,17,28
53,23,20,8,17
