1
Grid:
32,32
................................
................................
................................
................................
................................
................................
................................
................................
................................
................................
................................
................................
................................
................................
................................
................................
................................
................................
................................
................................
................................
................................
................................
................................
................................
................................
................................
................................
................................
................................
................................
................................
Agents:
80
0,31,21,23,29
1,27,4,15,0
2,23,25,21,1
3,9,31,4,10
4,2,20,11,31
5,0,2,25,29
6,6,29,7,3
7,22,22,12,22
8,8,14,11,24
9,17,22,11,15
10,30,18,13,8
11,6,23,28,0
12,10,4,8,19
13,20,10,14,20
14,18,20,21,27
15,10,17,27,5
16,28,4,5,18
17,21,22,30,4
18,24,12,1,0
19,2,29,26,10
20,7,5,20,22
21,11,18,1,15
22,8,22,15,22
23,31,14,28,4
24,0,20,3,21
25,15,21,10,20
26,25,13,19,26
27,15,3,13,19
28,26,19,28,13
29,4,31,25,26
30,13,14,31,0
31,9,15,29,8
32,5,2,26,14
33,7,0,18,28
34,29,27,25,13
35,12,20,18,5
36,15,25,28,10
37,7,20,5,31
38,23,21,21,21
39,28,30,22,5
40,11,3,10,12
41,19,22,7,13
42,1,7,27,12
43,10,8,8,0
44,7,21,10,7
45,17,14,13,17
46,24,7,28,8
47,24,28,29,20
48,8,16,0,27
49,15,6,26,7
50,14,31,26,9
51,17,5,23,11
52,7,27,24,8
53,6,31,11,9
54,6,26,1,22
55,12,5,7,29
56,23,6,27,26
57,20,9,7,30
58,13,30,18,1
59,23,31,12,20
60,24,8,3,3
61,9,29,13,28
62,27,7,25,15
63,1,10,17,23
64,12,7,11,26
65,5,22,28,2
66,15,11,13,14
67,18,14,2,17
68,2,12,5,7
69,8,12,17,4
70,23,17,30,17
71,19,14,14,25
72,2,16,27,1
73,14,15,27,3
74,6,8,5,13
75,27,9,23,24
76,0,30,21,8
77,30,27,20,27
78,14,5,13,1
79,31,1,7,9
