2
Grid:
32,32
................................
................................
................................
................................
................................
................................
................................
................................
................................
................................
................................
................................
................................
................................
................................
................................
................................
................................
................................
................................
................................
................................
................................
................................
................................
................................
................................
................................
................................
................................
................................
................................
Agents:
22
0,30,27,13,30
1,30,14,8,10
2,18,25,29,22
3,4,25,6,8
4,15,28,7,18
5,1,20,5,13
6,27,27,17,17
7,30,3,25,12
8,10,14,19,24
9,8,4,2,15
10,26,30,29,24
11,29,19,21,5
12,20,26,8,31
13,21,14,23,8
14,2,29,24,27
15,30,2,23,18
16,15,14,22,29
17,30,15,13,6
18,24,28,23,15
19,18,27,21,28
20,14,3,16,13
21,0,23,8,21
