0
Grid:
32,32
................................
................................
................................
................................
................................
................................
................................
................................
................................
................................
................................
................................
................................
................................
................................
................................
................................
................................
................................
................................
................................
................................
................................
................................
................................
................................
................................
................................
................................
................................
................................
................................
Agents:
104
0,9,17,16,27
1,7,20,31,11
2,9,30,9,5
3,26,4,31,0
4,27,15,15,8
5,8,20,13,5
6,10,9,4,4
7,3,27,2,25
8,31,4,6,7
9,2,9,20,8
10,26,27,28,14
11,19,20,28,2
12,25,11,7,12
13,5,31,27,3
14,10,13,22,9
15,3,13,13,13
16,11,20,18,2
17,15,20,30,5
18,3,0,5,8
19,18,22,10,13
20,13,19,10,22
21,20,23,5,1
22,11,2,5,23
23,20,3,16,17
24,13,0,9,7
25,30,2,19,21
26,15,25,24,29
27,9,13,10,2
28,30,19,30,23
29,27,29,23,3
30,24,26,4,11
31,25,13,21,0
32,12,26,23,22
33,9,22,29,1
34,26,14,26,7
35,24,31,26,11
36,18,12,10,4
37,28,7,16,6
38,7,28,27,6
39,8,22,17,16
40,23,2,24,23
41,18,10,3,26
42,15,0,5,20
43,30,17,16,13
44,11,1,28,9
45,22,16,5,5
46,5,20,17,18
47,29,18,15,5
48,25,6,12,4
49,11,17,9,4
50,25,29,19,8
51,7,31,26,8
52,16,3,30,12
53,29,1,20,23
54,6,1,20,12
55,10,4,20,27
56,6,22,1,21
57,8,15,25,25
58,30,11,1,17
59,28,24,17,31
60,11,24,5,15
61,24,8,26,21
62,25,30,12,10
63,14,10,18,16
64,14,1,19,27
65,17,23,2,1
66,29,26,21,5
67,24,19,25,23
68,2,16,6,9
69,16,26,3,31
70,20,9,25,9
71,27,20,11,24
72,5,0,23,12
73,13,7,20,10
74,9,10,20,4
75,20,1,3,16
76,18,16,26,31
77,6,31,1,11
78,5,17,3,6
79,20,18,23,30
80,19,5,15,9
81,16,18,9,20
82,7,12,3,21
83,29,20,3,15
84,12,14,13,16
85,26,1,3,2
86,3,1,21,23
87,29,3,23,26
88,2,24,15,15
89,16,7,19,4
90,0,3,28,5
91,25,17,11,0
92,2,28,20,22
93,8,8,7,28
94,13,3,8,26
95,10,30,1,18
96,5,1,3,28
97,22,21,6,19
98,3,19,15,4
99,25,1,6,22
100,9,21,18,9
101,30,25,25,22
102,5,19,22,18
103,29,16,8,24
