2
Grid:
32,32
................................
................................
................................
................................
................................
................................
................................
................................
................................
................................
................................
................................
................................
................................
................................
................................
................................
................................
................................
................................
................................
................................
................................
................................
................................
................................
................................
................................
................................
................................
................................
................................
Agents:
104
0,16,30,28,18
1,23,8,5,19
2,25,20,9,29
3,14,25,17,31
4,9,15,1,4
5,15,21,4,3
6,2,21,29,24
7,0,5,5,10
8,31,28,11,29
9,12,24,13,0
10,4,23,1,22
11,9,24,24,25
12,24,7,24,13
13,6,4,31,13
14,6,7,17,28
15,5,21,11,30
16,17,26,11,8
17,20,11,17,11
18,16,11,4,19
19,23,7,8,20
20,24,13,8,8
21,28,7,11,1
22,17,22,27,30
23,26,27,9,15
24,15,6,17,6
25,9,10,1,24
26,6,24,5,27
27,21,30,6,5
28,16,18,18,14
29,13,10,16,12
30,19,2,27,24
31,9,26,8,5
32,4,7,27,4
33,1,20,8,16
34,20,20,29,31
35,5,5,1,20
36,0,22,31,4
37,26,1,19,9
38,7,2,19,20
39,12,10,31,1
40,13,30,25,7
41,24,31,9,30
42,11,6,10,20
43,20,28,23,24
44,22,17,24,9
45,26,5,7,17
46,25,13,21,3
47,26,26,29,8
48,29,22,15,3
49,17,18,16,15
50,26,2,27,12
51,19,26,26,6
52,0,3,15,17
53,10,15,14,27
54,29,19,1,19
55,23,14,16,2
56,5,2,30,23
57,29,20,30,19
58,10,10,1,8
59,14,30,20,1
60,19,5,18,31
61,30,2,3,22
62,25,0,26,20
63,11,18,12,26
64,28,0,4,6
65,3,16,17,15
66,16,25,29,20
67,16,10,29,10
68,11,29,18,8
69,30,7,14,25
70,28,4,25,12
71,26,12,14,11
72,31,22,27,15
73,16,5,23,1
74,15,19,18,7
75,8,19,20,18
76,31,21,30,10
77,1,0,27,1
78,24,24,20,31
79,19,28,0,18
80,29,11,30,20
81,18,18,19,22
82,9,13,27,22
83,12,6,7,9
84,2,14,2,13
85,6,27,18,18
86,8,13,3,29
87,0,20,9,14
88,1,22,11,27
89,17,16,7,26
90,8,29,13,23
91,28,29,5,15
92,15,4,9,18
93,17,1,31,27
94,18,19,11,10
95,15,20,5,5
96,4,30,19,25
97,28,2,28,1
98,6,1,17,25
99,15,7,28,23
100,7,20,3,15
101,31,3,7,1
102,22,29,15,13
103,11,31,9,27
