1
Grid:
32,32
................................
................................
................................
................................
................................
................................
................................
................................
................................
................................
................................
................................
................................
................................
................................
................................
................................
................................
................................
................................
................................
................................
................................
................................
................................
................................
................................
................................
................................
................................
................................
................................
Agents:
54
0,22,31,21,1
1,1,20,5,1
2,10,6,20,24
3,11,22,19,24
4,26,27,13,3
5,19,15,21,30
6,26,18,17,11
7,28,7,20,27
8,23,24,19,29
9,9,22,31,20
10,1,22,8,2
11,0,19,10,26
12,16,9,21,2
13,24,24,10,6
14,17,3,1,28
15,29,25,29,6
16,26,30,26,15
17,2,1,20,16
18,11,16,20,30
19,19,2,4,31
20,15,10,18,12
21,30,30,16,16
22,20,1,9,0
23,14,10,18,9
24,27,31,30,30
25,5,14,22,22
26,16,2,14,1
27,15,0,30,16
28,31,14,26,1
29,4,1,29,4
30,13,19,10,13
31,4,23,17,28
32,21,28,17,18
33,15,26,2,21
34,5,6,13,1
35,6,22,16,11
36,23,1,19,16
37,31,15,19,28
38,27,14,5,14
39,29,18,14,4
40,29,14,3,4
41,8,23,5,17
42,15,2,28,18
43,1,28,19,6
44,11,18,10,25
45,5,7,28,20
46,0,26,2,1
47,12,18,3,24
48,26,0,2,13
49,3,30,17,20
50,9,9,11,19
51,27,24,7,4
52,9,30,7,30
53,15,21,10,21
