4
Grid:
32,32
................................
................................
................................
................................
................................
................................
................................
................................
................................
................................
................................
................................
................................
................................
................................
................................
................................
................................
................................
................................
................................
................................
................................
................................
................................
................................
................................
................................
................................
................................
................................
................................
Agents:
140
0,28,10,29,14
1,26,28,29,2
2,20,20,10,26
3,4,7,19,17
4,8,27,19,25
5,16,31,30,8
6,8,20,0,6
7,17,26,31,17
8,20,29,15,1
9,29,1,6,20
10,1,10,20,21
11,22,8,2,12
12,26,21,21,16
13,29,16,22,6
14,18,10,22,12
15,29,30,16,25
16,1,0,27,9
17,7,31,18,5
18,19,17,17,3
19,12,27,16,13
20,13,6,10,3
21,10,25,25,8
22,2,7,18,10
23,20,18,10,18
24,5,29,2,11
25,7,12,23,17
26,20,13,26,6
27,30,18,31,6
28,20,17,5,28
29,2,30,0,11
30,23,20,4,20
31,20,30,15,29
32,29,17,10,6
33,29,7,12,29
34,12,18,12,16
35,7,2,29,25
36,16,1,30,29
37,19,26,22,29
38,0,29,27,15
39,6,19,10,0
40,0,10,31,13
41,10,21,28,18
42,3,17,2,0
43,10,20,12,22
44,1,21,27,8
45,11,1,24,24
46,15,14,24,10
47,4,25,17,19
48,18,12,30,16
49,27,17,5,16
50,9,13,13,15
51,6,18,14,19
52,21,4,19,6
53,27,18,31,11
54,25,3,8,3
55,18,22,26,20
56,11,14,21,1
57,29,12,4,11
58,9,30,8,10
59,26,12,31,21
60,7,8,15,27
61,5,23,11,22
62,7,5,17,21
63,19,2,7,0
64,28,25,18,20
65,1,20,15,14
66,9,19,6,25
67,3,23,19,2
68,31,30,9,2
69,21,24,1,2
70,27,30,26,9
71,2,20,9,6
72,22,0,29,13
73,16,24,27,10
74,16,20,0,21
75,17,15,9,23
76,9,0,10,16
77,7,15,30,22
78,11,16,19,22
79,16,25,6,4
80,21,31,8,26
81,20,22,23,20
82,4,9,16,26
83,9,17,29,18
84,30,28,29,19
85,22,14,18,25
86,13,7,10,30
87,15,18,27,2
88,17,4,7,21
89,2,18,13,8
90,10,9,7,28
91,12,20,9,15
92,12,15,30,21
93,13,28,2,7
94,2,27,31,2
95,2,4,18,9
96,31,31,15,11
97,28,7,12,25
98,15,31,10,11
99,21,21,17,18
100,25,27,24,23
101,19,31,14,21
102,27,24,19,23
103,1,30,30,0
104,8,16,3,14
105,22,7,26,3
106,27,2,9,9
107,11,27,8,30
108,28,20,13,6
109,4,14,5,17
110,14,25,20,10
111,4,16,21,12
112,19,15,31,27
113,22,10,25,25
114,21,9,5,14
115,30,13,10,17
116,25,15,9,14
117,22,13,27,17
118,25,19,0,30
119,14,15,11,30
120,5,27,8,8
121,8,28,17,9
122,19,0,25,5
123,10,26,7,26
124,26,6,5,0
125,6,31,2,21
126,14,0,5,10
127,26,10,17,23
128,5,17,23,4
129,7,30,16,30
130,9,14,27,31
131,9,27,2,15
132,5,15,20,13
133,0,30,24,20
134,5,25,27,19
135,13,9,1,29
136,8,22,12,18
137,28,22,12,9
138,31,27,1,23
139,14,23,12,7
