0
Grid:
32,32
................................
................................
................................
................................
................................
................................
................................
................................
................................
................................
................................
................................
................................
................................
................................
................................
................................
................................
................................
................................
................................
................................
................................
................................
................................
................................
................................
................................
................................
................................
................................
................................
Agents:
58
0,20,4,20,20
1,14,25,3,13
2,15,29,27,20
3,7,0,19,28
4,30,2,23,29
5,20,13,7,10
6,10,27,23,4
7,28,20,22,12
8,20,10,9,23
9,7,5,19,29
10,12,29,10,13
11,11,25,25,28
12,10,20,8,26
13,12,25,12,25
14,15,10,15,16
15,7,23,15,10
16,31,0,29,14
17,25,3,13,26
18,30,0,13,19
19,8,31,25,22
20,0,0,30,31
21,10,12,15,22
22,13,26,21,21
23,11,30,2,4
24,24,22,11,26
25,2,10,13,25
26,6,22,22,19
27,2,22,5,10
28,25,20,31,18
29,15,26,30,30
30,16,14,29,10
31,16,20,22,1
32,27,28,11,16
33,14,9,18,22
34,2,24,26,26
35,22,19,26,21
36,1,8,20,31
37,5,12,22,27
38,18,30,3,9
39,11,15,0,29
40,8,14,30,9
41,1,25,11,14
42,8,29,28,3
43,17,8,9,13
44,10,9,28,31
45,17,13,15,29
46,15,18,1,27
47,15,22,8,30
48,17,17,29,11
49,12,2,16,16
50,27,31,25,20
51,0,14,31,4
52,17,22,19,0
53,3,26,30,21
54,18,1,1,18
55,12,23,16,22
56,11,29,27,16
57,11,6,17,0
