4
Grid:
32,32
................................
................................
................................
................................
................................
................................
................................
................................
................................
................................
................................
................................
................................
................................
................................
................................
................................
................................
................................
................................
................................
................................
................................
................................
................................
................................
................................
................................
................................
................................
................................
................................
Agents:
44
0,1,25,13,23
1,7,14,13,7
2,1,31,19,0
3,19,15,7,12
4,16,2,7,1
5,25,19,17,29
6,30,29,4,1
7,0,12,14,9
8,1,17,6,7
9,14,21,29,30
10,28,11,2,25
11,1,4,20,10
12,30,1,17,6
13,23,24,18,7
14,25,24,30,6
15,12,25,7,29
16,26,11,5,29
17,16,24,15,21
18,23,14,8,26
19,8,7,26,19
20,21,3,12,27
21,22,29,18,2
22,23,20,27,27
23,26,10,14,29
24,3,29,31,12
25,6,8,29,3
26,26,17,16,9
27,27,21,19,1
28,24,2,11,7
29,15,31,15,10
30,7,27,10,16
31,21,23,11,0
32,21,31,19,12
33,24,19,28,2
34,12,8,30,8
35,20,18,16,23
36,9,6,20,19
37,0,25,24,27
38,12,9,3,5
39,7,13,15,17
40,21,27,9,22
41,17,4,10,22
42,30,9,29,7
43,16,27,5,20
