4
Grid:
32,32
................................
................................
................................
................................
................................
................................
................................
................................
................................
................................
................................
................................
................................
................................
................................
................................
................................
................................
................................
................................
................................
................................
................................
................................
................................
................................
................................
................................
................................
................................
................................
................................
Agents:
26
0,12,11,7,8
1,17,29,8,9
2,3,21,20,7
3,19,13,30,20
4,4,28,22,14
5,19,5,20,24
6,31,16,0,20
7,18,15,16,24
8,21,10,13,9
9,25,7,25,9
10,10,6,19,0
11,10,26,11,8
12,5,8,2,13
13,8,13,29,30
14,0,21,13,5
15,22,28,12,5
16,16,25,29,12
17,5,19,25,31
18,15,12,11,5
19,4,18,30,0
20,18,0,7,10
21,11,0,29,24
22,15,6,6,20
23,22,18,7,27
24,29,6,6,26
25,7,6,17,25
