2
Grid:
32,32
................................
................................
................................
................................
................................
................................
................................
................................
................................
................................
................................
................................
................................
................................
................................
................................
................................
................................
................................
................................
................................
................................
................................
................................
................................
................................
................................
................................
................................
................................
................................
................................
Agents:
128
0,30,18,8,13
1,30,0,14,13
2,19,22,16,0
3,8,14,1,17
4,20,20,4,5
5,14,15,20,12
6,14,10,21,14
7,1,24,27,15
8,0,28,3,22
9,2,2,8,23
10,17,31,16,27
11,3,0,15,2
12,28,19,18,2
13,10,18,28,24
14,18,23,18,31
15,19,30,21,26
16,27,7,30,1
17,4,2,25,24
18,20,14,24,23
19,24,11,31,22
20,5,5,22,10
21,18,10,31,29
22,21,22,13,19
23,23,22,12,31
24,14,7,10,8
25,28,28,24,4
26,5,30,30,18
27,15,29,17,3
28,12,21,6,14
29,27,28,4,0
30,0,16,10,4
31,20,7,26,31
32,3,17,4,13
33,4,23,14,27
34,28,12,9,24
35,12,25,4,25
36,10,6,26,21
37,27,19,0,16
38,3,11,28,30
39,27,22,24,10
40,2,19,4,23
41,2,5,12,9
42,19,23,21,29
43,10,24,26,0
44,31,16,13,23
45,9,22,4,28
46,9,5,12,26
47,1,16,8,22
48,17,15,26,14
49,4,10,20,16
50,24,4,25,9
51,11,25,28,11
52,18,21,27,13
53,18,29,11,21
54,4,24,25,28
55,17,16,29,18
56,0,9,30,28
57,13,1,8,21
58,5,31,23,20
59,11,11,19,0
60,6,11,14,5
61,23,12,28,23
62,2,22,17,8
63,15,5,15,21
64,5,11,0,1
65,1,20,22,27
66,6,16,7,29
67,30,30,28,2
68,7,8,14,2
69,19,29,27,6
70,5,13,30,15
71,20,6,18,29
72,30,25,9,28
73,21,31,11,26
74,24,0,6,20
75,11,17,16,5
76,4,25,19,4
77,4,12,28,13
78,12,31,8,4
79,23,28,17,1
80,5,12,25,13
81,23,25,26,18
82,22,29,25,17
83,9,16,15,12
84,11,15,16,19
85,25,28,23,12
86,12,13,4,20
87,5,24,21,23
88,23,16,5,28
89,14,8,10,31
90,13,5,8,3
91,15,13,19,10
92,12,17,29,13
93,17,8,20,9
94,17,23,12,20
95,23,24,4,6
96,21,26,23,23
97,15,0,28,28
98,15,4,9,0
99,20,8,8,30
100,6,14,17,9
101,5,22,9,23
102,19,12,3,27
103,20,28,23,13
104,17,14,16,23
105,26,21,1,3
106,31,18,21,8
107,25,6,31,30
108,13,28,7,23
109,30,16,15,17
110,11,21,24,6
111,21,13,27,11
112,2,29,1,0
113,1,13,31,21
114,24,28,9,5
115,27,4,8,2
116,30,17,22,6
117,26,0,9,29
118,28,21,12,15
119,23,2,8,25
120,28,2,17,6
121,25,2,19,25
122,18,19,15,29
123,0,26,27,24
124,10,21,17,12
125,3,16,1,1
126,1,5,10,24
127,9,23,13,11
