4
Grid:
32,32
................................
................................
................................
................................
................................
................................
................................
................................
................................
................................
................................
................................
................................
................................
................................
................................
................................
................................
................................
................................
................................
................................
................................
................................
................................
................................
................................
................................
................................
................................
................................
................................
Agents:
74
0,9,28,18,6
1,12,21,13,1
2,12,30,5,14
3,21,5,25,10
4,8,11,24,3
5,6,30,16,25
6,29,12,4,19
7,0,9,11,19
8,19,19,9,20
9,13,18,18,12
10,11,25,16,14
11,12,13,4,1
12,4,16,14,11
13,31,28,1,7
14,9,20,19,15
15,2,20,20,9
16,27,3,26,9
17,28,24,31,9
18,8,6,14,26
19,30,7,8,8
20,20,1,13,27
21,8,2,7,0
22,1,10,12,24
23,26,9,4,2
24,28,3,8,1
25,23,10,14,22
26,0,22,4,11
27,17,18,10,30
28,9,30,1,25
29,26,4,21,26
30,5,11,30,3
31,2,18,29,12
32,28,8,12,29
33,17,29,23,31
34,13,26,28,16
35,10,25,17,15
36,10,6,18,4
37,30,9,11,27
38,17,9,26,12
39,11,26,5,30
40,21,22,16,23
41,31,6,29,23
42,29,23,8,25
43,19,4,0,26
44,18,9,22,1
45,15,10,5,3
46,12,26,11,31
47,1,8,0,19
48,31,21,5,4
49,5,24,23,25
50,25,29,14,6
51,27,1,29,24
52,24,30,14,4
53,31,26,5,9
54,24,8,27,25
55,1,31,25,27
56,19,0,22,27
57,15,14,6,4
58,12,28,3,16
59,21,4,9,25
60,21,12,4,27
61,10,4,13,10
62,11,0,8,30
63,12,16,11,6
64,4,21,22,10
65,10,27,20,10
66,3,18,6,25
67,1,23,17,4
68,27,29,11,11
69,13,31,9,24
70,24,25,19,26
71,12,10,2,1
72,8,16,5,31
73,22,11,28,17
