0
Grid:
32,32
................................
................................
................................
................................
................................
................................
................................
................................
................................
................................
................................
................................
................................
................................
................................
................................
................................
................................
................................
................................
................................
................................
................................
................................
................................
................................
................................
................................
................................
................................
................................
................................
Agents:
158
0,25,1,2,9
1,17,17,29,27
2,12,4,24,28
3,0,13,18,1
4,28,4,28,31
5,9,26,21,4
6,11,17,20,4
7,4,7,11,23
8,15,10,5,9
9,31,11,1,19
10,11,6,21,30
11,14,31,16,22
12,0,23,11,1
13,24,19,17,28
14,4,11,14,27
15,12,1,4,25
16,29,22,0,29
17,2,0,30,19
18,6,10,22,2
19,27,24,23,25
20,20,26,21,12
21,26,8,18,25
22,2,6,18,2
23,0,6,27,16
24,17,11,24,1
25,5,4,27,20
26,25,31,0,22
27,10,19,6,10
28,18,18,22,1
29,17,20,29,25
30,11,12,17,10
31,8,17,10,17
32,24,8,16,2
33,28,21,23,13
34,15,3,22,10
35,0,5,26,4
36,14,6,27,4
37,23,17,30,15
38,29,26,25,21
39,2,25,20,20
40,5,7,21,17
41,7,30,27,19
42,11,15,9,30
43,14,20,20,18
44,25,6,9,25
45,13,7,12,18
46,17,9,25,8
47,15,25,0,30
48,9,10,5,19
49,23,13,14,12
50,10,0,20,6
51,22,18,5,7
52,8,25,31,25
53,7,11,3,15
54,21,23,16,24
55,29,25,2,24
56,10,15,23,29
57,0,30,27,29
58,9,31,25,25
59,21,12,6,15
60,12,8,11,27
61,24,15,9,12
62,31,1,9,0
63,23,3,29,2
64,16,12,24,2
65,26,20,3,2
66,14,4,6,21
67,16,20,29,30
68,21,17,21,6
69,8,2,2,28
70,31,2,0,19
71,8,20,31,4
72,29,1,31,0
73,29,30,31,23
74,25,11,8,24
75,1,24,14,15
76,24,30,17,9
77,20,13,1,11
78,26,24,0,12
79,25,5,28,22
80,20,17,22,29
81,6,17,19,2
82,31,21,9,15
83,1,7,17,7
84,0,11,31,17
85,8,23,5,23
86,23,18,22,20
87,13,9,7,31
88,0,4,14,14
89,18,30,3,3
90,4,24,15,10
91,10,5,17,13
92,11,1,22,4
93,28,16,10,26
94,26,28,0,21
95,24,2,26,28
96,14,13,24,27
97,27,23,24,25
98,20,8,21,24
99,0,22,20,21
100,30,13,30,22
101,2,9,25,6
102,1,5,2,17
103,16,10,9,5
104,13,21,20,1
105,6,27,12,4
106,1,27,8,27
107,6,1,20,15
108,6,29,7,18
109,24,17,22,17
110,23,28,14,9
111,31,20,3,20
112,4,0,29,21
113,14,8,19,7
114,15,9,29,24
115,29,14,1,5
116,26,29,8,28
117,2,1,18,7
118,31,5,7,22
119,22,5,24,14
120,21,29,0,2
121,1,18,21,16
122,6,26,15,23
123,17,23,11,6
124,15,15,31,2
125,30,1,19,26
126,27,22,21,7
127,10,12,0,27
128,1,16,4,30
129,5,29,11,2
130,29,18,22,25
131,1,9,16,25
132,30,4,4,8
133,28,1,5,16
134,17,18,12,21
135,6,11,27,7
136,22,2,24,16
137,19,17,22,8
138,25,20,20,2
139,23,24,31,6
140,26,13,0,3
141,15,24,18,0
142,1,12,2,12
143,23,20,28,0
144,22,15,19,27
145,0,24,3,31
146,31,14,14,18
147,16,29,3,22
148,28,13,9,3
149,26,14,1,30
150,30,12,13,24
151,27,16,26,3
152,0,7,16,6
153,23,8,5,4
154,12,12,11,21
155,2,16,28,10
156,3,9,22,19
157,7,17,24,18
