1
Grid:
32,32
................................
................................
................................
................................
................................
................................
................................
................................
................................
................................
................................
................................
................................
................................
................................
................................
................................
................................
................................
................................
................................
................................
................................
................................
................................
................................
................................
................................
................................
................................
................................
................................
Agents:
86
0,18,26,8,1
1,16,1,23,16
2,14,8,17,29
3,24,3,6,0
4,19,12,2,14
5,18,13,26,25
6,16,21,18,2
7,22,16,6,5
8,10,0,23,18
9,7,25,2,23
10,1,13,5,11
11,30,7,4,2
12,17,1,22,28
13,25,8,20,13
14,12,2,18,19
15,18,15,0,2
16,5,29,26,11
17,22,28,30,27
18,2,17,16,12
19,23,14,15,1
20,20,2,11,21
21,31,23,23,6
22,27,17,1,25
23,2,27,20,7
24,11,29,5,9
25,22,17,16,18
26,15,9,27,5
27,14,5,28,17
28,27,8,25,13
29,15,13,20,9
30,15,16,28,7
31,26,3,22,0
32,8,19,25,12
33,30,25,30,14
34,14,24,3,16
35,9,25,7,11
36,5,31,19,18
37,13,6,27,25
38,12,0,7,8
39,30,30,20,28
40,29,15,8,2
41,12,1,21,13
42,0,27,27,30
43,14,16,22,17
44,0,25,19,25
45,1,9,16,25
46,31,4,25,17
47,11,15,2,11
48,29,23,9,2
49,9,15,29,18
50,28,18,14,5
51,14,29,15,16
52,7,21,8,21
53,4,14,6,29
54,24,21,15,19
55,27,15,1,22
56,15,17,4,13
57,18,7,7,10
58,3,25,4,22
59,3,12,16,20
60,5,14,8,26
61,24,20,16,4
62,22,0,29,9
63,25,0,27,15
64,20,29,28,10
65,9,21,7,2
66,23,15,4,27
67,2,11,23,13
68,0,15,2,17
69,25,10,0,10
70,23,31,26,17
71,23,11,10,30
72,30,18,15,4
73,26,14,12,0
74,17,3,29,28
75,11,4,28,24
76,20,28,1,17
77,10,13,18,28
78,25,25,29,17
79,6,6,26,6
80,28,3,1,11
81,26,27,11,18
82,12,6,14,4
83,24,31,14,17
84,15,6,5,29
85,6,20,23,29
