3
Grid:
32,32
................................
................................
................................
................................
................................
................................
................................
................................
................................
................................
................................
................................
................................
................................
................................
................................
................................
................................
................................
................................
................................
................................
................................
................................
................................
................................
................................
................................
................................
................................
................................
................................
Agents:
34
0,27,31,22,17
1,22,13,23,28
2,3,5,26,30
3,11,21,9,26
4,7,14,11,19
5,27,16,1,9
6,31,14,1,15
7,14,31,12,6
8,29,2,31,0
9,9,26,12,18
10,23,0,1,23
11,13,30,24,3
12,31,17,16,25
13,14,19,28,14
14,30,11,3,8
15,4,17,28,5
16,31,6,20,15
17,26,8,15,11
18,27,6,11,2
19,4,18,22,2
20,5,22,19,8
21,31,29,22,5
22,1,4,2,1
23,7,12,25,22
24,30,17,1,1
25,13,13,7,15
26,21,3,9,9
27,8,27,9,17
28,18,23,30,11
29,14,17,18,26
30,22,23,30,27
31,23,27,16,24
32,10,10,8,18
33,16,25,3,11
