2
Grid:
32,32
................................
................................
................................
................................
................................
................................
................................
................................
................................
................................
................................
................................
................................
................................
................................
................................
................................
................................
................................
................................
................................
................................
................................
................................
................................
................................
................................
................................
................................
................................
................................
................................
Agents:
124
0,1,10,6,16
1,3,12,17,15
2,21,0,28,15
3,30,24,3,18
4,28,3,8,4
5,26,10,15,11
6,5,4,29,26
7,23,15,31,22
8,25,30,20,25
9,17,26,0,25
10,6,6,15,5
11,22,11,27,11
12,28,12,0,16
13,2,1,2,20
14,16,10,12,15
15,9,14,31,5
16,1,4,24,23
17,12,13,23,6
18,4,14,12,26
19,6,7,11,30
20,24,17,28,4
21,7,5,12,1
22,30,28,3,19
23,2,28,9,7
24,29,23,20,20
25,24,21,11,9
26,25,18,12,18
27,19,27,31,21
28,20,23,21,17
29,15,8,17,0
30,29,28,1,26
31,7,17,26,10
32,25,11,22,10
33,8,1,9,26
34,23,9,19,31
35,11,11,1,30
36,24,10,5,8
37,1,21,17,24
38,31,16,1,12
39,13,0,10,12
40,10,6,27,27
41,3,24,5,25
42,17,20,14,6
43,21,15,19,24
44,17,17,8,24
45,25,12,25,4
46,30,29,15,22
47,9,27,22,6
48,9,21,19,1
49,12,18,15,21
50,19,0,8,31
51,4,19,27,15
52,12,12,10,20
53,29,14,17,1
54,16,30,18,6
55,27,3,14,19
56,10,15,2,30
57,30,23,26,0
58,25,15,25,9
59,0,5,4,19
60,22,24,17,30
61,15,6,13,21
62,15,30,1,23
63,13,26,9,15
64,0,6,6,29
65,12,10,2,6
66,4,26,27,4
67,12,9,23,2
68,1,16,15,3
69,12,4,1,20
70,23,6,28,28
71,30,18,15,9
72,21,22,4,30
73,2,15,11,28
74,31,18,5,17
75,2,26,30,8
76,21,6,21,5
77,28,26,0,13
78,16,29,16,11
79,4,13,6,27
80,31,2,9,18
81,14,10,30,20
82,18,17,27,26
83,30,15,29,25
84,2,21,28,29
85,21,8,7,21
86,2,27,12,24
87,14,16,28,10
88,26,29,5,15
89,16,25,28,6
90,27,29,3,28
91,27,13,21,8
92,4,18,23,7
93,20,29,24,30
94,24,3,18,21
95,12,30,4,11
96,5,20,5,21
97,23,20,7,26
98,0,3,14,16
99,23,18,22,30
100,13,10,30,9
101,29,25,27,17
102,23,26,25,26
103,24,11,22,16
104,0,19,21,18
105,17,1,0,4
106,7,0,3,6
107,6,0,18,23
108,28,1,20,14
109,17,16,13,9
110,28,17,10,23
111,22,25,27,8
112,24,5,10,25
113,28,13,30,1
114,2,9,11,17
115,16,17,20,9
116,26,26,20,4
117,17,4,15,13
118,22,1,2,4
119,12,3,25,7
120,12,23,14,13
121,14,0,8,5
122,6,22,14,7
123,1,28,17,25
