4
Grid:
32,32
................................
................................
................................
................................
................................
................................
................................
................................
................................
................................
................................
................................
................................
................................
................................
................................
................................
................................
................................
................................
................................
................................
................................
................................
................................
................................
................................
................................
................................
................................
................................
................................
Agents:
42
0,2,0,28,12
1,2,3,31,5
2,7,18,19,0
3,18,19,6,22
4,3,16,19,6
5,9,17,5,4
6,15,9,0,27
7,25,10,27,31
8,22,11,2,11
9,4,12,2,9
10,27,20,4,10
11,1,12,0,6
12,12,11,28,14
13,14,30,0,10
14,24,16,15,5
15,9,5,13,16
16,5,10,5,8
17,24,12,8,26
18,27,2,7,14
19,23,27,14,24
20,10,19,30,28
21,20,30,16,11
22,26,7,25,31
23,25,23,26,25
24,13,25,22,19
25,3,9,20,0
26,31,26,30,26
27,21,14,15,8
28,31,22,4,21
29,23,28,19,4
30,3,20,23,28
31,26,18,18,13
32,7,4,6,4
33,11,5,26,5
34,17,13,18,4
35,15,20,26,30
36,19,9,30,1
37,2,7,14,31
38,31,2,4,5
39,17,4,10,10
40,17,23,24,6
41,16,31,12,3
