2
Grid:
32,32
................................
................................
................................
................................
................................
................................
................................
................................
................................
................................
................................
................................
................................
................................
................................
................................
................................
................................
................................
................................
................................
................................
................................
................................
................................
................................
................................
................................
................................
................................
................................
................................
Agents:
156
0,20,18,1,1
1,20,14,4,0
2,18,15,19,8
3,15,19,10,19
4,19,9,13,19
5,19,5,15,20
6,29,10,21,7
7,6,15,11,7
8,6,7,24,9
9,17,16,27,16
10,17,10,27,27
11,31,9,11,21
12,5,7,21,25
13,26,31,23,12
14,26,17,18,29
15,24,15,29,29
16,16,21,9,26
17,22,9,29,26
18,17,21,12,13
19,8,16,7,9
20,22,31,0,6
21,16,23,1,8
22,25,12,7,6
23,26,0,5,17
24,27,2,21,20
25,3,7,28,3
26,28,15,11,12
27,2,10,2,19
28,19,11,13,8
29,9,11,18,12
30,20,16,27,31
31,24,1,16,29
32,16,3,28,12
33,20,7,3,15
34,20,29,31,4
35,30,16,4,27
36,31,1,12,21
37,26,18,20,11
38,26,7,15,15
39,15,24,12,9
40,13,26,6,10
41,3,24,21,23
42,14,17,22,22
43,19,1,14,6
44,22,5,13,30
45,12,28,6,28
46,27,6,19,22
47,6,14,16,3
48,7,21,21,16
49,24,18,29,14
50,12,30,3,25
51,3,18,29,9
52,7,26,30,22
53,21,15,18,25
54,16,11,24,23
55,27,17,7,1
56,30,26,28,30
57,12,0,5,7
58,19,31,18,20
59,16,19,2,8
60,19,8,18,14
61,7,24,18,17
62,4,2,3,8
63,5,19,9,29
64,11,11,23,19
65,31,26,23,13
66,13,4,7,13
67,21,27,20,24
68,9,24,31,6
69,11,3,31,7
70,27,10,11,23
71,10,26,13,7
72,30,1,30,21
73,25,5,22,30
74,26,8,20,18
75,5,4,25,4
76,30,4,30,19
77,22,10,1,4
78,14,4,14,29
79,21,1,3,26
80,4,4,28,9
81,12,1,26,12
82,17,4,16,8
83,12,7,3,0
84,11,24,21,14
85,21,23,23,31
86,7,15,0,1
87,14,10,6,23
88,3,3,18,22
89,26,5,24,1
90,20,27,26,6
91,27,9,29,13
92,3,10,16,22
93,31,22,29,25
94,30,9,17,19
95,8,26,2,9
96,20,17,18,2
97,26,2,6,12
98,18,14,26,4
99,29,14,17,21
100,24,26,22,4
101,28,4,12,6
102,0,17,7,26
103,7,30,9,20
104,19,20,9,2
105,12,22,7,12
106,8,3,21,2
107,25,0,8,9
108,10,16,12,28
109,30,5,14,20
110,1,9,6,6
111,15,8,0,18
112,11,13,11,26
113,5,6,20,2
114,29,12,4,4
115,17,19,10,13
116,14,9,25,9
117,3,17,30,17
118,2,1,20,21
119,28,17,9,28
120,24,25,26,3
121,23,1,31,13
122,30,2,11,18
123,27,22,14,8
124,2,23,28,8
125,2,31,6,3
126,15,6,29,7
127,25,28,12,8
128,18,5,26,20
129,18,1,13,24
130,12,3,15,27
131,26,14,12,17
132,18,20,19,26
133,8,15,9,31
134,23,30,31,27
135,16,17,3,11
136,22,3,17,14
137,12,29,8,2
138,13,14,14,18
139,23,23,19,9
140,6,12,0,30
141,14,3,12,10
142,14,29,13,10
143,26,21,5,27
144,24,21,10,26
145,30,18,8,12
146,21,22,16,2
147,5,16,13,0
148,16,7,14,14
149,14,18,15,13
150,31,4,19,1
151,15,1,22,17
152,15,12,25,5
153,26,27,0,3
154,14,26,2,13
155,27,0,13,11
