0
Grid:
32,32
................................
................................
................................
................................
................................
................................
................................
................................
................................
................................
................................
................................
................................
................................
................................
................................
................................
................................
................................
................................
................................
................................
................................
................................
................................
................................
................................
................................
................................
................................
................................
................................
Agents:
24
0,13,27,16,23
1,3,31,8,6
2,26,15,31,23
3,5,8,18,3
4,29,16,6,5
5,18,0,1,26
6,13,24,10,6
7,17,17,30,15
8,8,11,14,3
9,22,11,20,6
10,7,21,0,19
11,20,2,0,11
12,27,2,10,21
13,15,12,7,16
14,7,4,22,10
15,27,3,8,24
16,17,26,31,6
17,10,14,26,30
18,2,18,24,0
19,5,15,2,3
20,29,5,26,8
21,6,21,10,22
22,19,15,14,12
23,11,12,26,14
