3
Grid:
32,32
................................
................................
................................
................................
................................
................................
................................
................................
................................
................................
................................
................................
................................
................................
................................
................................
................................
................................
................................
................................
................................
................................
................................
................................
................................
................................
................................
................................
................................
................................
................................
................................
Agents:
22
0,0,22,5,6
1,19,4,2,30
2,13,11,8,2
3,25,24,5,10
4,19,2,2,0
5,6,30,0,6
6,19,16,0,13
7,16,11,7,10
8,1,17,8,28
9,24,13,6,7
10,26,9,31,6
11,17,12,6,26
12,3,30,17,11
13,23,15,31,23
14,20,28,19,15
15,10,0,14,22
16,16,12,13,6
17,24,6,11,25
18,4,26,22,14
19,22,18,22,17
20,28,15,6,11
21,27,6,23,2
