3
Grid:
32,32
................................
................................
................................
................................
................................
................................
................................
................................
................................
................................
................................
................................
................................
................................
................................
................................
................................
................................
................................
................................
................................
................................
................................
................................
................................
................................
................................
................................
................................
................................
................................
................................
Agents:
90
0,26,20,0,1
1,17,20,30,12
2,14,28,6,6
3,10,19,18,16
4,30,13,17,10
5,17,1,17,17
6,26,12,29,28
7,26,26,16,13
8,3,11,26,20
9,8,13,28,12
10,14,7,14,22
11,4,29,14,20
12,12,9,23,28
13,23,7,24,20
14,5,29,8,29
15,27,0,16,30
16,29,7,17,23
17,6,4,17,6
18,21,27,9,17
19,18,31,10,27
20,4,18,4,9
21,1,6,1,14
22,12,19,27,20
23,8,1,10,14
24,6,18,30,17
25,7,9,23,3
26,17,21,15,27
27,9,19,17,4
28,15,20,9,16
29,8,5,24,27
30,5,3,25,14
31,13,0,12,5
32,18,16,1,7
33,3,18,8,4
34,5,22,28,27
35,4,8,0,5
36,25,8,7,28
37,8,28,19,11
38,17,24,21,21
39,0,21,3,22
40,1,18,9,6
41,21,17,11,16
42,14,8,29,18
43,30,18,0,16
44,21,0,31,19
45,18,12,31,18
46,25,1,0,28
47,4,0,5,4
48,20,27,15,15
49,16,22,25,18
50,27,15,4,12
51,13,31,26,0
52,16,8,27,14
53,12,13,27,10
54,14,18,2,22
55,3,15,16,11
56,4,15,22,26
57,1,27,29,4
58,10,1,17,28
59,2,27,27,28
60,20,19,6,26
61,1,3,31,0
62,21,12,6,4
63,15,7,7,6
64,23,4,16,16
65,9,22,26,7
66,8,10,24,21
67,26,17,17,25
68,4,22,0,18
69,0,5,20,25
70,27,16,13,2
71,4,3,28,6
72,29,3,31,28
73,8,9,8,9
74,31,8,19,0
75,22,18,28,26
76,25,20,22,15
77,1,7,24,1
78,14,9,16,21
79,9,3,5,19
80,25,5,0,23
81,21,9,8,11
82,6,26,12,3
83,21,16,19,15
84,22,20,10,13
85,0,28,27,26
86,0,3,10,8
87,14,30,11,6
88,6,17,7,16
89,4,6,10,3
