1
Grid:
32,32
................................
................................
................................
................................
................................
................................
................................
................................
................................
................................
................................
................................
................................
................................
................................
................................
................................
................................
................................
................................
................................
................................
................................
................................
................................
................................
................................
................................
................................
................................
................................
................................
Agents:
172
0,5,2,2,10
1,4,24,30,7
2,24,27,27,22
3,13,30,5,7
4,6,13,0,12
5,7,20,22,22
6,3,10,29,2
7,3,25,10,0
8,31,21,0,13
9,10,19,6,15
10,6,25,10,28
11,7,3,31,16
12,18,4,19,19
13,16,17,14,14
14,29,18,19,13
15,8,26,25,1
16,22,31,25,29
17,13,26,31,28
18,14,19,17,24
19,26,4,21,29
20,28,17,10,8
21,16,7,3,28
22,1,24,25,28
23,4,29,24,12
24,29,17,19,0
25,15,25,18,14
26,25,11,9,17
27,26,1,16,28
28,5,20,14,17
29,11,27,26,9
30,0,20,1,9
31,4,12,1,23
32,21,14,9,28
33,19,4,11,17
34,11,5,11,5
35,7,22,0,24
36,25,2,19,21
37,28,21,23,12
38,18,10,3,21
39,3,24,6,21
40,13,0,31,19
41,20,23,27,19
42,28,10,20,0
43,20,26,17,10
44,8,31,27,31
45,3,8,18,4
46,12,4,28,27
47,18,18,3,23
48,5,0,17,27
49,18,24,10,22
50,10,24,24,9
51,0,22,8,28
52,15,4,14,22
53,14,26,8,6
54,16,19,21,31
55,14,31,4,9
56,31,13,27,25
57,0,15,30,16
58,18,8,11,31
59,31,30,10,25
60,17,13,9,6
61,14,25,20,27
62,30,20,20,30
63,9,14,12,30
64,24,16,15,24
65,18,13,21,21
66,14,28,25,7
67,13,19,31,17
68,5,5,28,21
69,27,31,2,6
70,29,25,30,2
71,9,21,23,18
72,17,3,12,12
73,3,2,9,20
74,0,29,9,24
75,0,19,22,1
76,6,29,8,23
77,10,6,24,21
78,23,26,6,18
79,2,0,29,29
80,0,0,11,6
81,0,13,6,27
82,10,12,22,28
83,12,31,12,7
84,0,24,10,30
85,12,10,22,25
86,11,21,1,4
87,15,21,8,4
88,12,27,18,7
89,21,16,20,5
90,9,30,11,21
91,4,30,10,10
92,23,8,27,9
93,24,20,15,27
94,16,1,5,15
95,18,14,24,23
96,25,17,5,6
97,29,28,22,15
98,14,17,1,11
99,20,12,28,30
100,16,10,6,6
101,20,22,15,15
102,14,15,25,27
103,4,11,27,3
104,30,11,28,14
105,26,2,31,20
106,1,26,19,24
107,8,7,16,18
108,29,27,20,25
109,5,10,6,1
110,8,6,4,4
111,22,24,19,6
112,1,17,2,2
113,18,19,22,31
114,9,10,13,21
115,23,10,31,7
116,27,27,7,27
117,22,15,5,9
118,16,13,8,26
119,21,4,8,29
120,6,15,24,7
121,12,5,25,20
122,20,7,20,15
123,5,31,23,25
124,14,21,12,0
125,5,9,7,3
126,13,7,23,15
127,24,12,4,8
128,10,13,25,31
129,25,7,2,14
130,25,22,26,13
131,2,25,15,4
132,28,12,23,26
133,17,27,6,20
134,4,16,4,14
135,4,25,5,21
136,24,24,17,2
137,29,10,27,7
138,13,9,24,19
139,27,2,21,12
140,5,17,8,17
141,14,14,21,23
142,22,4,5,16
143,10,30,8,25
144,21,23,6,22
145,27,19,1,28
146,22,9,2,0
147,26,30,23,5
148,16,4,26,29
149,14,0,14,6
150,1,14,10,4
151,16,15,12,5
152,25,15,8,2
153,26,0,16,14
154,20,11,25,15
155,30,2,2,11
156,12,29,12,15
157,22,5,16,10
158,3,1,7,14
159,28,23,4,27
160,18,21,30,8
161,20,4,12,19
162,15,29,23,1
163,17,0,8,12
164,12,25,11,29
165,31,22,5,23
166,2,20,11,11
167,5,6,25,21
168,28,27,4,22
169,30,29,8,31
170,8,19,22,29
171,4,26,18,12
