3
Grid:
32,32
................................
................................
................................
................................
................................
................................
................................
................................
................................
................................
................................
................................
................................
................................
................................
................................
................................
................................
................................
................................
................................
................................
................................
................................
................................
................................
................................
................................
................................
................................
................................
................................
Agents:
108
0,16,25,19,8
1,20,22,23,6
2,7,7,4,13
3,26,9,17,15
4,24,3,26,14
5,15,27,9,25
6,30,27,11,13
7,8,17,26,12
8,17,13,6,20
9,16,11,25,3
10,8,30,7,22
11,19,17,30,8
12,21,24,10,3
13,10,12,3,6
14,12,14,21,16
15,29,3,7,7
16,3,1,7,15
17,22,3,5,11
18,26,13,16,21
19,17,26,18,11
20,24,14,21,13
21,23,8,0,23
22,7,22,4,21
23,4,5,16,11
24,12,24,24,2
25,24,17,16,27
26,5,2,17,10
27,1,15,12,16
28,29,14,20,9
29,29,9,5,16
30,5,11,27,3
31,24,28,4,6
32,6,4,12,14
33,18,2,30,20
34,25,14,26,29
35,5,5,20,23
36,26,12,13,30
37,16,19,9,21
38,17,2,26,24
39,10,24,10,21
40,23,10,24,26
41,9,5,11,29
42,29,7,23,11
43,10,11,19,31
44,16,2,6,23
45,29,15,27,13
46,8,12,1,26
47,15,10,6,30
48,18,21,11,1
49,2,31,12,23
50,19,9,0,13
51,30,10,26,7
52,11,31,30,17
53,8,20,24,22
54,31,9,19,20
55,29,26,12,12
56,31,13,28,7
57,19,13,3,30
58,19,30,21,1
59,7,30,14,5
60,26,7,14,16
61,18,23,6,21
62,16,22,3,23
63,28,13,12,28
64,29,5,3,18
65,1,28,2,22
66,0,10,9,1
67,5,13,27,22
68,12,30,6,4
69,26,30,1,19
70,31,21,31,1
71,12,6,10,11
72,5,3,21,4
73,16,27,26,4
74,24,1,29,30
75,22,19,31,30
76,13,4,30,26
77,5,12,18,8
78,23,7,24,15
79,25,20,21,6
80,3,27,29,9
81,23,25,28,23
82,8,0,4,2
83,26,20,13,14
84,8,6,8,9
85,1,21,24,17
86,4,9,23,15
87,31,4,0,21
88,26,11,2,28
89,17,12,24,21
90,6,1,27,1
91,20,27,2,7
92,14,14,16,10
93,15,28,9,13
94,5,24,18,24
95,22,4,19,18
96,26,3,3,2
97,30,18,15,2
98,30,4,30,13
99,9,28,17,30
100,18,18,11,15
101,31,1,25,11
102,14,3,9,6
103,4,1,17,25
104,17,11,18,14
105,21,13,0,31
106,14,1,7,19
107,6,27,30,16
