4
Grid:
32,32
................................
................................
................................
................................
................................
................................
................................
................................
................................
................................
................................
................................
................................
................................
................................
................................
................................
................................
................................
................................
................................
................................
................................
................................
................................
................................
................................
................................
................................
................................
................................
................................
Agents:
124
0,9,15,13,28
1,27,26,25,17
2,9,22,15,30
3,22,31,4,10
4,26,16,6,5
5,18,5,20,29
6,24,30,8,14
7,29,18,5,2
8,9,12,26,17
9,29,2,9,24
10,4,4,17,29
11,18,30,6,1
12,17,7,21,3
13,31,19,3,13
14,11,26,8,21
15,1,0,29,8
16,22,11,20,26
17,0,21,7,2
18,4,25,3,9
19,23,20,14,24
20,31,9,23,14
21,13,31,0,29
22,4,19,7,8
23,13,10,19,30
24,25,30,25,8
25,22,6,8,4
26,8,18,0,6
27,23,5,12,11
28,29,28,11,17
29,8,1,6,26
30,22,2,5,20
31,19,0,29,16
32,14,18,20,20
33,14,13,8,0
34,30,7,0,28
35,13,15,18,8
36,20,8,28,4
37,2,27,26,12
38,23,18,5,16
39,25,29,5,31
40,26,21,25,23
41,26,13,14,15
42,3,27,23,7
43,23,3,12,15
44,19,27,23,28
45,24,7,9,30
46,16,22,21,19
47,30,29,2,4
48,21,12,28,21
49,16,18,18,10
50,5,0,1,23
51,12,17,26,25
52,16,7,29,12
53,17,31,31,22
54,15,28,3,3
55,14,10,19,2
56,2,11,11,6
57,6,1,26,14
58,7,6,24,28
59,29,19,6,10
60,26,10,11,19
61,25,2,16,22
62,15,6,6,13
63,10,5,7,28
64,6,10,19,8
65,2,7,29,30
66,24,26,19,31
67,9,9,19,18
68,28,28,10,28
69,9,24,8,28
70,20,23,18,29
71,13,13,17,18
72,4,5,27,4
73,21,14,9,0
74,23,26,17,2
75,6,9,2,14
76,2,10,13,1
77,8,19,2,1
78,21,9,15,19
79,22,3,5,26
80,7,27,5,9
81,18,12,31,26
82,9,0,31,7
83,10,2,31,24
84,22,1,5,24
85,20,1,4,25
86,1,25,12,29
87,16,23,13,4
88,27,6,16,10
89,16,30,15,18
90,19,31,8,12
91,7,17,21,26
92,20,21,11,5
93,1,10,1,27
94,5,9,7,13
95,18,2,13,22
96,4,22,10,29
97,5,14,16,7
98,17,20,11,15
99,3,5,9,20
100,21,0,0,18
101,9,14,24,11
102,5,7,26,10
103,11,20,20,22
104,24,24,24,31
105,23,23,17,27
106,12,21,7,17
107,31,12,30,18
108,0,10,11,25
109,27,23,2,16
110,7,11,15,27
111,9,25,2,30
112,17,12,14,11
113,20,27,4,8
114,26,14,24,26
115,10,6,2,17
116,8,5,27,17
117,15,27,13,31
118,16,2,5,15
119,1,4,25,28
120,9,11,23,8
121,31,13,10,23
122,1,27,8,24
123,4,10,17,15
