1
Grid:
32,32
................................
................................
................................
................................
................................
................................
................................
................................
................................
................................
................................
................................
................................
................................
................................
................................
................................
................................
................................
................................
................................
................................
................................
................................
................................
................................
................................
................................
................................
................................
................................
................................
Agents:
60
0,2,10,3,3
1,21,24,23,11
2,24,20,28,4
3,25,3,28,14
4,16,10,15,22
5,16,2,10,4
6,29,2,17,12
7,21,23,11,26
8,26,3,7,28
9,15,24,16,20
10,23,28,25,27
11,1,22,26,27
12,22,2,25,17
13,28,26,10,23
14,7,16,22,19
15,25,18,21,4
16,13,31,3,27
17,24,16,11,27
18,11,31,13,18
19,13,20,10,15
20,29,28,26,30
21,29,15,29,0
22,16,3,2,13
23,19,15,21,19
24,4,7,3,23
25,31,0,21,3
26,20,5,25,14
27,9,31,9,27
28,1,21,23,6
29,23,30,5,13
30,27,0,11,28
31,17,29,29,31
32,21,30,2,30
33,9,4,29,6
34,12,26,10,25
35,22,27,31,27
36,26,26,23,13
37,31,17,8,1
38,5,19,13,14
39,18,25,10,19
40,7,23,27,0
41,11,17,29,11
42,18,12,7,4
43,11,18,31,9
44,6,11,14,27
45,29,23,19,28
46,28,30,5,14
47,0,29,18,16
48,29,19,24,9
49,14,18,4,4
50,25,14,1,9
51,3,9,11,21
52,17,4,3,12
53,6,25,25,16
54,6,23,26,21
55,25,13,23,8
56,3,30,23,2
57,23,3,6,16
58,20,31,8,4
59,10,8,14,16
