3
Grid:
32,32
................................
................................
................................
................................
................................
................................
................................
................................
................................
................................
................................
................................
................................
................................
................................
................................
................................
................................
................................
................................
................................
................................
................................
................................
................................
................................
................................
................................
................................
................................
................................
................................
Agents:
136
0,3,2,1,23
1,21,7,7,18
2,22,16,27,8
3,10,9,7,9
4,28,22,14,24
5,16,20,5,30
6,30,8,4,26
7,27,9,29,25
8,25,24,3,4
9,9,26,15,14
10,7,7,6,17
11,5,16,8,7
12,10,10,0,30
13,8,4,23,16
14,23,25,1,6
15,14,20,16,28
16,21,27,10,15
17,27,3,9,28
18,26,15,27,9
19,21,20,15,9
20,10,30,28,17
21,28,8,28,1
22,4,1,0,13
23,18,12,30,30
24,6,9,14,6
25,13,21,17,10
26,15,8,9,20
27,26,14,16,26
28,1,5,3,17
29,6,0,27,1
30,1,24,25,30
31,30,22,22,11
32,5,10,18,14
33,18,31,11,9
34,30,19,13,2
35,16,9,13,25
36,11,28,3,16
37,12,8,29,31
38,23,27,29,12
39,29,14,22,7
40,11,25,6,23
41,5,13,22,31
42,0,13,6,0
43,1,20,24,1
44,8,20,9,5
45,18,18,7,6
46,31,5,20,11
47,3,26,2,5
48,14,19,28,21
49,30,17,16,19
50,10,25,9,29
51,8,25,4,20
52,24,17,29,2
53,3,5,21,22
54,25,29,18,7
55,9,6,26,0
56,26,16,26,16
57,10,12,19,25
58,4,5,23,20
59,30,0,17,22
60,19,9,2,8
61,3,29,3,26
62,9,5,19,15
63,25,17,12,2
64,26,4,17,30
65,29,12,9,2
66,3,18,26,25
67,17,12,26,1
68,20,15,0,3
69,10,28,30,13
70,27,11,28,7
71,23,15,26,26
72,26,22,9,15
73,21,8,9,23
74,20,29,24,15
75,14,14,23,22
76,21,26,21,26
77,7,29,10,20
78,11,7,1,29
79,8,14,0,7
80,12,24,2,19
81,26,24,3,15
82,16,15,14,20
83,22,22,21,28
84,14,31,13,15
85,14,23,11,30
86,6,25,30,25
87,11,2,27,7
88,28,17,2,3
89,16,31,3,28
90,14,3,11,5
91,22,26,20,7
92,8,12,0,10
93,17,20,8,19
94,7,5,26,31
95,3,8,13,7
96,3,1,14,12
97,27,28,22,25
98,24,4,27,19
99,18,15,26,4
100,0,30,24,4
101,19,13,10,1
102,17,9,19,9
103,11,18,2,20
104,21,9,13,11
105,0,8,14,21
106,20,24,17,16
107,2,22,19,29
108,7,9,2,6
109,5,25,4,19
110,24,9,20,26
111,19,29,6,18
112,22,9,19,18
113,6,31,5,23
114,25,11,18,0
115,24,6,16,17
116,1,23,16,21
117,6,26,7,8
118,27,8,26,7
119,8,21,11,19
120,16,26,17,27
121,8,26,28,31
122,12,3,22,8
123,26,2,10,11
124,29,29,8,4
125,22,23,17,3
126,11,22,12,22
127,23,7,30,15
128,2,11,3,23
129,24,10,22,29
130,16,25,1,9
131,24,0,1,11
132,22,11,0,27
133,15,12,25,3
134,14,29,24,18
135,17,2,23,30
