4
Grid:
32,32
................................
................................
................................
................................
................................
................................
................................
................................
................................
................................
................................
................................
................................
................................
................................
................................
................................
................................
................................
................................
................................
................................
................................
................................
................................
................................
................................
................................
................................
................................
................................
................................
Agents:
90
0,13,11,23,2
1,21,2,30,16
2,28,16,30,29
3,28,0,0,15
4,17,11,30,21
5,0,28,17,6
6,3,28,14,7
7,17,5,15,7
8,0,10,27,4
9,11,7,9,2
10,4,10,4,12
11,12,20,27,25
12,21,21,22,20
13,30,10,17,11
14,30,26,24,0
15,4,17,11,12
16,0,4,6,21
17,18,27,5,4
18,28,29,29,10
19,31,10,11,31
20,20,23,31,17
21,20,5,2,31
22,8,28,10,5
23,14,27,9,10
24,0,7,7,18
25,17,4,3,23
26,14,13,3,26
27,4,2,15,16
28,31,1,10,11
29,13,6,5,27
30,17,18,21,8
31,1,22,14,10
32,6,15,12,6
33,27,30,1,28
34,9,21,28,13
35,9,3,31,20
36,10,0,28,19
37,18,13,9,30
38,21,6,5,6
39,11,24,27,20
40,6,2,18,19
41,10,23,16,25
42,9,31,4,4
43,3,19,12,1
44,31,16,29,23
45,28,26,6,13
46,16,25,8,1
47,24,2,8,30
48,22,30,14,31
49,30,25,23,5
50,1,16,1,6
51,17,10,17,8
52,29,14,10,18
53,25,13,4,3
54,26,23,4,13
55,12,24,3,15
56,21,20,27,12
57,31,15,3,8
58,8,9,24,18
59,12,8,4,9
60,24,14,8,14
61,18,17,6,28
62,7,16,10,7
63,23,23,7,14
64,7,18,29,1
65,23,22,19,18
66,16,31,20,27
67,25,27,5,17
68,6,21,11,5
69,24,8,21,18
70,3,3,27,17
71,4,27,22,15
72,25,9,12,16
73,26,12,4,28
74,17,23,21,1
75,18,14,25,29
76,27,7,9,5
77,5,10,28,12
78,0,21,3,21
79,17,3,6,18
80,29,8,1,29
81,30,8,19,24
82,15,17,5,12
83,0,23,4,2
84,16,22,3,14
85,22,21,23,10
86,23,29,21,26
87,22,10,10,23
88,5,30,3,13
89,5,24,30,1
