2
Grid:
32,32
................................
................................
................................
................................
................................
................................
................................
................................
................................
................................
................................
................................
................................
................................
................................
................................
................................
................................
................................
................................
................................
................................
................................
................................
................................
................................
................................
................................
................................
................................
................................
................................
Agents:
120
0,17,18,10,31
1,10,18,10,29
2,26,26,30,25
3,1,23,0,10
4,29,4,30,19
5,1,24,25,12
6,24,1,0,22
7,27,3,27,26
8,1,25,1,29
9,12,18,1,1
10,24,30,19,22
11,20,29,16,16
12,20,26,20,13
13,22,13,6,9
14,26,24,10,13
15,21,11,9,27
16,22,28,5,14
17,21,4,27,29
18,18,20,20,0
19,2,21,12,23
20,16,27,10,3
21,14,20,20,11
22,6,24,13,10
23,24,27,0,12
24,25,17,6,18
25,22,0,22,1
26,20,7,4,30
27,29,19,14,15
28,30,12,15,22
29,29,0,17,24
30,4,20,7,7
31,28,5,17,18
32,15,21,27,6
33,2,28,0,31
34,12,23,30,27
35,16,12,23,18
36,23,22,29,6
37,2,29,14,19
38,16,31,3,3
39,23,27,17,29
40,2,26,24,8
41,20,9,12,25
42,1,20,6,12
43,23,15,22,23
44,30,2,2,1
45,6,6,20,3
46,22,2,3,4
47,17,28,15,2
48,31,8,4,20
49,5,16,2,16
50,15,1,26,10
51,1,10,31,21
52,9,30,20,26
53,4,0,31,6
54,2,31,8,30
55,20,2,4,26
56,29,10,28,24
57,0,19,15,3
58,4,27,29,22
59,30,19,17,4
60,17,9,12,5
61,22,21,22,16
62,5,6,26,16
63,29,7,13,6
64,25,7,16,9
65,5,5,12,21
66,8,22,11,15
67,11,25,4,11
68,10,30,22,20
69,31,7,8,17
70,17,19,18,9
71,4,6,2,26
72,27,11,31,27
73,4,10,16,12
74,18,2,31,30
75,30,4,19,20
76,16,23,16,19
77,20,20,30,18
78,5,13,27,30
79,29,24,12,29
80,31,13,20,1
81,11,13,5,8
82,16,4,3,31
83,8,30,18,16
84,10,10,13,0
85,24,2,28,29
86,16,30,25,14
87,2,15,15,26
88,7,5,21,4
89,1,16,10,25
90,2,22,18,22
91,0,12,16,14
92,28,4,21,29
93,1,4,4,22
94,22,12,15,27
95,7,14,27,17
96,0,23,2,8
97,26,14,12,14
98,25,31,17,6
99,26,6,17,3
100,30,17,1,9
101,3,25,13,23
102,19,16,5,18
103,24,21,16,7
104,25,27,21,13
105,17,25,5,15
106,12,26,2,30
107,10,25,10,26
108,3,28,10,21
109,2,6,25,15
110,8,20,30,1
111,11,4,2,23
112,23,28,13,17
113,17,11,16,1
114,21,6,23,19
115,8,7,2,18
116,11,27,31,3
117,17,16,22,26
118,19,7,4,15
119,24,11,29,14
