4
Grid:
32,32
................................
................................
................................
................................
................................
................................
................................
................................
................................
................................
................................
................................
................................
................................
................................
................................
................................
................................
................................
................................
................................
................................
................................
................................
................................
................................
................................
................................
................................
................................
................................
................................
Agents:
84
0,0,23,7,1
1,23,8,8,25
2,2,19,26,11
3,5,12,6,29
4,21,18,24,30
5,22,17,20,24
6,16,28,7,16
7,25,0,19,0
8,11,24,12,28
9,2,26,24,26
10,29,5,12,22
11,0,13,16,26
12,10,3,2,13
13,15,5,0,5
14,9,22,4,21
15,23,20,12,31
16,23,2,29,7
17,24,12,3,1
18,16,10,8,18
19,0,20,29,25
20,28,30,0,27
21,1,1,30,23
22,13,27,0,30
23,22,8,15,22
24,17,31,16,11
25,31,14,16,27
26,0,5,12,18
27,7,26,14,21
28,23,9,3,14
29,29,31,19,15
30,3,0,20,28
31,3,31,17,19
32,26,2,29,3
33,26,13,4,26
34,3,13,26,8
35,15,0,27,13
36,24,13,13,0
37,29,30,1,7
38,4,31,4,0
39,13,7,17,24
40,19,9,5,19
41,19,18,17,11
42,27,30,17,4
43,20,7,25,31
44,12,1,16,29
45,17,27,3,22
46,27,2,13,9
47,6,11,17,3
48,1,8,13,3
49,4,4,9,2
50,16,30,2,20
51,22,19,4,27
52,7,8,7,5
53,22,24,8,1
54,9,15,7,2
55,12,25,10,6
56,8,16,0,6
57,15,8,8,12
58,18,5,28,15
59,25,8,6,8
60,20,22,29,6
61,3,1,18,7
62,24,20,6,13
63,13,4,14,6
64,3,15,15,27
65,25,24,20,25
66,19,0,26,5
67,10,18,6,28
68,7,28,19,7
69,29,29,2,5
70,15,22,8,17
71,14,2,21,15
72,25,21,22,23
73,27,25,28,29
74,22,31,13,5
75,11,8,25,3
76,10,31,14,3
77,23,4,20,10
78,5,20,3,2
79,31,21,31,15
80,1,12,6,30
81,24,29,23,10
82,31,16,26,10
83,29,15,22,16
