2
Grid:
32,32
................................
................................
................................
................................
................................
................................
................................
................................
................................
................................
................................
................................
................................
................................
................................
................................
................................
................................
................................
................................
................................
................................
................................
................................
................................
................................
................................
................................
................................
................................
................................
................................
Agents:
134
0,29,29,18,18
1,13,8,23,31
2,19,30,30,29
3,20,3,15,29
4,3,20,25,14
5,1,20,26,31
6,6,10,27,15
7,4,10,22,8
8,22,28,26,19
9,5,5,6,13
10,29,7,11,26
11,14,11,10,25
12,9,0,24,23
13,4,2,26,22
14,28,4,2,10
15,26,22,3,13
16,31,24,16,13
17,6,25,24,10
18,27,25,31,1
19,24,27,9,10
20,16,3,18,16
21,4,0,24,3
22,18,2,17,4
23,17,29,14,20
24,2,29,23,5
25,29,28,16,10
26,10,22,0,13
27,14,1,6,1
28,7,30,14,25
29,21,20,21,27
30,31,0,27,18
31,23,28,28,28
32,26,16,12,2
33,10,12,19,7
34,3,28,9,23
35,0,12,8,2
36,12,1,15,28
37,22,11,30,18
38,7,0,7,24
39,2,7,14,5
40,14,6,6,20
41,31,31,15,8
42,11,9,15,25
43,9,5,13,29
44,18,29,5,26
45,4,4,30,23
46,28,15,13,18
47,11,7,2,8
48,6,1,31,25
49,23,5,19,11
50,26,5,20,8
51,28,16,24,5
52,15,8,11,3
53,0,3,27,17
54,25,7,20,2
55,28,14,12,8
56,5,24,3,27
57,0,24,11,19
58,20,28,24,14
59,4,1,29,29
60,3,29,4,8
61,10,3,22,19
62,8,7,2,21
63,4,6,18,2
64,0,0,15,1
65,25,0,1,4
66,15,9,3,22
67,12,25,9,8
68,2,23,16,16
69,14,3,29,20
70,9,6,16,2
71,12,10,30,8
72,0,22,11,23
73,31,4,23,21
74,14,18,30,6
75,18,10,18,1
76,28,22,28,12
77,2,28,5,9
78,3,25,9,4
79,2,25,29,14
80,13,27,10,13
81,30,28,29,9
82,21,29,14,18
83,13,1,23,11
84,24,29,14,23
85,17,0,21,24
86,2,18,6,29
87,8,0,12,11
88,23,13,25,24
89,13,15,6,22
90,3,24,30,15
91,7,16,22,27
92,30,8,16,24
93,14,7,16,11
94,31,15,14,13
95,3,19,17,10
96,23,3,0,30
97,24,7,24,16
98,28,21,11,10
99,28,27,27,3
100,30,5,9,30
101,11,26,14,27
102,23,22,4,3
103,30,3,5,29
104,1,21,9,27
105,11,30,8,25
106,24,5,12,17
107,20,27,3,4
108,8,13,4,9
109,1,8,6,5
110,25,29,13,3
111,8,16,9,31
112,16,24,4,0
113,18,8,22,23
114,25,2,29,23
115,4,3,3,11
116,17,24,12,1
117,8,28,26,21
118,13,13,8,26
119,7,29,26,26
120,12,17,25,28
121,14,29,10,27
122,6,22,3,3
123,25,22,26,1
124,11,13,21,0
125,23,25,16,5
126,27,17,6,30
127,5,19,15,10
128,11,15,4,16
129,12,18,17,7
130,22,4,9,9
131,27,22,12,18
132,26,12,30,27
133,22,6,21,10
