3
Grid:
32,32
................................
................................
................................
................................
................................
................................
................................
................................
................................
................................
................................
................................
................................
................................
................................
................................
................................
................................
................................
................................
................................
................................
................................
................................
................................
................................
................................
................................
................................
................................
................................
................................
Agents:
112
0,26,10,19,13
1,13,12,3,14
2,12,6,26,0
3,1,17,24,31
4,26,8,1,20
5,25,16,27,13
6,2,12,29,18
7,26,27,5,18
8,2,18,22,26
9,30,2,16,15
10,25,4,15,1
11,0,31,6,6
12,25,25,29,21
13,2,24,5,13
14,19,26,3,2
15,23,12,4,31
16,25,21,3,18
17,17,5,11,10
18,9,14,2,24
19,28,25,10,13
20,20,1,25,25
21,22,6,19,26
22,18,5,17,26
23,12,10,25,13
24,27,20,12,3
25,16,27,24,9
26,25,10,6,15
27,9,22,7,19
28,18,18,25,24
29,3,8,30,14
30,29,0,30,10
31,17,13,8,0
32,27,21,23,23
33,18,20,28,5
34,21,4,26,4
35,14,23,19,18
36,13,26,7,31
37,13,19,23,6
38,13,24,12,30
39,28,31,27,24
40,9,27,10,29
41,18,15,8,10
42,12,26,29,25
43,28,27,15,28
44,27,10,8,11
45,21,11,21,13
46,3,22,18,22
47,20,5,3,28
48,14,31,11,23
49,14,6,21,28
50,2,28,17,7
51,6,21,9,17
52,28,17,15,20
53,1,31,0,22
54,5,11,3,30
55,12,30,11,28
56,22,22,8,23
57,0,0,11,17
58,25,23,0,3
59,24,11,25,1
60,14,2,19,22
61,20,22,21,17
62,5,7,23,29
63,5,14,22,17
64,28,13,27,25
65,20,29,7,16
66,16,13,8,5
67,25,28,7,13
68,4,10,17,19
69,31,4,21,25
70,31,29,29,14
71,10,5,29,31
72,31,14,3,20
73,13,10,14,20
74,3,26,31,23
75,6,25,24,2
76,29,18,10,3
77,8,25,26,26
78,1,22,20,31
79,1,9,4,1
80,1,28,8,13
81,21,5,8,20
82,15,12,28,3
83,29,28,31,1
84,6,4,25,8
85,3,15,19,20
86,22,8,9,2
87,14,27,29,29
88,9,17,8,4
89,9,26,11,22
90,23,25,28,24
91,29,29,5,11
92,4,0,5,25
93,2,13,0,31
94,8,9,22,21
95,2,22,22,31
96,28,14,1,2
97,16,26,29,9
98,30,1,11,2
99,13,7,4,29
100,19,1,6,26
101,22,13,0,11
102,28,0,15,11
103,28,26,24,15
104,8,6,14,11
105,12,15,15,24
106,31,7,2,29
107,4,27,28,31
108,8,18,5,4
109,7,29,7,24
110,25,24,24,7
111,27,26,19,12
