1
Grid:
32,32
................................
................................
................................
................................
................................
................................
................................
................................
................................
................................
................................
................................
................................
................................
................................
................................
................................
................................
................................
................................
................................
................................
................................
................................
................................
................................
................................
................................
................................
................................
................................
................................
Agents:
36
0,16,6,6,24
1,17,0,27,30
2,18,5,16,16
3,13,19,15,7
4,30,22,24,3
5,6,0,16,25
6,2,16,23,6
7,24,24,9,14
8,15,30,31,15
9,12,16,22,12
10,18,8,23,25
11,10,11,8,17
12,0,3,29,3
13,28,0,18,24
14,27,3,13,23
15,8,1,14,11
16,13,0,8,27
17,12,9,19,18
18,10,15,5,12
19,31,8,30,27
20,30,0,25,12
21,27,27,19,5
22,15,24,12,26
23,10,4,13,10
24,31,21,18,9
25,30,14,1,29
26,12,22,8,16
27,26,7,19,17
28,27,6,10,27
29,31,15,0,9
30,8,13,0,24
31,23,26,19,7
32,13,5,6,31
33,19,2,13,11
34,4,15,9,30
35,14,31,13,12
