4
Grid:
32,32
................................
................................
................................
................................
................................
................................
................................
................................
................................
................................
................................
................................
................................
................................
................................
................................
................................
................................
................................
................................
................................
................................
................................
................................
................................
................................
................................
................................
................................
................................
................................
................................
Agents:
178
0,25,17,1,13
1,21,26,6,12
2,19,29,13,6
3,7,12,11,12
4,22,4,29,15
5,14,17,0,19
6,21,11,15,27
7,20,6,9,19
8,6,21,29,22
9,31,21,31,25
10,0,10,31,19
11,21,0,1,27
12,7,19,20,31
13,27,24,14,17
14,31,4,29,29
15,13,30,30,24
16,7,31,1,30
17,13,27,20,1
18,11,21,20,2
19,16,15,29,4
20,23,7,19,22
21,14,7,28,19
22,18,18,8,29
23,20,4,16,28
24,4,21,2,13
25,28,5,8,0
26,5,9,6,22
27,28,20,10,25
28,19,31,19,29
29,2,15,24,2
30,12,18,29,3
31,23,15,10,1
32,9,21,5,29
33,30,24,31,31
34,27,16,0,16
35,5,16,18,4
36,27,14,19,8
37,14,20,4,24
38,31,22,27,10
39,19,10,7,13
40,8,7,6,27
41,25,30,24,13
42,15,30,10,23
43,2,16,8,27
44,12,8,9,23
45,27,28,1,8
46,16,3,0,28
47,9,30,28,6
48,5,11,21,22
49,25,11,29,0
50,0,20,30,2
51,11,23,31,18
52,19,14,0,22
53,6,30,6,6
54,0,11,17,14
55,27,1,29,6
56,9,15,26,4
57,6,0,13,9
58,25,4,29,1
59,29,31,30,3
60,29,10,28,22
61,11,1,27,16
62,17,7,22,4
63,16,29,30,29
64,7,4,12,0
65,18,23,5,28
66,10,17,0,20
67,16,4,23,17
68,16,0,2,6
69,12,25,22,22
70,18,1,1,25
71,24,5,29,14
72,18,21,30,1
73,29,11,17,5
74,16,21,13,22
75,26,19,22,21
76,16,27,14,16
77,18,31,12,16
78,16,12,24,0
79,7,16,30,31
80,24,14,12,23
81,21,8,15,21
82,20,9,13,26
83,3,3,17,24
84,8,4,15,9
85,12,28,21,27
86,29,13,16,25
87,8,11,7,19
88,21,27,22,12
89,31,27,15,11
90,20,29,16,6
91,29,23,23,12
92,1,20,26,20
93,17,17,2,11
94,6,25,3,5
95,8,6,16,30
96,25,28,16,12
97,15,10,8,22
98,1,19,12,6
99,8,13,27,28
100,12,21,13,10
101,30,4,23,31
102,22,14,24,8
103,30,21,11,17
104,13,11,26,24
105,28,26,17,29
106,17,30,20,23
107,24,18,25,1
108,29,15,9,20
109,27,6,15,28
110,3,1,26,6
111,28,10,9,4
112,26,12,15,31
113,19,7,27,12
114,15,14,15,6
115,22,12,5,13
116,27,23,14,30
117,27,18,11,21
118,25,14,17,6
119,31,11,0,7
120,24,17,27,7
121,3,0,13,18
122,27,21,27,9
123,16,28,9,9
124,25,1,4,8
125,15,28,25,8
126,29,22,25,4
127,18,19,18,11
128,27,0,3,22
129,23,21,14,14
130,9,9,5,15
131,14,24,24,17
132,10,11,3,25
133,23,5,20,20
134,1,28,13,20
135,7,10,11,5
136,7,25,28,2
137,17,29,3,4
138,23,20,2,17
139,14,14,7,27
140,30,25,30,15
141,15,4,29,12
142,4,8,26,15
143,23,24,27,13
144,22,10,13,25
145,1,14,7,6
146,2,11,26,8
147,22,15,22,28
148,30,10,21,30
149,8,16,27,21
150,20,26,26,18
151,15,7,26,29
152,12,1,9,31
153,15,25,18,30
154,25,16,31,22
155,28,18,27,3
156,17,20,21,10
157,26,24,7,10
158,8,27,9,13
159,2,1,22,6
160,31,12,18,28
161,11,29,19,6
162,25,3,16,10
163,30,14,21,25
164,27,22,22,9
165,8,28,20,21
166,12,12,19,19
167,19,1,2,19
168,17,6,2,0
169,19,11,17,2
170,9,28,6,20
171,31,31,23,19
172,27,4,23,23
173,6,22,24,15
174,31,16,12,21
175,30,13,5,20
176,26,17,31,12
177,9,29,10,2
