4
Grid:
32,32
................................
................................
................................
................................
................................
................................
................................
................................
................................
................................
................................
................................
................................
................................
................................
................................
................................
................................
................................
................................
................................
................................
................................
................................
................................
................................
................................
................................
................................
................................
................................
................................
Agents:
134
0,25,3,19,12
1,24,12,29,12
2,4,20,20,18
3,12,12,12,22
4,17,16,14,27
5,13,8,9,2
6,23,12,17,23
7,5,3,23,30
8,19,1,2,20
9,8,28,30,13
10,14,9,22,8
11,8,22,14,24
12,20,15,1,14
13,27,0,21,28
14,22,8,20,19
15,19,5,19,7
16,5,11,15,15
17,10,17,4,12
18,12,16,10,10
19,14,6,7,21
20,14,11,16,6
21,28,15,4,0
22,19,23,9,7
23,31,20,12,0
24,27,29,2,3
25,5,8,7,4
26,0,17,1,18
27,21,15,22,6
28,26,2,27,27
29,24,20,9,13
30,25,11,16,1
31,21,8,4,28
32,28,8,1,15
33,3,12,26,24
34,1,19,26,15
35,22,2,7,17
36,19,2,2,27
37,13,3,5,11
38,13,25,27,17
39,2,28,21,5
40,16,7,13,29
41,5,25,14,25
42,2,10,28,25
43,21,26,4,22
44,23,10,10,20
45,24,25,27,22
46,21,20,5,9
47,19,11,6,26
48,20,19,9,3
49,18,8,16,21
50,6,3,23,8
51,21,30,22,27
52,3,18,30,1
53,2,1,22,1
54,31,27,24,1
55,3,17,15,9
56,6,27,23,20
57,5,17,21,10
58,3,14,25,23
59,22,6,31,10
60,28,12,26,26
61,10,25,3,0
62,20,10,15,3
63,13,24,25,2
64,6,23,11,27
65,8,29,18,24
66,20,28,12,29
67,18,31,5,21
68,21,6,5,20
69,16,3,23,23
70,23,21,22,22
71,11,28,24,8
72,21,27,13,19
73,28,26,4,17
74,14,1,21,7
75,8,5,12,19
76,28,11,22,12
77,12,26,2,15
78,24,27,23,26
79,9,25,15,16
80,4,9,19,19
81,27,7,16,4
82,19,6,12,15
83,28,10,7,31
84,9,5,16,10
85,27,28,19,9
86,30,18,0,23
87,1,13,7,2
88,3,25,26,23
89,14,19,16,0
90,10,4,23,10
91,15,2,31,3
92,0,9,17,0
93,16,24,7,18
94,6,25,30,16
95,28,23,13,22
96,30,14,16,30
97,26,3,29,4
98,9,15,10,14
99,16,8,16,17
100,7,10,13,1
101,29,6,14,11
102,24,11,25,22
103,23,16,12,13
104,31,22,25,21
105,24,17,5,1
106,5,19,3,24
107,25,16,17,15
108,30,2,23,28
109,31,6,1,10
110,19,0,20,28
111,12,29,30,31
112,4,19,19,6
113,26,28,2,19
114,30,3,28,15
115,26,22,9,24
116,11,10,13,2
117,1,12,25,17
118,13,13,31,16
119,14,3,9,10
120,11,24,12,23
121,10,11,19,18
122,24,31,25,5
123,10,3,26,27
124,11,1,21,16
125,22,28,29,3
126,25,26,29,20
127,7,4,31,30
128,22,14,28,24
129,14,30,25,25
130,7,15,9,23
131,17,3,26,16
132,0,19,22,31
133,25,6,20,5
