0
Grid:
32,32
................................
................................
................................
................................
................................
................................
................................
................................
................................
................................
................................
................................
................................
................................
................................
................................
................................
................................
................................
................................
................................
................................
................................
................................
................................
................................
................................
................................
................................
................................
................................
................................
Agents:
100
0,26,11,24,30
1,8,23,12,4
2,19,23,2,25
3,23,6,21,22
4,30,11,23,10
5,17,14,6,27
6,4,5,24,16
7,27,16,25,26
8,13,3,0,5
9,4,24,16,20
10,17,27,11,0
11,10,29,1,28
12,7,10,28,8
13,31,27,31,3
14,5,8,24,6
15,28,24,20,24
16,14,9,0,23
17,15,4,2,11
18,31,13,31,12
19,27,13,3,4
20,11,12,25,9
21,0,11,19,5
22,19,26,18,8
23,18,1,30,26
24,14,11,19,27
25,16,23,6,9
26,11,29,4,4
27,2,30,31,29
28,0,10,19,4
29,15,8,18,17
30,23,28,12,16
31,0,22,1,27
32,15,24,4,10
33,0,26,26,4
34,22,23,16,23
35,17,31,10,26
36,7,23,28,7
37,13,5,20,9
38,26,30,1,9
39,10,12,5,18
40,24,30,14,24
41,13,25,26,27
42,23,5,23,4
43,13,16,21,31
44,6,16,7,6
45,4,21,22,7
46,29,18,30,22
47,21,14,11,2
48,11,10,14,22
49,28,27,30,21
50,25,23,29,28
51,10,23,19,9
52,26,16,5,28
53,15,20,15,2
54,16,29,11,4
55,4,1,22,24
56,31,2,31,24
57,16,25,4,12
58,15,7,8,8
59,31,10,13,5
60,10,16,6,7
61,20,5,11,11
62,18,28,30,5
63,2,21,29,6
64,1,30,10,6
65,25,16,14,25
66,1,14,26,2
67,19,0,27,23
68,19,22,16,9
69,30,6,14,28
70,21,25,31,27
71,31,9,27,3
72,12,2,10,30
73,21,26,25,30
74,1,27,13,16
75,31,4,18,13
76,11,18,19,26
77,16,9,9,9
78,3,4,5,4
79,4,30,14,11
80,14,26,14,31
81,18,17,30,9
82,3,19,13,13
83,31,16,18,11
84,15,16,18,23
85,6,24,10,23
86,8,24,21,10
87,20,17,14,10
88,16,11,6,12
89,6,7,28,9
90,19,5,11,27
91,31,21,3,28
92,4,15,21,23
93,30,9,13,9
94,28,14,18,1
95,18,0,22,9
96,24,27,5,29
97,6,14,18,18
98,5,24,14,30
99,2,4,29,2
