0
Grid:
32,32
................................
................................
................................
................................
................................
................................
................................
................................
................................
................................
................................
................................
................................
................................
................................
................................
................................
................................
................................
................................
................................
................................
................................
................................
................................
................................
................................
................................
................................
................................
................................
................................
Agents:
76
0,29,19,20,1
1,28,14,15,0
2,30,22,7,10
3,9,26,23,21
4,18,21,30,29
5,31,7,22,22
6,30,31,23,6
7,5,31,11,10
8,16,22,4,5
9,20,3,25,20
10,14,12,22,12
11,14,28,26,6
12,22,20,1,9
13,17,5,16,15
14,16,21,7,24
15,6,9,2,20
16,21,26,5,17
17,2,22,23,13
18,14,17,13,5
19,22,21,7,28
20,15,30,8,27
21,5,19,29,3
22,21,17,24,23
23,21,29,11,29
24,20,24,28,7
25,20,0,19,18
26,22,4,3,0
27,13,16,25,17
28,4,31,22,19
29,23,9,4,28
30,4,3,19,11
31,10,29,27,23
32,15,22,1,24
33,18,4,26,23
34,29,14,31,17
35,17,30,15,30
36,31,30,1,3
37,20,16,20,23
38,7,27,23,23
39,7,4,29,17
40,30,20,25,15
41,16,23,15,29
42,1,6,0,4
43,18,16,0,7
44,12,17,24,7
45,18,14,10,7
46,25,13,0,29
47,16,11,24,12
48,19,7,14,2
49,3,30,14,1
50,31,17,0,6
51,0,6,8,14
52,6,21,15,23
53,0,23,17,7
54,15,29,12,6
55,8,8,19,24
56,24,19,8,1
57,11,16,24,27
58,19,18,31,18
59,28,8,11,23
60,4,1,9,10
61,24,11,27,21
62,28,2,26,16
63,4,18,16,26
64,14,9,17,25
65,28,31,3,15
66,24,8,19,0
67,4,13,24,3
68,19,10,3,1
69,5,27,25,26
70,0,14,29,22
71,9,9,18,16
72,22,6,22,29
73,1,31,17,11
74,24,0,23,24
75,11,26,19,28
