0
Grid:
32,32
................................
................................
................................
................................
................................
................................
................................
................................
................................
................................
................................
................................
................................
................................
................................
................................
................................
................................
................................
................................
................................
................................
................................
................................
................................
................................
................................
................................
................................
................................
................................
................................
Agents:
116
0,2,7,28,15
1,9,2,16,3
2,10,5,18,0
3,29,15,7,15
4,22,22,18,8
5,7,31,7,20
6,2,30,23,25
7,23,6,2,9
8,22,12,8,5
9,3,3,19,19
10,27,10,9,8
11,12,25,17,12
12,21,30,20,2
13,31,0,10,10
14,11,29,4,22
15,14,31,11,27
16,13,3,4,9
17,14,17,20,12
18,16,12,26,16
19,5,3,21,28
20,18,6,2,6
21,26,1,24,13
22,1,23,7,10
23,14,19,16,5
24,13,9,30,16
25,22,3,19,12
26,2,24,0,30
27,26,15,19,20
28,12,11,8,27
29,6,29,26,12
30,4,24,22,11
31,8,8,10,11
32,18,31,30,14
33,16,6,12,2
34,22,9,4,31
35,17,20,23,3
36,15,10,7,5
37,23,30,24,16
38,8,0,29,14
39,17,24,25,25
40,15,4,8,23
41,9,9,5,17
42,0,21,8,19
43,22,0,2,4
44,31,25,7,24
45,29,20,10,31
46,2,1,10,17
47,25,24,12,27
48,4,22,17,22
49,14,8,4,24
50,28,3,26,5
51,2,22,20,14
52,18,13,8,0
53,8,16,17,26
54,23,14,3,27
55,3,5,13,27
56,11,11,19,11
57,9,3,17,6
58,31,9,19,6
59,30,26,3,5
60,15,22,19,31
61,10,13,30,24
62,2,28,9,31
63,18,14,6,4
64,17,30,15,6
65,26,18,2,2
66,18,9,29,9
67,27,11,5,3
68,2,18,24,4
69,22,19,17,9
70,13,6,3,2
71,8,17,28,20
72,22,23,2,27
73,9,22,30,13
74,24,22,11,14
75,25,27,2,17
76,23,20,24,9
77,24,6,0,1
78,25,20,7,7
79,19,22,5,7
80,26,26,15,24
81,30,25,28,12
82,20,16,15,31
83,18,2,6,23
84,15,29,16,21
85,0,12,0,26
86,18,11,17,18
87,12,9,1,24
88,13,24,1,28
89,23,11,26,6
90,18,28,5,5
91,22,27,8,25
92,5,30,8,30
93,26,30,28,11
94,16,21,1,10
95,24,19,22,1
96,7,15,0,25
97,29,5,19,29
98,4,7,12,25
99,6,26,0,12
100,21,12,12,19
101,9,12,22,29
102,24,1,27,29
103,28,8,4,23
104,4,30,5,12
105,4,3,28,13
106,19,21,23,30
107,21,20,30,7
108,17,26,16,11
109,11,18,9,3
110,13,18,10,14
111,19,25,26,26
112,27,17,19,23
113,7,11,20,13
114,5,24,27,27
115,21,14,0,21
