3
Grid:
32,32
................................
................................
................................
................................
................................
................................
................................
................................
................................
................................
................................
................................
................................
................................
................................
................................
................................
................................
................................
................................
................................
................................
................................
................................
................................
................................
................................
................................
................................
................................
................................
................................
Agents:
64
0,23,0,9,9
1,20,23,18,1
2,9,8,22,4
3,18,24,18,12
4,26,13,29,6
5,29,17,11,6
6,28,8,5,3
7,5,0,0,31
8,5,27,9,29
9,24,30,11,7
10,4,24,29,7
11,22,19,20,3
12,28,5,4,1
13,31,15,19,6
14,22,3,2,20
15,9,20,4,8
16,15,1,27,8
17,10,29,19,25
18,19,24,22,30
19,23,8,21,6
20,18,5,23,15
21,7,8,7,30
22,18,22,2,14
23,28,27,21,27
24,21,25,3,24
25,2,27,7,17
26,15,31,2,6
27,9,0,6,23
28,26,3,5,15
29,8,2,12,0
30,2,22,13,3
31,3,8,25,0
32,2,26,19,17
33,30,8,31,29
34,13,13,16,29
35,3,15,5,30
36,12,31,23,14
37,17,14,23,27
38,1,6,11,18
39,9,4,24,27
40,25,28,28,10
41,0,14,2,23
42,23,29,8,6
43,18,11,14,16
44,20,19,30,22
45,29,20,28,20
46,0,15,26,12
47,2,17,1,24
48,4,9,18,3
49,20,1,1,0
50,28,13,15,2
51,12,21,12,13
52,23,13,27,7
53,4,15,13,9
54,14,27,11,24
55,30,20,25,19
56,25,4,2,11
57,8,5,11,20
58,21,21,7,5
59,16,4,11,29
60,8,19,27,3
61,20,26,24,7
62,15,15,18,24
63,15,29,23,1
