0
Grid:
32,32
................................
................................
................................
................................
................................
................................
................................
................................
................................
................................
................................
................................
................................
................................
................................
................................
................................
................................
................................
................................
................................
................................
................................
................................
................................
................................
................................
................................
................................
................................
................................
................................
Agents:
88
0,31,27,5,24
1,20,10,13,1
2,13,30,30,15
3,14,21,9,19
4,10,3,30,1
5,2,10,12,12
6,14,19,24,12
7,30,9,18,3
8,30,11,15,7
9,2,22,17,7
10,21,25,16,16
11,16,2,0,6
12,4,14,25,7
13,11,24,7,27
14,21,27,22,13
15,19,20,28,13
16,12,2,27,30
17,27,20,1,30
18,18,24,13,0
19,11,0,12,4
20,26,8,15,17
21,24,21,12,17
22,30,28,24,24
23,6,10,27,14
24,28,5,9,25
25,28,30,16,3
26,29,8,20,17
27,8,6,4,12
28,11,17,4,24
29,6,31,29,13
30,19,21,5,6
31,0,14,2,8
32,16,14,13,26
33,29,11,7,22
34,24,10,18,9
35,23,5,8,9
36,31,2,2,25
37,27,13,6,30
38,0,26,8,16
39,4,8,26,29
40,7,1,15,8
41,28,15,7,28
42,30,20,3,13
43,22,4,0,11
44,26,20,16,5
45,9,0,10,11
46,18,11,24,13
47,12,4,28,28
48,8,10,7,30
49,5,16,4,14
50,17,17,19,20
51,14,22,14,20
52,13,26,26,5
53,13,29,17,31
54,24,18,17,4
55,25,17,10,17
56,15,27,16,8
57,23,25,29,3
58,17,3,27,22
59,1,22,18,1
60,19,19,7,24
61,22,22,6,4
62,4,22,0,18
63,20,20,21,21
64,9,12,16,20
65,15,11,15,30
66,0,7,31,23
67,20,27,2,17
68,22,31,4,20
69,15,24,19,24
70,19,25,13,31
71,11,23,23,6
72,26,9,4,17
73,25,6,12,29
74,9,14,9,4
75,3,11,15,14
76,5,22,27,26
77,21,15,28,20
78,27,25,5,8
79,20,12,0,22
80,3,14,29,30
81,16,8,30,30
82,6,27,5,3
83,2,18,18,19
84,20,9,21,12
85,2,30,18,13
86,0,28,14,23
87,11,13,22,31
