4
Grid:
32,32
................................
................................
................................
................................
................................
................................
................................
................................
................................
................................
................................
................................
................................
................................
................................
................................
................................
................................
................................
................................
................................
................................
................................
................................
................................
................................
................................
................................
................................
................................
................................
................................
Agents:
122
0,10,24,21,28
1,16,28,1,15
2,5,22,19,0
3,0,10,9,17
4,20,5,1,5
5,27,6,8,21
6,7,2,0,23
7,17,1,30,9
8,10,12,21,13
9,23,12,24,8
10,8,7,1,0
11,26,28,31,13
12,0,13,5,5
13,23,7,24,13
14,30,7,22,11
15,16,8,12,8
16,14,24,17,30
17,3,2,19,5
18,15,1,4,26
19,21,25,3,4
20,5,26,25,5
21,25,11,17,24
22,15,8,10,4
23,20,20,30,19
24,7,3,3,22
25,27,5,30,14
26,16,30,4,23
27,1,8,31,22
28,21,18,13,2
29,19,13,13,17
30,7,25,20,21
31,25,18,2,18
32,24,15,28,30
33,30,15,12,3
34,17,8,8,13
35,23,30,22,26
36,7,13,18,9
37,13,14,0,4
38,13,24,22,19
39,25,2,2,21
40,31,26,9,28
41,11,11,3,13
42,23,15,10,17
43,7,27,17,23
44,0,7,26,18
45,12,3,18,12
46,6,24,18,13
47,19,0,5,0
48,18,28,29,25
49,16,5,27,13
50,22,24,2,20
51,18,18,17,7
52,13,18,25,22
53,22,2,23,27
54,26,19,19,25
55,25,16,8,27
56,13,12,2,10
57,27,8,26,12
58,14,10,29,21
59,28,20,25,23
60,23,14,29,30
61,26,13,5,22
62,28,17,3,1
63,8,19,13,25
64,12,7,30,21
65,8,24,13,9
66,29,4,5,27
67,25,5,14,11
68,12,15,1,20
69,9,22,16,30
70,11,7,22,24
71,19,3,12,11
72,0,8,17,19
73,30,19,18,26
74,9,8,21,30
75,22,25,29,16
76,26,7,0,5
77,8,13,18,23
78,23,9,24,17
79,4,5,20,1
80,4,20,7,9
81,16,23,13,21
82,14,1,10,0
83,2,1,15,26
84,29,13,20,13
85,10,1,29,3
86,3,19,31,2
87,25,24,10,26
88,17,0,4,19
89,21,24,12,24
90,30,31,11,1
91,2,4,11,17
92,9,17,7,3
93,29,18,18,10
94,21,3,22,4
95,26,4,8,26
96,17,5,7,1
97,2,30,11,18
98,19,9,16,2
99,25,28,10,25
100,16,7,8,6
101,10,9,12,4
102,3,21,1,7
103,19,30,30,0
104,23,19,5,17
105,16,11,16,11
106,6,4,8,18
107,18,12,16,14
108,13,29,16,13
109,4,16,26,24
110,11,25,22,28
111,18,6,7,25
112,16,27,17,21
113,4,8,24,9
114,7,22,14,26
115,21,17,1,30
116,13,8,28,4
117,30,23,8,2
118,19,6,4,18
119,31,29,22,30
120,12,6,3,8
121,28,27,10,8
