4
Grid:
32,32
................................
................................
................................
................................
................................
................................
................................
................................
................................
................................
................................
................................
................................
................................
................................
................................
................................
................................
................................
................................
................................
................................
................................
................................
................................
................................
................................
................................
................................
................................
................................
................................
Agents:
118
0,26,4,23,11
1,21,14,3,9
2,5,5,17,16
3,26,5,7,11
4,25,6,29,24
5,23,31,6,10
6,11,3,29,25
7,24,11,11,22
8,2,19,0,25
9,29,1,30,19
10,9,14,14,29
11,14,8,12,2
12,18,10,18,29
13,14,25,2,10
14,5,10,20,19
15,11,0,24,13
16,2,14,17,22
17,15,15,22,2
18,12,0,29,23
19,20,22,8,17
20,23,2,19,24
21,0,5,19,29
22,15,8,31,17
23,14,10,12,4
24,14,18,9,0
25,6,7,9,9
26,1,20,21,11
27,7,11,23,19
28,21,12,8,24
29,27,27,21,9
30,22,1,15,13
31,31,14,21,6
32,26,23,10,13
33,28,28,9,19
34,20,9,1,21
35,31,2,30,31
36,30,6,27,27
37,10,7,15,26
38,13,8,26,31
39,24,10,6,26
40,27,4,15,28
41,10,19,0,23
42,4,4,26,24
43,31,13,25,0
44,7,3,2,21
45,25,31,18,18
46,4,25,6,17
47,0,22,8,13
48,2,18,14,20
49,10,24,29,6
50,11,17,3,16
51,22,5,28,22
52,19,4,5,26
53,9,26,12,29
54,10,31,2,26
55,30,13,11,11
56,20,16,16,15
57,31,18,22,4
58,22,11,15,6
59,10,22,13,17
60,23,15,2,6
61,21,16,16,4
62,16,31,28,7
63,29,4,7,15
64,6,19,17,7
65,4,27,7,17
66,29,31,17,11
67,31,9,7,2
68,13,5,29,14
69,0,0,14,9
70,3,7,23,13
71,5,12,17,26
72,11,19,1,3
73,25,14,21,24
74,31,22,24,11
75,7,20,11,3
76,0,28,9,10
77,28,6,14,12
78,21,19,22,16
79,6,4,26,13
80,26,3,16,29
81,15,20,0,7
82,17,22,4,22
83,4,16,2,27
84,11,10,19,27
85,27,19,5,3
86,11,13,28,12
87,10,4,14,27
88,19,9,21,10
89,11,24,1,12
90,20,14,13,18
91,31,3,13,23
92,13,7,23,23
93,16,12,22,6
94,25,22,7,8
95,15,12,24,1
96,13,2,31,29
97,28,23,1,9
98,2,3,20,5
99,11,28,24,30
100,24,13,25,30
101,16,14,5,28
102,27,16,27,4
103,31,28,11,9
104,24,28,11,1
105,2,12,16,9
106,14,5,13,1
107,20,13,12,24
108,8,29,12,31
109,0,30,30,5
110,16,5,29,21
111,3,31,16,19
112,0,8,10,11
113,7,28,10,23
114,7,8,28,13
115,2,23,18,13
116,16,17,11,15
117,19,30,9,2
