2
Grid:
32,32
................................
................................
................................
................................
................................
................................
................................
................................
................................
................................
................................
................................
................................
................................
................................
................................
................................
................................
................................
................................
................................
................................
................................
................................
................................
................................
................................
................................
................................
................................
................................
................................
Agents:
18
0,29,10,4,25
1,5,2,29,10
2,14,5,30,14
3,10,25,22,1
4,17,22,2,14
5,18,17,21,19
6,30,12,31,4
7,19,17,20,19
8,27,16,19,17
9,29,21,2,18
10,30,2,2,24
11,23,29,14,6
12,12,8,4,18
13,3,5,2,21
14,20,0,17,18
15,14,22,6,27
16,2,30,9,18
17,3,22,11,29
