4
Grid:
32,32
................................
................................
................................
................................
................................
................................
................................
................................
................................
................................
................................
................................
................................
................................
................................
................................
................................
................................
................................
................................
................................
................................
................................
................................
................................
................................
................................
................................
................................
................................
................................
................................
Agents:
176
0,2,7,17,19
1,29,23,7,27
2,28,15,20,5
3,6,4,29,26
4,20,23,8,31
5,5,27,30,9
6,25,10,19,9
7,14,2,7,11
8,24,2,25,4
9,0,0,27,9
10,1,8,27,19
11,2,23,23,17
12,2,4,7,1
13,26,14,23,16
14,9,16,31,13
15,11,27,14,27
16,10,5,4,25
17,23,14,20,8
18,6,16,2,9
19,18,25,13,3
20,26,18,15,23
21,3,23,16,12
22,23,20,9,17
23,29,27,21,18
24,4,12,26,14
25,3,10,10,20
26,19,1,24,29
27,6,26,19,18
28,4,5,8,28
29,20,24,29,16
30,21,23,22,21
31,26,3,1,4
32,11,10,15,31
33,16,19,4,0
34,18,0,26,30
35,27,7,27,23
36,15,6,12,22
37,5,15,10,11
38,4,11,22,10
39,0,14,16,7
40,6,30,18,27
41,10,28,23,13
42,13,1,10,0
43,7,8,31,3
44,31,28,14,11
45,10,1,17,28
46,28,25,6,27
47,4,2,5,2
48,23,0,26,20
49,11,13,27,22
50,8,4,14,7
51,17,27,26,16
52,26,13,29,5
53,28,22,9,31
54,22,24,8,1
55,17,22,6,17
56,13,29,20,4
57,22,10,11,31
58,2,8,5,24
59,20,22,4,1
60,21,26,17,0
61,11,22,8,18
62,1,2,24,0
63,24,4,6,13
64,31,19,17,4
65,11,28,26,28
66,22,6,13,6
67,11,17,18,31
68,12,8,7,26
69,6,17,13,20
70,29,22,24,31
71,7,13,16,31
72,21,25,21,24
73,10,26,3,20
74,21,18,16,18
75,14,23,5,25
76,16,4,14,25
77,11,25,26,29
78,30,17,20,1
79,25,16,22,0
80,26,21,30,5
81,0,6,30,6
82,18,4,26,21
83,3,8,3,19
84,27,12,18,3
85,15,4,28,22
86,28,21,18,26
87,14,20,12,12
88,13,30,7,22
89,26,29,10,7
90,6,3,25,23
91,24,20,27,17
92,1,1,18,20
93,14,19,23,2
94,9,20,11,21
95,23,12,18,4
96,27,18,10,16
97,12,14,20,23
98,7,5,7,6
99,29,2,31,30
100,31,9,3,21
101,2,9,14,9
102,26,27,30,24
103,22,23,21,11
104,11,31,21,10
105,23,27,21,14
106,7,9,7,29
107,14,28,24,26
108,14,29,28,30
109,2,1,2,12
110,25,8,8,16
111,2,27,3,26
112,12,15,28,17
113,25,27,23,31
114,7,30,29,7
115,22,20,1,13
116,31,6,15,20
117,17,29,3,27
118,1,14,26,7
119,26,6,9,23
120,11,23,1,19
121,7,10,5,30
122,28,28,1,9
123,5,17,10,8
124,3,16,13,29
125,0,10,13,10
126,3,28,13,27
127,9,22,25,31
128,6,6,0,7
129,29,10,10,30
130,1,26,21,9
131,15,13,18,7
132,9,3,13,12
133,27,0,19,29
134,24,16,30,25
135,27,31,7,14
136,2,28,28,13
137,22,1,28,3
138,1,24,23,27
139,30,16,2,15
140,10,7,23,29
141,23,23,5,11
142,30,12,19,26
143,16,3,28,11
144,29,26,19,21
145,22,26,22,28
146,17,16,24,15
147,4,16,9,21
148,7,26,28,21
149,0,24,12,4
150,0,5,11,30
151,25,19,6,23
152,20,0,9,4
153,7,6,17,16
154,5,7,22,25
155,21,14,9,14
156,8,12,20,7
157,0,26,21,28
158,3,24,16,5
159,15,28,13,25
160,18,24,9,3
161,2,29,14,8
162,25,0,26,25
163,14,18,25,13
164,23,6,31,7
165,25,6,4,8
166,14,4,31,26
167,4,10,25,19
168,30,22,15,2
169,5,8,17,30
170,16,10,31,2
171,13,15,30,23
172,10,4,11,15
173,3,27,0,24
174,25,20,29,4
175,18,20,15,4
