3
Grid:
32,32
................................
................................
................................
................................
................................
................................
................................
................................
................................
................................
................................
................................
................................
................................
................................
................................
................................
................................
................................
................................
................................
................................
................................
................................
................................
................................
................................
................................
................................
................................
................................
................................
Agents:
130
0,2,19,0,29
1,31,20,31,8
2,26,19,4,11
3,21,31,8,28
4,1,12,27,20
5,23,11,31,4
6,13,31,1,8
7,29,21,15,1
8,18,20,16,22
9,20,1,6,6
10,22,15,8,19
11,11,29,20,2
12,31,4,1,11
13,31,3,26,0
14,28,16,8,7
15,3,25,28,31
16,2,21,4,2
17,16,13,18,20
18,0,14,14,16
19,29,25,26,10
20,14,19,8,23
21,3,18,8,10
22,21,22,1,13
23,17,14,19,10
24,2,10,18,10
25,26,9,24,26
26,2,20,30,5
27,8,1,15,26
28,20,21,2,12
29,20,17,27,14
30,3,17,18,12
31,9,30,19,11
32,9,23,27,18
33,14,16,9,24
34,21,4,17,23
35,22,27,21,18
36,19,3,10,18
37,12,24,30,11
38,8,9,18,28
39,18,17,30,29
40,1,18,17,26
41,21,25,9,28
42,23,14,19,8
43,18,29,16,8
44,4,31,8,1
45,25,7,20,8
46,4,28,30,23
47,16,18,18,0
48,9,22,15,21
49,13,25,22,23
50,31,17,16,24
51,18,7,22,29
52,0,31,13,4
53,6,15,5,15
54,24,11,19,22
55,2,3,8,18
56,16,17,1,20
57,27,15,7,10
58,7,27,23,5
59,5,17,13,27
60,11,22,11,15
61,10,15,26,7
62,22,23,8,8
63,18,25,12,16
64,15,17,4,24
65,27,25,22,11
66,17,15,29,27
67,28,30,29,5
68,6,16,9,2
69,13,18,23,15
70,22,21,23,0
71,6,14,0,21
72,4,1,23,17
73,11,31,4,5
74,22,25,22,6
75,15,18,26,18
76,19,14,23,8
77,6,30,24,27
78,12,3,16,17
79,16,8,24,31
80,13,12,6,18
81,0,6,11,18
82,16,9,2,23
83,17,0,7,9
84,20,29,26,12
85,26,22,12,24
86,15,27,21,8
87,10,20,31,14
88,11,18,31,19
89,3,21,9,4
90,2,9,15,24
91,5,2,13,26
92,9,29,6,29
93,18,2,25,30
94,5,10,3,19
95,20,31,10,19
96,30,26,4,8
97,15,11,18,14
98,11,25,3,6
99,16,24,26,6
100,5,1,19,26
101,20,15,3,11
102,15,16,10,7
103,25,28,23,21
104,29,26,5,22
105,9,11,20,3
106,4,7,30,1
107,4,15,30,17
108,23,22,19,21
109,11,6,20,24
110,24,8,0,30
111,13,16,3,2
112,2,16,4,0
113,29,15,14,29
114,4,0,21,7
115,6,10,9,20
116,4,9,20,30
117,3,4,13,15
118,14,25,31,2
119,14,1,11,6
120,9,2,11,31
121,7,10,25,13
122,0,9,21,21
123,26,23,16,31
124,22,0,23,27
125,19,21,17,8
126,14,10,23,3
127,0,28,15,17
128,19,4,12,22
129,13,30,20,17
