1
Grid:
32,32
................................
................................
................................
................................
................................
................................
................................
................................
................................
................................
................................
................................
................................
................................
................................
................................
................................
................................
................................
................................
................................
................................
................................
................................
................................
................................
................................
................................
................................
................................
................................
................................
Agents:
92
0,17,7,8,13
1,30,16,23,8
2,10,18,31,20
3,24,16,15,20
4,23,29,14,8
5,24,7,26,11
6,29,29,12,13
7,5,31,4,6
8,6,2,2,5
9,20,1,26,21
10,1,21,1,8
11,24,27,24,19
12,12,21,8,26
13,18,14,8,15
14,17,25,7,3
15,15,31,4,7
16,17,26,11,27
17,3,24,30,14
18,17,28,20,27
19,28,28,16,13
20,16,9,15,25
21,30,31,14,23
22,10,12,10,5
23,20,29,30,29
24,31,22,8,16
25,10,20,8,11
26,13,10,31,25
27,19,27,20,5
28,14,3,13,22
29,4,21,1,23
30,31,10,25,28
31,31,30,26,1
32,13,24,21,30
33,21,2,9,27
34,26,13,16,18
35,6,23,30,12
36,17,24,8,24
37,23,25,19,2
38,17,31,1,27
39,14,27,11,9
40,18,7,2,9
41,6,7,25,2
42,10,14,9,6
43,24,6,19,30
44,28,5,12,24
45,9,31,21,21
46,17,18,2,17
47,23,17,23,18
48,3,18,11,31
49,8,0,6,1
50,14,22,27,2
51,3,20,7,2
52,18,4,5,15
53,20,10,11,26
54,27,4,7,9
55,15,18,14,2
56,6,13,15,10
57,27,18,1,30
58,2,30,28,3
59,18,31,16,15
60,27,11,10,15
61,14,23,10,18
62,8,30,17,28
63,7,15,0,29
64,12,27,5,23
65,14,11,30,5
66,28,19,29,7
67,18,17,3,15
68,9,5,13,28
69,15,30,21,22
70,11,9,5,18
71,21,17,29,25
72,15,9,23,5
73,13,14,20,8
74,27,13,27,28
75,12,11,3,2
76,12,19,21,13
77,29,4,4,14
78,24,31,30,26
79,18,1,27,22
80,5,10,3,28
81,13,13,4,19
82,12,9,12,15
83,1,9,19,29
84,8,9,8,9
85,18,30,15,4
86,26,0,9,24
87,12,8,31,28
88,0,30,1,10
89,0,1,5,12
90,30,24,7,25
91,8,8,11,17
