3
Grid:
32,32
................................
................................
................................
................................
................................
................................
................................
................................
................................
................................
................................
................................
................................
................................
................................
................................
................................
................................
................................
................................
................................
................................
................................
................................
................................
................................
................................
................................
................................
................................
................................
................................
Agents:
180
0,25,13,11,14
1,23,19,4,22
2,11,12,23,5
3,12,20,11,11
4,12,4,16,24
5,1,11,28,26
6,24,15,19,13
7,25,17,10,8
8,27,5,14,24
9,5,12,31,7
10,2,16,18,9
11,25,29,2,18
12,5,15,29,23
13,21,24,25,20
14,6,6,8,2
15,25,5,8,26
16,1,6,3,10
17,10,13,0,6
18,23,23,31,10
19,6,23,25,26
20,16,28,15,10
21,7,4,23,25
22,19,20,4,21
23,1,2,12,26
24,15,28,30,23
25,16,27,27,1
26,20,14,27,26
27,18,8,10,23
28,19,26,18,10
29,14,27,6,21
30,22,19,12,6
31,14,6,13,0
32,11,27,14,1
33,9,18,9,31
34,4,11,21,31
35,25,3,0,26
36,31,13,12,4
37,28,5,12,10
38,9,21,6,13
39,9,16,21,10
40,13,19,4,18
41,8,10,10,9
42,21,29,12,8
43,17,19,20,27
44,20,1,21,6
45,26,29,4,15
46,1,28,21,28
47,13,0,11,9
48,24,24,14,30
49,10,15,21,13
50,29,3,5,0
51,2,12,0,20
52,28,6,23,18
53,17,12,28,6
54,31,29,7,7
55,17,29,11,10
56,13,2,5,2
57,11,4,18,19
58,17,13,21,15
59,10,22,29,16
60,30,2,5,9
61,17,28,7,21
62,27,21,31,24
63,12,0,15,2
64,23,8,16,28
65,28,17,21,8
66,5,30,19,26
67,21,4,19,1
68,7,8,4,13
69,1,10,6,14
70,2,7,11,27
71,2,28,19,3
72,12,10,24,1
73,28,30,21,12
74,16,9,27,8
75,15,11,2,26
76,13,20,11,23
77,16,26,19,19
78,18,6,29,21
79,17,6,1,0
80,21,22,20,15
81,0,0,2,30
82,13,6,4,31
83,28,8,8,8
84,12,31,7,15
85,20,22,14,22
86,0,21,25,29
87,15,16,13,27
88,24,14,18,25
89,15,14,19,8
90,3,17,17,5
91,13,26,9,3
92,18,1,14,2
93,23,26,25,14
94,17,16,7,9
95,18,11,15,4
96,28,12,9,16
97,18,13,7,24
98,12,7,11,25
99,30,14,19,21
100,0,26,20,30
101,22,1,24,7
102,14,11,4,7
103,1,7,23,7
104,29,14,24,11
105,28,7,29,7
106,1,18,0,29
107,20,27,24,24
108,17,18,19,30
109,14,3,7,0
110,4,21,25,2
111,24,3,8,19
112,29,11,27,17
113,30,5,18,13
114,19,21,20,25
115,16,19,20,23
116,12,6,5,4
117,13,13,11,2
118,11,29,30,6
119,21,17,3,19
120,21,12,16,17
121,0,29,11,31
122,21,5,31,1
123,4,19,23,26
124,3,3,26,8
125,12,28,6,31
126,5,11,21,24
127,26,7,0,22
128,22,14,2,25
129,18,31,4,25
130,6,7,25,4
131,20,25,3,25
132,7,11,5,6
133,19,18,2,3
134,31,0,13,18
135,16,16,28,24
136,20,19,31,14
137,30,26,2,10
138,16,23,15,12
139,25,19,26,15
140,5,2,10,31
141,18,7,13,10
142,20,29,10,17
143,10,21,30,12
144,5,24,26,18
145,8,27,3,2
146,30,25,10,1
147,31,16,3,7
148,3,12,1,3
149,11,21,13,6
150,15,19,18,20
151,18,2,27,22
152,15,25,28,25
153,8,29,17,26
154,14,1,14,3
155,19,4,1,21
156,24,12,30,21
157,29,2,9,15
158,21,26,12,25
159,15,1,17,20
160,10,2,10,18
161,28,23,4,27
162,23,1,0,18
163,5,13,26,22
164,7,16,26,7
165,19,31,10,6
166,20,17,10,22
167,12,19,21,30
168,9,7,17,17
169,8,25,1,11
170,0,19,12,3
171,19,1,28,19
172,22,16,30,25
173,17,22,29,13
174,26,23,31,20
175,24,1,11,19
176,17,25,28,18
177,23,12,12,14
178,21,2,30,29
179,20,9,3,0
