4
Grid:
32,32
................................
................................
................................
................................
................................
................................
................................
................................
................................
................................
................................
................................
................................
................................
................................
................................
................................
................................
................................
................................
................................
................................
................................
................................
................................
................................
................................
................................
................................
................................
................................
................................
Agents:
174
0,13,7,4,5
1,20,9,2,29
2,2,25,9,14
3,0,30,1,21
4,18,18,30,24
5,29,10,2,25
6,10,20,19,11
7,26,22,6,24
8,18,30,12,20
9,9,30,26,26
10,19,26,6,22
11,2,12,4,15
12,14,31,19,12
13,15,8,7,23
14,16,20,7,4
15,17,0,1,18
16,17,21,10,2
17,11,6,12,22
18,9,17,9,18
19,19,2,21,12
20,31,7,20,14
21,28,23,6,13
22,9,11,20,30
23,5,15,24,4
24,14,16,24,17
25,23,13,27,25
26,20,15,14,4
27,4,8,13,14
28,26,3,21,7
29,9,23,15,26
30,13,29,23,22
31,0,29,17,14
32,25,21,12,11
33,9,19,6,31
34,12,1,26,31
35,31,11,2,30
36,29,11,5,13
37,2,3,21,31
38,26,0,21,13
39,26,31,2,6
40,28,3,23,11
41,11,1,8,24
42,2,24,27,18
43,1,1,17,9
44,22,16,25,11
45,24,7,31,28
46,26,30,1,17
47,22,11,10,15
48,18,16,24,11
49,5,26,24,27
50,3,21,0,13
51,2,13,4,16
52,16,7,10,29
53,20,25,11,27
54,5,23,4,27
55,9,9,29,4
56,29,14,27,14
57,1,28,12,7
58,18,23,23,27
59,18,17,31,4
60,17,11,6,8
61,11,26,3,22
62,14,23,6,30
63,17,30,30,30
64,21,22,17,23
65,17,9,1,7
66,27,6,3,10
67,1,29,30,14
68,16,27,21,15
69,3,8,7,22
70,27,31,1,19
71,7,15,11,20
72,10,11,21,8
73,29,25,11,24
74,25,26,20,0
75,29,20,6,4
76,8,24,4,12
77,10,7,21,17
78,31,25,29,23
79,21,21,26,23
80,4,15,20,11
81,6,31,27,4
82,14,28,30,27
83,18,26,17,13
84,27,20,13,19
85,6,22,2,2
86,13,9,24,23
87,16,11,13,1
88,19,30,25,7
89,12,5,7,20
90,1,27,18,21
91,28,22,2,8
92,12,6,7,0
93,23,3,28,25
94,27,25,30,29
95,30,23,12,24
96,5,14,0,14
97,4,12,27,0
98,0,14,8,5
99,25,2,22,25
100,29,5,22,26
101,19,7,5,20
102,7,31,19,2
103,8,30,1,12
104,19,0,16,18
105,12,16,22,19
106,20,8,11,1
107,18,15,31,22
108,19,8,24,20
109,30,1,1,14
110,21,15,9,29
111,16,31,16,24
112,5,3,29,25
113,18,12,12,16
114,29,30,22,22
115,11,30,7,27
116,29,23,17,26
117,3,5,17,1
118,30,24,1,2
119,27,28,4,19
120,6,29,7,29
121,10,21,26,21
122,25,27,21,1
123,25,9,10,12
124,20,24,18,26
125,9,10,0,5
126,3,28,1,9
127,15,3,18,20
128,22,8,27,23
129,25,4,21,29
130,11,7,28,5
131,2,14,3,13
132,5,21,7,25
133,11,27,0,31
134,11,14,1,26
135,9,12,30,6
136,27,24,21,22
137,5,27,14,27
138,5,10,19,7
139,10,9,22,20
140,23,5,7,6
141,21,0,28,22
142,26,1,23,20
143,14,22,15,29
144,31,23,30,8
145,16,30,7,26
146,26,27,1,8
147,16,3,27,8
148,30,6,26,10
149,23,1,0,25
150,1,23,2,31
151,30,26,25,0
152,2,15,19,3
153,15,29,2,28
154,27,9,17,18
155,19,11,8,0
156,31,19,11,3
157,13,27,0,18
158,17,28,26,16
159,29,9,10,23
160,26,11,8,6
161,11,17,25,19
162,23,24,0,2
163,9,24,24,9
164,31,16,3,11
165,1,20,10,21
166,19,15,3,14
167,2,11,13,23
168,8,6,9,15
169,10,18,14,17
170,7,26,6,5
171,15,28,28,26
172,16,5,18,6
173,25,20,26,11
