4
Grid:
32,32
................................
................................
................................
................................
................................
................................
................................
................................
................................
................................
................................
................................
................................
................................
................................
................................
................................
................................
................................
................................
................................
................................
................................
................................
................................
................................
................................
................................
................................
................................
................................
................................
Agents:
68
0,31,1,31,3
1,0,30,3,29
2,10,28,7,10
3,6,3,30,20
4,8,8,18,27
5,16,4,8,2
6,14,3,24,15
7,3,13,23,19
8,3,26,25,7
9,20,23,21,12
10,10,22,15,29
11,7,20,18,13
12,19,9,23,5
13,11,17,25,17
14,6,22,15,16
15,30,29,31,30
16,17,24,4,17
17,23,15,28,19
18,20,11,9,9
19,12,30,12,26
20,10,24,21,19
21,25,7,20,7
22,24,8,8,25
23,15,10,8,12
24,14,22,26,24
25,13,14,16,29
26,24,27,12,29
27,7,8,5,25
28,25,12,31,26
29,10,1,4,14
30,17,21,11,7
31,29,17,20,24
32,10,18,10,13
33,19,22,17,11
34,11,19,7,3
35,25,23,26,9
36,13,21,14,28
37,13,18,6,12
38,28,0,30,28
39,27,11,26,2
40,25,1,13,29
41,2,16,13,18
42,8,15,5,29
43,5,21,6,8
44,17,14,23,28
45,22,8,2,8
46,0,11,13,20
47,13,20,15,22
48,27,8,5,2
49,28,5,4,1
50,20,25,30,19
51,30,26,16,17
52,29,22,12,31
53,1,2,0,16
54,14,21,8,9
55,12,25,12,9
56,16,31,0,4
57,7,16,9,12
58,18,13,2,18
59,8,27,22,1
60,13,30,16,0
61,5,29,9,31
62,29,16,28,13
63,23,2,19,12
64,8,24,9,17
65,22,20,1,16
66,3,22,26,14
67,22,0,3,28
