3
Grid:
32,32
................................
................................
................................
................................
................................
................................
................................
................................
................................
................................
................................
................................
................................
................................
................................
................................
................................
................................
................................
................................
................................
................................
................................
................................
................................
................................
................................
................................
................................
................................
................................
................................
Agents:
98
0,13,13,3,29
1,19,17,23,10
2,18,15,29,10
3,16,29,27,28
4,25,9,8,20
5,6,23,15,27
6,20,1,12,21
7,16,13,2,31
8,31,4,19,15
9,17,20,21,25
10,21,26,15,25
11,8,0,9,13
12,28,1,31,10
13,11,26,11,13
14,1,28,9,18
15,19,28,11,20
16,10,14,20,10
17,26,12,21,22
18,3,29,12,8
19,19,18,11,26
20,4,8,29,23
21,30,9,14,27
22,15,2,12,1
23,13,11,2,22
24,24,31,2,16
25,23,22,20,8
26,28,19,26,21
27,4,19,19,25
28,21,16,14,28
29,3,22,21,15
30,8,24,25,26
31,8,10,20,22
32,3,24,26,14
33,23,2,31,11
34,18,19,16,13
35,1,19,28,20
36,1,3,30,7
37,22,31,9,0
38,1,18,14,31
39,17,9,12,24
40,12,8,27,4
41,8,1,12,12
42,4,29,8,7
43,0,23,21,21
44,9,7,19,26
45,22,18,3,12
46,25,28,29,16
47,9,12,1,21
48,31,20,19,8
49,11,11,2,2
50,25,5,25,5
51,30,3,10,22
52,21,25,29,1
53,28,5,19,9
54,17,2,1,3
55,31,26,28,5
56,9,0,16,17
57,15,6,8,26
58,5,5,5,21
59,23,31,3,28
60,24,11,29,3
61,28,15,29,0
62,25,4,2,12
63,26,9,24,26
64,0,13,17,23
65,12,26,1,1
66,30,1,7,6
67,3,1,31,4
68,8,6,4,9
69,26,4,11,1
70,22,20,18,20
71,19,31,17,20
72,19,8,1,15
73,28,25,8,10
74,15,0,4,8
75,31,11,25,0
76,18,14,24,28
77,8,14,6,16
78,9,16,7,11
79,31,18,27,30
80,5,4,18,24
81,21,4,4,7
82,28,8,8,28
83,17,13,25,15
84,3,4,9,6
85,29,17,19,1
86,5,20,9,15
87,21,8,31,16
88,28,26,8,4
89,17,17,13,28
90,13,6,1,27
91,30,11,12,27
92,26,18,4,18
93,14,0,25,19
94,25,20,22,20
95,23,23,18,28
96,7,7,25,31
97,31,17,11,14
