0
Grid:
32,32
................................
................................
................................
................................
................................
................................
................................
................................
................................
................................
................................
................................
................................
................................
................................
................................
................................
................................
................................
................................
................................
................................
................................
................................
................................
................................
................................
................................
................................
................................
................................
................................
Agents:
56
0,15,0,31,5
1,17,17,7,8
2,3,11,10,1
3,7,24,5,13
4,22,3,5,28
5,8,6,14,25
6,27,6,5,4
7,11,29,13,27
8,0,31,25,23
9,11,16,14,21
10,2,0,29,16
11,27,7,29,24
12,4,28,7,20
13,18,26,3,7
14,9,7,24,19
15,14,23,29,25
16,8,20,0,27
17,18,13,18,7
18,26,24,6,17
19,0,19,21,20
20,2,23,19,8
21,10,22,23,23
22,29,25,14,14
23,24,11,7,18
24,5,21,24,13
25,31,31,3,28
26,21,23,3,16
27,14,15,17,28
28,4,10,5,2
29,13,7,4,16
30,24,12,0,21
31,20,16,4,3
32,30,7,27,16
33,19,29,21,16
34,2,7,8,21
35,30,23,13,31
36,13,10,20,16
37,22,5,24,22
38,9,10,24,31
39,3,7,17,22
40,21,20,26,15
41,7,15,20,13
42,2,16,22,28
43,5,3,9,7
44,9,16,14,19
45,11,25,22,30
46,26,22,20,1
47,9,26,10,27
48,1,12,29,22
49,27,16,24,3
50,23,7,1,10
51,19,24,19,7
52,1,29,24,8
53,9,4,14,18
54,25,30,17,14
55,0,2,24,4
