3
Grid:
32,32
................................
................................
................................
................................
................................
................................
................................
................................
................................
................................
................................
................................
................................
................................
................................
................................
................................
................................
................................
................................
................................
................................
................................
................................
................................
................................
................................
................................
................................
................................
................................
................................
Agents:
24
0,11,17,20,10
1,31,30,24,16
2,0,21,10,5
3,26,6,3,12
4,26,2,24,13
5,0,0,21,14
6,11,0,19,10
7,21,30,5,21
8,13,28,8,24
9,0,28,15,16
10,6,16,21,18
11,21,0,13,0
12,28,18,2,2
13,6,7,17,25
14,11,25,14,19
15,0,17,19,0
16,7,18,0,11
17,1,18,7,17
18,30,14,11,8
19,21,28,10,16
20,10,18,24,15
21,7,29,27,8
22,17,12,26,3
23,4,18,1,5
