0
Grid:
32,32
................................
................................
................................
................................
................................
................................
................................
................................
................................
................................
................................
................................
................................
................................
................................
................................
................................
................................
................................
................................
................................
................................
................................
................................
................................
................................
................................
................................
................................
................................
................................
................................
Agents:
26
0,2,7,19,16
1,13,19,5,8
2,0,6,30,23
3,27,1,26,13
4,30,9,19,28
5,25,0,13,21
6,11,26,3,7
7,25,17,10,30
8,29,28,18,13
9,25,14,21,4
10,18,9,16,10
11,1,8,23,13
12,1,19,21,7
13,8,14,9,25
14,4,17,14,26
15,5,3,21,3
16,13,6,5,11
17,21,22,15,19
18,25,29,26,15
19,18,23,22,1
20,1,20,22,22
21,12,27,0,30
22,28,6,8,23
23,29,20,24,25
24,26,10,6,0
25,25,23,1,4
