2
Grid:
32,32
................................
................................
................................
................................
................................
................................
................................
................................
................................
................................
................................
................................
................................
................................
................................
................................
................................
................................
................................
................................
................................
................................
................................
................................
................................
................................
................................
................................
................................
................................
................................
................................
Agents:
112
0,1,13,5,15
1,29,31,24,24
2,27,24,7,13
3,26,2,0,22
4,18,9,6,21
5,19,27,10,25
6,7,21,12,8
7,26,16,14,19
8,8,18,2,18
9,18,27,3,8
10,6,7,31,12
11,28,4,28,1
12,9,25,10,9
13,22,3,14,12
14,19,6,19,28
15,28,31,23,9
16,18,25,25,17
17,29,9,22,17
18,10,4,2,13
19,14,10,10,15
20,25,21,28,28
21,31,23,27,4
22,13,18,18,27
23,28,5,16,16
24,17,30,21,3
25,26,13,6,25
26,7,7,19,7
27,14,25,0,0
28,16,24,22,22
29,21,2,30,12
30,1,22,28,16
31,14,12,22,5
32,13,19,6,28
33,9,14,9,13
34,24,16,14,28
35,6,3,29,14
36,4,8,14,17
37,1,17,17,6
38,8,4,30,0
39,23,22,3,5
40,28,16,7,20
41,17,21,7,7
42,11,15,24,20
43,23,10,26,18
44,10,3,4,18
45,24,17,16,20
46,15,12,13,30
47,9,2,18,7
48,6,19,29,3
49,10,25,15,17
50,9,13,24,8
51,13,0,1,30
52,24,23,21,22
53,9,31,14,23
54,5,29,12,14
55,17,12,18,18
56,1,31,27,3
57,5,17,26,25
58,5,24,1,1
59,0,29,13,0
60,27,31,22,23
61,4,20,29,16
62,23,20,8,30
63,20,23,8,11
64,30,31,0,3
65,10,20,8,7
66,26,29,2,28
67,13,14,23,7
68,3,17,5,1
69,29,20,26,20
70,6,24,15,25
71,4,13,18,14
72,18,12,19,24
73,16,15,1,6
74,6,23,29,10
75,29,13,3,27
76,19,12,4,1
77,29,10,11,26
78,9,24,1,2
79,9,3,1,27
80,0,6,11,17
81,18,28,14,27
82,17,3,27,10
83,17,22,30,30
84,14,19,14,2
85,27,11,10,22
86,23,3,10,28
87,26,22,11,16
88,1,10,31,14
89,4,4,5,3
90,16,7,15,21
91,2,28,29,5
92,0,3,2,21
93,4,10,21,13
94,8,25,29,30
95,24,30,6,20
96,27,21,25,13
97,26,12,23,30
98,29,16,9,10
99,9,9,14,15
100,18,7,7,22
101,21,26,24,25
102,15,19,27,25
103,22,30,16,29
104,31,30,12,11
105,0,25,27,28
106,3,21,8,1
107,27,4,21,12
108,3,14,4,13
109,18,3,9,2
110,11,1,25,10
111,25,2,31,11
