1
Grid:
32,32
................................
................................
................................
................................
................................
................................
................................
................................
................................
................................
................................
................................
................................
................................
................................
................................
................................
................................
................................
................................
................................
................................
................................
................................
................................
................................
................................
................................
................................
................................
................................
................................
Agents:
110
0,21,11,14,2
1,28,27,1,13
2,5,1,2,20
3,13,14,6,5
4,22,0,24,16
5,31,3,17,18
6,12,29,4,23
7,18,20,29,3
8,27,5,8,7
9,4,28,17,29
10,3,26,1,20
11,21,24,11,24
12,19,25,9,13
13,0,9,3,8
14,8,0,3,15
15,10,14,8,8
16,0,10,11,22
17,12,13,7,3
18,8,20,20,16
19,6,31,31,21
20,8,26,7,15
21,7,26,30,21
22,30,7,19,26
23,8,1,22,28
24,22,18,15,19
25,0,4,8,2
26,2,9,5,19
27,18,27,17,22
28,22,3,7,19
29,7,12,22,0
30,0,3,4,10
31,5,22,30,30
32,21,17,17,1
33,2,2,0,27
34,16,5,0,17
35,11,6,29,27
36,31,4,28,12
37,19,8,7,16
38,18,26,10,26
39,25,11,27,8
40,16,31,21,8
41,19,22,17,10
42,31,6,24,11
43,11,22,9,4
44,23,17,16,8
45,22,4,18,26
46,12,25,0,23
47,31,5,6,21
48,20,17,18,6
49,5,12,0,2
50,5,5,14,19
51,17,17,4,18
52,6,25,22,13
53,5,30,29,17
54,21,10,23,19
55,8,27,3,12
56,9,28,2,28
57,27,0,19,22
58,16,15,25,16
59,22,15,19,29
60,5,11,5,17
61,11,31,12,13
62,14,7,19,15
63,25,5,5,13
64,5,14,1,30
65,19,1,31,16
66,21,13,15,31
67,6,11,18,1
68,14,1,12,26
69,15,6,27,18
70,0,13,29,31
71,26,16,16,18
72,30,30,8,21
73,20,5,24,25
74,27,21,21,22
75,7,25,2,19
76,26,17,12,29
77,3,30,16,2
78,31,0,25,1
79,24,7,18,18
80,22,7,26,10
81,6,28,21,14
82,21,15,23,7
83,18,15,1,21
84,31,16,10,31
85,15,24,26,19
86,10,30,23,30
87,22,19,16,30
88,13,9,11,1
89,6,6,27,19
90,26,14,30,12
91,17,28,12,8
92,30,17,27,29
93,20,25,0,15
94,22,1,5,6
95,20,29,22,6
96,27,14,14,25
97,11,5,7,11
98,6,15,15,14
99,14,28,27,22
100,27,15,7,26
101,17,22,23,3
102,12,7,15,21
103,1,6,26,5
104,23,8,6,8
105,30,22,13,9
106,17,14,24,26
107,9,15,12,4
108,3,17,17,16
109,7,21,0,14
