3
Grid:
32,32
................................
................................
................................
................................
................................
................................
................................
................................
................................
................................
................................
................................
................................
................................
................................
................................
................................
................................
................................
................................
................................
................................
................................
................................
................................
................................
................................
................................
................................
................................
................................
................................
Agents:
134
0,8,0,22,2
1,20,2,10,15
2,23,2,8,1
3,10,11,22,15
4,29,26,18,28
5,9,13,7,0
6,5,3,6,28
7,7,27,22,30
8,18,26,9,22
9,26,23,16,22
10,29,23,1,16
11,6,21,24,5
12,28,1,14,21
13,26,6,28,28
14,17,21,28,2
15,27,12,7,19
16,9,0,11,19
17,10,24,17,13
18,23,29,18,3
19,25,25,28,16
20,19,24,25,17
21,16,22,1,8
22,21,17,8,18
23,20,24,4,17
24,9,6,26,25
25,7,25,1,28
26,26,20,5,9
27,12,16,26,19
28,25,30,28,22
29,8,4,26,28
30,25,7,21,7
31,30,28,14,0
32,3,5,4,20
33,24,15,0,10
34,4,20,30,7
35,0,1,4,7
36,4,4,10,7
37,6,16,16,13
38,0,10,31,15
39,13,2,3,7
40,29,10,31,0
41,14,2,16,18
42,18,21,5,3
43,19,25,2,13
44,30,24,20,30
45,23,3,5,6
46,17,15,16,26
47,30,9,3,26
48,24,25,7,18
49,14,14,25,29
50,31,26,26,12
51,2,18,2,24
52,24,24,10,28
53,16,8,17,5
54,10,9,17,14
55,30,27,31,30
56,8,5,10,10
57,6,15,24,9
58,25,27,19,25
59,10,14,30,15
60,18,30,24,27
61,16,11,30,16
62,29,29,9,5
63,16,20,18,5
64,5,29,9,29
65,23,7,7,1
66,28,30,2,29
67,3,3,24,20
68,8,28,18,26
69,9,25,30,9
70,4,11,10,12
71,15,20,26,2
72,26,28,11,25
73,8,15,19,26
74,15,28,22,3
75,14,31,9,14
76,9,23,30,22
77,20,27,19,0
78,8,27,3,4
79,2,13,4,30
80,18,23,11,17
81,2,3,17,22
82,7,29,17,24
83,18,16,14,4
84,15,27,31,3
85,16,1,9,13
86,1,4,22,0
87,11,22,12,16
88,13,27,9,16
89,24,28,29,31
90,1,1,13,10
91,25,16,20,11
92,7,14,9,31
93,17,8,3,31
94,8,2,29,22
95,29,17,2,1
96,9,5,20,26
97,8,18,6,4
98,10,30,16,23
99,22,21,27,3
100,18,13,21,27
101,6,19,29,24
102,25,3,9,8
103,31,22,25,24
104,31,1,5,15
105,7,0,8,13
106,9,22,19,7
107,22,3,19,20
108,30,0,4,23
109,30,12,31,1
110,25,13,26,1
111,3,15,31,4
112,14,27,21,3
113,17,25,0,15
114,6,11,13,16
115,15,12,18,21
116,10,19,19,6
117,20,13,26,8
118,24,29,25,4
119,3,12,11,2
120,4,28,9,19
121,27,18,27,12
122,27,6,21,13
123,0,21,2,31
124,23,5,26,7
125,20,25,30,29
126,16,9,11,13
127,9,9,6,26
128,29,3,9,12
129,5,5,26,31
130,26,27,27,23
131,16,28,16,28
132,11,3,21,21
133,14,16,28,15
