4
Grid:
32,32
................................
................................
................................
................................
................................
................................
................................
................................
................................
................................
................................
................................
................................
................................
................................
................................
................................
................................
................................
................................
................................
................................
................................
................................
................................
................................
................................
................................
................................
................................
................................
................................
Agents:
76
0,16,6,11,18
1,25,13,20,31
2,27,24,31,7
3,22,16,13,19
4,10,11,6,19
5,1,12,17,6
6,0,20,6,0
7,13,6,30,11
8,17,4,31,6
9,29,18,22,31
10,29,10,5,2
11,31,13,5,13
12,11,8,19,9
13,12,2,17,31
14,26,3,4,19
15,26,20,29,1
16,11,23,12,16
17,13,0,4,5
18,14,1,0,30
19,29,27,2,13
20,12,5,17,0
21,8,9,17,21
22,10,12,31,17
23,31,24,17,5
24,31,22,8,30
25,22,2,2,21
26,15,15,1,15
27,20,6,12,9
28,7,11,0,26
29,1,18,16,22
30,12,20,3,6
31,21,7,25,1
32,17,13,13,17
33,0,8,31,12
34,7,13,31,4
35,23,16,19,1
36,6,1,5,1
37,6,24,4,29
38,1,22,10,12
39,3,31,13,10
40,9,19,10,28
41,2,4,24,23
42,12,23,8,2
43,4,28,30,21
44,2,6,8,17
45,25,2,18,29
46,31,10,18,28
47,15,23,28,7
48,15,1,12,23
49,23,29,3,4
50,16,18,18,6
51,30,5,4,20
52,27,13,22,18
53,8,28,5,19
54,4,16,8,16
55,8,2,16,24
56,9,24,28,9
57,17,16,29,27
58,26,26,10,9
59,8,4,23,13
60,5,0,26,6
61,20,21,4,7
62,17,27,5,9
63,18,14,5,25
64,8,0,31,31
65,19,18,6,15
66,3,16,29,10
67,5,6,15,16
68,27,22,18,21
69,19,6,8,22
70,2,8,30,23
71,26,28,12,4
72,6,31,17,10
73,7,28,1,12
74,20,7,17,13
75,29,9,19,5
