3
Grid:
32,32
................................
................................
................................
................................
................................
................................
................................
................................
................................
................................
................................
................................
................................
................................
................................
................................
................................
................................
................................
................................
................................
................................
................................
................................
................................
................................
................................
................................
................................
................................
................................
................................
Agents:
178
0,15,19,28,23
1,21,19,1,6
2,27,26,9,3
3,3,25,16,2
4,4,25,28,7
5,18,13,0,20
6,29,12,14,25
7,22,19,18,9
8,4,6,1,14
9,16,13,30,11
10,26,11,13,17
11,22,12,27,5
12,14,22,24,7
13,22,0,3,16
14,30,14,16,8
15,7,16,30,19
16,28,28,12,1
17,11,25,7,1
18,28,19,21,25
19,17,11,26,15
20,10,28,6,1
21,7,19,30,5
22,10,23,13,9
23,11,10,27,28
24,13,29,17,31
25,11,18,21,6
26,9,25,1,20
27,20,4,21,8
28,28,8,7,12
29,5,5,12,18
30,3,2,16,10
31,27,22,20,25
32,17,2,12,13
33,17,0,14,7
34,1,28,5,3
35,22,16,2,13
36,21,5,16,16
37,2,29,20,26
38,3,3,8,13
39,2,23,14,1
40,10,12,11,1
41,19,1,2,15
42,2,20,5,14
43,6,3,0,17
44,7,7,4,3
45,29,20,17,5
46,13,11,4,22
47,7,8,13,6
48,1,16,1,17
49,1,8,11,4
50,5,10,4,6
51,9,16,7,16
52,6,26,21,9
53,29,4,25,15
54,23,23,3,0
55,0,25,3,2
56,6,14,19,26
57,26,23,11,11
58,15,26,2,19
59,20,29,7,27
60,27,14,10,27
61,24,26,19,12
62,31,2,24,21
63,3,9,20,6
64,29,25,19,5
65,27,19,16,19
66,1,26,3,21
67,17,31,30,24
68,2,2,14,27
69,26,8,0,1
70,23,2,3,15
71,12,16,1,3
72,13,31,18,22
73,17,16,20,0
74,25,7,5,17
75,28,4,27,21
76,13,23,8,5
77,17,14,29,28
78,17,4,12,28
79,6,29,22,21
80,27,12,9,28
81,23,12,23,7
82,28,26,30,15
83,20,13,4,8
84,31,11,9,25
85,6,24,14,17
86,2,8,3,11
87,19,27,7,15
88,21,4,25,9
89,24,13,24,14
90,31,20,1,4
91,22,29,17,11
92,13,26,11,5
93,14,20,17,2
94,16,22,23,27
95,17,3,23,4
96,20,25,18,7
97,12,0,0,21
98,2,22,23,26
99,7,17,12,5
100,20,9,9,2
101,26,21,23,15
102,15,18,17,0
103,26,25,15,8
104,29,7,8,20
105,22,25,10,13
106,28,9,8,27
107,26,2,7,19
108,19,25,23,14
109,15,20,10,25
110,2,1,6,27
111,18,19,17,21
112,12,5,13,7
113,0,24,15,0
114,5,4,23,10
115,25,27,0,4
116,6,30,24,2
117,9,2,26,18
118,17,13,31,23
119,3,18,8,23
120,0,31,15,3
121,10,26,12,19
122,16,30,15,25
123,22,27,26,8
124,23,1,30,2
125,21,1,31,14
126,5,26,3,20
127,16,24,31,12
128,7,10,4,2
129,27,16,18,4
130,7,0,12,15
131,2,27,19,17
132,25,26,4,19
133,2,6,31,31
134,22,28,13,15
135,19,2,21,24
136,2,13,30,6
137,14,4,4,20
138,1,4,8,11
139,15,24,0,14
140,14,16,5,29
141,26,6,30,27
142,17,18,10,19
143,25,25,25,17
144,1,2,7,31
145,19,16,1,11
146,27,27,24,20
147,2,28,19,9
148,10,9,28,8
149,6,13,8,24
150,7,13,26,17
151,5,25,25,19
152,24,15,4,23
153,10,22,19,20
154,12,8,18,2
155,0,27,18,19
156,20,3,25,20
157,2,26,26,13
158,0,21,2,4
159,18,18,28,14
160,2,4,15,30
161,5,0,13,30
162,13,13,4,18
163,5,1,25,3
164,15,10,1,28
165,31,3,29,2
166,16,4,15,18
167,19,8,22,2
168,9,4,24,19
169,6,5,23,19
170,15,25,25,14
171,28,2,12,26
172,26,7,8,18
173,6,12,15,5
174,12,12,17,23
175,12,20,1,12
176,27,15,10,6
177,18,1,16,13
