1
Grid:
32,32
................................
................................
................................
................................
................................
................................
................................
................................
................................
................................
................................
................................
................................
................................
................................
................................
................................
................................
................................
................................
................................
................................
................................
................................
................................
................................
................................
................................
................................
................................
................................
................................
Agents:
128
0,27,22,3,4
1,2,3,23,31
2,2,15,13,28
3,9,9,5,8
4,18,4,1,27
5,23,15,15,25
6,29,0,3,9
7,4,2,26,1
8,5,31,9,19
9,4,27,1,20
10,22,1,11,25
11,26,0,29,19
12,22,3,24,29
13,20,22,21,15
14,31,19,18,26
15,16,23,5,20
16,18,10,8,1
17,22,31,2,4
18,6,12,1,30
19,4,10,14,6
20,13,22,1,9
21,23,21,4,16
22,23,23,30,27
23,3,23,3,15
24,14,20,18,1
25,9,1,16,15
26,18,25,25,21
27,18,26,15,18
28,27,2,10,13
29,12,30,15,4
30,27,18,31,30
31,9,31,9,9
32,20,31,27,24
33,29,18,27,8
34,9,4,19,14
35,28,24,9,30
36,26,26,24,19
37,14,0,28,23
38,9,5,2,20
39,8,30,13,18
40,0,29,13,25
41,7,10,13,11
42,10,15,16,5
43,5,24,17,10
44,24,28,5,31
45,4,4,1,0
46,31,5,3,12
47,15,26,25,30
48,12,24,14,20
49,0,24,23,24
50,26,16,30,15
51,13,10,11,29
52,24,16,5,3
53,6,23,21,12
54,11,18,16,13
55,17,21,8,20
56,26,13,24,15
57,30,29,19,22
58,11,31,8,24
59,20,5,21,21
60,26,4,17,31
61,31,23,26,13
62,24,21,26,15
63,11,19,10,16
64,20,16,5,5
65,4,15,11,6
66,4,16,24,6
67,15,29,15,21
68,8,13,25,16
69,12,6,14,27
70,10,14,21,25
71,9,17,6,4
72,7,17,7,6
73,15,13,17,21
74,3,27,17,16
75,30,22,4,20
76,21,0,4,11
77,10,0,25,8
78,23,17,30,25
79,12,23,5,21
80,30,0,20,24
81,17,10,8,9
82,9,14,26,16
83,14,13,10,28
84,12,27,13,6
85,28,12,26,20
86,23,20,31,17
87,2,17,5,30
88,14,7,20,7
89,13,25,1,26
90,4,7,9,2
91,12,8,10,12
92,17,14,12,30
93,26,15,13,2
94,19,17,18,12
95,2,23,21,20
96,0,21,14,17
97,29,30,10,1
98,8,24,8,16
99,3,1,4,6
100,0,8,27,28
101,31,17,31,23
102,30,1,0,8
103,29,24,2,13
104,18,16,22,19
105,3,18,22,24
106,19,23,18,28
107,19,8,6,21
108,25,27,0,5
109,19,30,7,17
110,25,5,8,4
111,11,2,22,1
112,19,15,25,24
113,30,21,6,2
114,6,4,20,23
115,15,25,3,30
116,17,26,1,23
117,19,14,30,10
118,2,16,19,9
119,22,21,2,21
120,5,12,9,7
121,5,4,3,27
122,7,5,3,17
123,6,27,2,26
124,5,2,24,16
125,27,15,6,16
126,16,15,23,7
127,30,26,27,26
