0
Grid:
32,32
................................
................................
................................
................................
................................
................................
................................
................................
................................
................................
................................
................................
................................
................................
................................
................................
................................
................................
................................
................................
................................
................................
................................
................................
................................
................................
................................
................................
................................
................................
................................
................................
Agents:
112
0,16,2,7,24
1,9,24,4,16
2,2,6,30,21
3,21,7,19,9
4,25,14,6,2
5,25,13,19,15
6,16,27,26,0
7,3,29,28,5
8,5,23,15,6
9,24,23,5,27
10,7,25,22,10
11,6,15,5,8
12,29,3,19,25
13,15,20,18,20
14,23,4,25,17
15,24,29,9,29
16,5,2,28,25
17,14,2,22,26
18,19,16,30,14
19,5,17,7,15
20,4,28,16,0
21,30,15,28,14
22,31,6,25,12
23,19,25,15,16
24,27,31,9,28
25,5,20,22,21
26,23,30,21,18
27,1,23,15,0
28,28,25,21,8
29,27,30,23,25
30,22,0,21,6
31,16,21,13,23
32,22,27,6,29
33,8,14,14,4
34,12,0,5,20
35,9,20,14,15
36,17,6,10,12
37,18,10,21,7
38,26,22,31,15
39,15,23,11,2
40,16,22,23,16
41,25,24,27,25
42,30,3,5,14
43,6,7,31,24
44,0,23,27,29
45,6,25,24,13
46,27,4,11,16
47,12,8,27,13
48,24,4,19,26
49,29,5,28,3
50,12,26,11,13
51,22,16,5,17
52,2,16,22,9
53,11,22,19,21
54,28,6,29,28
55,10,4,0,3
56,14,0,26,19
57,7,23,4,20
58,22,19,23,24
59,20,0,8,4
60,13,20,2,13
61,26,16,17,23
62,31,10,9,4
63,11,14,11,3
64,29,18,8,29
65,29,11,9,25
66,25,11,5,6
67,9,30,1,24
68,1,14,3,27
69,0,21,17,2
70,27,9,13,12
71,27,0,6,22
72,15,16,6,28
73,24,26,10,14
74,28,20,0,6
75,17,5,12,29
76,15,29,8,1
77,23,24,27,3
78,0,6,16,14
79,16,24,4,13
80,4,29,24,31
81,24,9,14,9
82,8,30,7,16
83,11,2,31,26
84,23,8,3,29
85,21,8,21,25
86,18,30,20,21
87,4,3,12,15
88,0,15,6,13
89,17,17,12,10
90,17,9,16,30
91,28,27,4,18
92,19,17,13,19
93,30,27,13,0
94,30,8,22,30
95,16,29,12,31
96,16,18,26,12
97,23,16,18,30
98,4,21,12,18
99,3,19,28,0
100,30,9,29,23
101,24,20,12,24
102,5,0,19,6
103,6,19,8,27
104,12,15,22,18
105,8,16,19,10
106,2,15,21,12
107,15,6,26,11
108,10,26,19,1
109,10,9,2,15
110,13,6,10,20
111,18,6,25,2
