4
Grid:
32,32
................................
................................
................................
................................
................................
................................
................................
................................
................................
................................
................................
................................
................................
................................
................................
................................
................................
................................
................................
................................
................................
................................
................................
................................
................................
................................
................................
................................
................................
................................
................................
................................
Agents:
98
0,10,13,5,12
1,23,6,31,27
2,24,30,15,12
3,20,15,23,6
4,8,8,24,26
5,28,9,25,12
6,5,21,30,1
7,0,8,18,0
8,7,4,21,16
9,4,30,0,6
10,19,24,30,5
11,31,19,28,7
12,23,9,2,22
13,18,12,15,0
14,25,16,19,0
15,16,11,0,13
16,21,23,24,3
17,16,5,19,9
18,8,27,26,19
19,28,25,13,17
20,15,18,18,2
21,5,16,25,29
22,6,0,4,12
23,24,0,17,20
24,6,2,22,6
25,30,3,22,17
26,23,17,17,9
27,14,4,23,16
28,18,8,18,3
29,6,11,20,19
30,29,28,13,22
31,14,11,28,9
32,24,25,13,2
33,23,2,31,7
34,27,8,10,9
35,1,25,13,26
36,8,12,18,19
37,13,3,24,12
38,8,23,0,20
39,16,17,2,12
40,5,23,6,19
41,19,3,10,24
42,18,31,14,11
43,20,17,7,20
44,28,19,2,31
45,3,25,11,7
46,24,12,28,15
47,31,16,7,5
48,9,3,12,27
49,6,21,11,18
50,1,29,10,25
51,9,1,15,23
52,22,14,0,19
53,31,15,28,19
54,26,11,2,24
55,23,23,2,6
56,24,11,1,19
57,5,28,19,16
58,31,11,11,30
59,15,27,9,27
60,19,16,6,27
61,29,21,16,31
62,9,20,12,24
63,11,28,11,11
64,23,0,29,15
65,8,1,23,3
66,16,29,21,30
67,10,22,29,8
68,26,7,4,30
69,21,4,31,21
70,31,5,20,27
71,22,16,21,11
72,27,11,26,10
73,1,12,30,14
74,6,3,29,30
75,16,30,20,26
76,19,10,29,20
77,1,17,1,23
78,31,20,20,13
79,24,2,0,25
80,3,3,13,7
81,23,26,30,16
82,2,21,21,20
83,6,26,19,24
84,1,15,4,15
85,2,24,18,18
86,21,11,9,22
87,28,14,16,11
88,25,13,5,18
89,25,29,4,9
90,19,31,8,14
91,21,20,21,21
92,15,10,1,5
93,13,6,25,30
94,22,5,6,17
95,15,19,25,1
96,0,28,21,12
97,14,28,28,17
