3
Grid:
32,32
................................
................................
................................
................................
................................
................................
................................
................................
................................
................................
................................
................................
................................
................................
................................
................................
................................
................................
................................
................................
................................
................................
................................
................................
................................
................................
................................
................................
................................
................................
................................
................................
Agents:
154
0,17,1,19,16
1,23,7,28,1
2,6,5,27,0
3,6,4,17,10
4,22,26,5,4
5,8,29,8,12
6,12,16,9,28
7,17,12,8,1
8,16,8,9,5
9,5,1,7,18
10,5,28,5,27
11,5,21,0,2
12,7,4,2,17
13,22,0,1,28
14,4,17,25,7
15,24,14,28,18
16,8,22,12,24
17,21,19,5,9
18,19,19,25,4
19,8,2,16,11
20,24,25,16,23
21,24,27,6,29
22,10,3,13,25
23,28,21,15,16
24,14,30,12,8
25,23,4,29,1
26,4,11,7,10
27,3,21,20,21
28,27,2,25,19
29,0,1,25,21
30,15,6,20,16
31,0,5,29,0
32,2,25,15,5
33,20,21,27,29
34,26,29,0,20
35,25,29,30,1
36,31,2,26,23
37,8,11,30,15
38,3,9,3,29
39,8,0,10,15
40,17,5,7,21
41,26,19,17,31
42,9,29,18,24
43,19,0,29,16
44,23,16,31,23
45,19,7,0,6
46,19,18,11,18
47,25,19,12,20
48,25,17,7,11
49,27,17,19,9
50,5,26,2,18
51,5,2,17,2
52,2,23,23,13
53,17,18,8,16
54,24,28,30,16
55,20,27,11,16
56,10,14,24,6
57,15,22,30,6
58,6,8,24,12
59,9,24,24,29
60,14,22,13,24
61,18,15,0,14
62,15,24,13,8
63,20,2,19,3
64,4,0,18,16
65,0,31,25,30
66,14,7,1,15
67,27,27,9,19
68,15,4,26,25
69,24,23,1,1
70,14,4,12,27
71,30,30,19,20
72,1,24,27,30
73,3,2,8,22
74,11,28,31,13
75,16,12,18,2
76,19,11,10,11
77,3,31,26,19
78,7,22,2,0
79,10,19,25,24
80,27,10,29,15
81,0,8,14,20
82,26,7,10,8
83,9,1,27,15
84,16,18,3,28
85,9,10,10,21
86,24,20,16,17
87,23,27,3,5
88,30,2,6,20
89,21,3,9,30
90,15,1,8,3
91,20,16,5,26
92,21,13,1,0
93,15,23,10,23
94,26,10,5,24
95,2,29,15,29
96,10,25,17,5
97,30,28,28,17
98,24,10,28,15
99,12,30,24,31
100,18,16,29,14
101,26,30,8,6
102,8,12,10,1
103,29,23,21,23
104,27,30,7,7
105,19,10,3,18
106,17,28,17,18
107,31,23,21,1
108,3,18,27,31
109,15,14,20,25
110,17,9,18,17
111,25,30,9,12
112,29,2,28,11
113,9,11,9,14
114,22,17,17,6
115,30,11,21,0
116,30,4,1,18
117,19,3,10,17
118,16,3,9,22
119,0,19,13,15
120,12,11,13,22
121,2,12,28,24
122,5,20,31,26
123,10,28,20,18
124,10,20,3,3
125,27,16,16,4
126,25,4,25,22
127,31,16,29,30
128,5,10,22,17
129,14,21,15,22
130,30,18,13,13
131,0,10,17,26
132,11,12,25,2
133,8,27,8,26
134,7,0,4,10
135,1,6,3,1
136,7,13,4,17
137,24,9,8,2
138,23,12,18,9
139,17,25,0,18
140,29,6,7,22
141,20,10,12,19
142,20,26,18,29
143,10,23,27,16
144,20,15,7,8
145,13,26,13,1
146,31,29,5,11
147,9,23,20,31
148,29,17,20,2
149,18,30,21,16
150,20,19,18,20
151,23,17,19,29
152,7,5,8,9
153,29,1,0,7
