0
Grid:
32,32
................................
................................
................................
................................
................................
................................
................................
................................
................................
................................
................................
................................
................................
................................
................................
................................
................................
................................
................................
................................
................................
................................
................................
................................
................................
................................
................................
................................
................................
................................
................................
................................
Agents:
172
0,22,14,17,17
1,16,8,7,19
2,3,30,8,20
3,0,10,9,6
4,17,28,22,24
5,15,31,9,26
6,8,18,22,20
7,5,22,29,8
8,5,10,16,16
9,14,20,21,23
10,10,14,14,4
11,28,13,4,28
12,7,13,1,24
13,16,27,21,2
14,20,28,25,26
15,4,25,5,12
16,30,24,19,12
17,13,30,7,31
18,7,16,25,4
19,16,5,4,20
20,30,22,25,1
21,23,5,21,16
22,29,2,3,5
23,10,25,14,13
24,27,9,5,1
25,1,17,31,14
26,19,8,29,16
27,25,8,1,6
28,18,3,27,31
29,0,22,24,24
30,13,5,13,26
31,22,21,29,20
32,24,22,29,30
33,1,16,5,11
34,5,6,8,30
35,15,21,1,20
36,26,9,21,11
37,22,20,28,12
38,22,22,18,21
39,3,22,9,5
40,31,10,13,15
41,27,18,10,23
42,6,21,26,19
43,30,4,18,15
44,11,4,17,4
45,15,26,25,19
46,23,25,1,15
47,31,2,4,13
48,12,6,7,27
49,1,25,14,31
50,20,21,15,25
51,26,12,7,7
52,23,10,6,7
53,17,5,29,24
54,18,27,27,10
55,18,23,16,5
56,5,12,2,27
57,25,6,28,23
58,16,11,18,23
59,17,0,4,29
60,26,10,16,1
61,5,31,28,5
62,17,29,23,10
63,20,20,28,25
64,9,10,22,7
65,4,9,2,1
66,2,9,22,25
67,15,14,30,29
68,26,27,5,13
69,3,25,3,8
70,19,15,24,1
71,17,20,23,15
72,7,0,3,12
73,19,19,24,17
74,8,6,16,29
75,21,21,23,11
76,8,20,12,16
77,27,15,11,4
78,6,23,31,28
79,24,20,18,24
80,18,8,17,25
81,23,9,22,3
82,20,27,29,10
83,28,10,18,18
84,11,20,7,28
85,8,24,1,11
86,13,10,10,8
87,25,17,3,17
88,24,16,23,29
89,9,0,4,9
90,11,3,1,21
91,20,14,31,23
92,0,13,30,30
93,14,31,25,12
94,8,2,20,14
95,3,14,26,2
96,8,21,13,8
97,29,8,26,5
98,28,29,25,15
99,11,24,26,24
100,22,29,25,11
101,26,1,6,1
102,13,16,30,8
103,31,7,21,22
104,11,16,18,3
105,18,14,8,26
106,20,8,11,19
107,8,7,8,15
108,13,29,19,4
109,2,8,10,16
110,17,25,8,21
111,15,23,2,29
112,20,26,31,6
113,5,17,19,15
114,10,13,2,2
115,9,18,17,0
116,6,29,24,0
117,9,19,27,9
118,3,27,12,13
119,3,23,13,7
120,21,4,22,0
121,27,17,19,10
122,15,20,3,11
123,0,15,11,24
124,3,5,0,0
125,0,5,9,18
126,2,26,10,31
127,6,4,0,25
128,4,1,14,3
129,7,24,13,24
130,21,23,31,3
131,20,30,14,27
132,28,0,5,21
133,6,16,7,24
134,18,24,2,30
135,3,13,2,4
136,15,22,19,5
137,25,4,25,9
138,18,29,3,13
139,24,9,27,21
140,17,30,26,25
141,10,18,27,2
142,3,26,27,22
143,6,11,26,29
144,11,25,10,24
145,30,8,17,3
146,27,5,23,20
147,8,0,15,2
148,0,1,21,17
149,19,21,20,27
150,18,12,22,10
151,30,25,25,22
152,8,9,11,27
153,22,15,29,0
154,29,12,18,20
155,20,9,0,18
156,18,7,18,16
157,29,11,17,26
158,10,7,21,15
159,12,9,16,22
160,14,7,18,26
161,27,20,5,17
162,28,23,12,1
163,21,28,7,6
164,11,29,28,14
165,20,19,15,20
166,20,25,4,27
167,4,22,15,5
168,14,2,11,11
169,28,18,14,25
170,2,5,28,10
171,13,25,11,0
