4
Grid:
32,32
................................
................................
................................
................................
................................
................................
................................
................................
................................
................................
................................
................................
................................
................................
................................
................................
................................
................................
................................
................................
................................
................................
................................
................................
................................
................................
................................
................................
................................
................................
................................
................................
Agents:
168
0,4,10,14,27
1,23,5,11,12
2,9,10,4,21
3,18,7,30,3
4,27,15,5,29
5,4,21,18,6
6,24,20,14,0
7,10,5,5,31
8,18,12,30,10
9,25,23,6,9
10,20,10,26,11
11,26,24,30,15
12,3,29,27,26
13,27,29,11,21
14,1,23,9,19
15,27,4,30,26
16,18,28,6,10
17,13,3,9,23
18,31,19,20,13
19,20,16,27,6
20,25,22,8,21
21,22,20,7,23
22,7,10,30,12
23,22,26,31,28
24,28,29,31,11
25,24,30,9,24
26,25,25,30,4
27,15,31,27,13
28,1,12,13,28
29,14,20,17,21
30,6,4,28,10
31,19,31,4,23
32,3,27,6,30
33,7,7,31,1
34,1,29,28,11
35,13,5,9,2
36,2,4,22,30
37,16,4,17,8
38,2,15,30,24
39,21,16,18,26
40,6,6,12,13
41,26,30,25,12
42,11,20,0,17
43,3,19,23,4
44,19,5,20,4
45,19,19,16,22
46,4,31,10,22
47,9,21,23,11
48,2,22,16,14
49,17,11,4,12
50,3,15,24,16
51,25,31,14,12
52,16,18,5,21
53,27,20,16,23
54,9,11,14,13
55,28,18,14,20
56,22,30,8,8
57,14,31,8,31
58,10,20,3,27
59,20,14,16,28
60,20,27,1,24
61,9,25,25,10
62,1,2,27,22
63,27,27,24,0
64,1,11,30,31
65,29,10,21,9
66,13,23,0,2
67,12,26,26,28
68,14,24,3,12
69,25,14,6,17
70,10,8,20,24
71,8,1,3,0
72,29,6,9,1
73,17,9,22,11
74,10,14,22,18
75,1,3,31,27
76,19,15,5,15
77,26,29,10,16
78,21,22,29,8
79,17,24,14,14
80,25,13,20,22
81,9,16,27,17
82,21,12,18,14
83,16,22,8,26
84,6,27,18,19
85,21,10,7,7
86,9,12,22,3
87,19,8,30,16
88,28,26,30,13
89,17,17,7,0
90,16,19,23,22
91,10,26,10,10
92,28,14,30,25
93,4,24,17,19
94,6,0,20,3
95,20,28,23,8
96,30,23,3,29
97,12,17,3,24
98,21,27,29,23
99,22,27,20,19
100,7,5,21,3
101,14,9,5,1
102,5,14,1,5
103,10,13,18,0
104,28,22,0,3
105,6,26,2,10
106,21,18,19,15
107,25,4,26,23
108,21,20,13,4
109,13,28,7,9
110,28,11,18,31
111,5,21,5,7
112,27,21,18,7
113,11,4,28,3
114,12,13,21,8
115,24,13,17,14
116,4,23,10,18
117,30,16,20,7
118,24,12,1,2
119,0,7,11,20
120,16,17,24,7
121,27,2,10,28
122,1,17,28,6
123,16,25,12,14
124,19,24,10,17
125,0,14,25,25
126,16,14,12,22
127,12,6,23,28
128,11,2,5,25
129,14,8,15,0
130,25,11,10,4
131,15,5,19,25
132,28,9,10,31
133,11,11,12,20
134,16,2,27,3
135,20,9,23,20
136,5,17,12,25
137,19,18,30,21
138,25,0,2,17
139,13,22,5,27
140,7,16,3,22
141,30,6,8,5
142,0,25,27,25
143,2,18,6,5
144,8,21,10,20
145,18,29,0,19
146,10,11,15,23
147,11,26,26,4
148,2,5,9,6
149,29,14,1,14
150,29,3,4,16
151,1,25,16,0
152,14,27,10,30
153,14,25,4,7
154,30,9,18,23
155,11,30,1,3
156,6,21,21,28
157,9,19,21,19
158,10,29,4,26
159,8,29,12,11
160,25,30,24,6
161,23,8,29,13
162,7,8,30,19
163,21,15,5,0
164,20,18,0,31
165,20,2,11,4
166,18,16,7,13
167,8,28,5,14
