1
Grid:
32,32
................................
................................
................................
................................
................................
................................
................................
................................
................................
................................
................................
................................
................................
................................
................................
................................
................................
................................
................................
................................
................................
................................
................................
................................
................................
................................
................................
................................
................................
................................
................................
................................
Agents:
28
0,3,25,19,29
1,9,8,2,15
2,0,5,22,14
3,13,10,2,24
4,29,8,5,6
5,10,9,13,20
6,30,18,28,23
7,16,15,23,25
8,19,31,24,24
9,2,16,29,17
10,19,29,4,30
11,2,30,3,0
12,26,11,9,15
13,21,29,24,7
14,15,17,31,17
15,14,22,26,5
16,17,29,18,30
17,18,8,19,27
18,31,12,25,8
19,21,11,7,29
20,10,6,11,26
21,11,4,12,24
22,11,23,5,24
23,23,18,23,7
24,10,30,23,22
25,29,22,29,21
26,2,6,15,3
27,28,0,15,7
