3
Grid:
32,32
................................
................................
................................
................................
................................
................................
................................
................................
................................
................................
................................
................................
................................
................................
................................
................................
................................
................................
................................
................................
................................
................................
................................
................................
................................
................................
................................
................................
................................
................................
................................
................................
Agents:
30
0,25,28,22,23
1,16,28,22,3
2,15,0,25,10
3,14,11,24,30
4,14,4,6,6
5,13,22,26,20
6,17,31,27,25
7,23,6,13,10
8,18,25,29,0
9,14,8,4,25
10,6,25,27,11
11,29,28,12,4
12,6,30,22,2
13,13,7,14,24
14,11,3,17,26
15,0,17,11,24
16,28,1,27,17
17,9,12,26,3
18,6,17,23,5
19,3,25,12,26
20,12,20,14,25
21,28,17,12,6
22,22,27,10,29
23,13,16,8,7
24,8,27,22,1
25,13,14,10,25
26,23,31,23,13
27,15,25,3,27
28,30,18,4,29
29,25,16,4,31
