3
Grid:
32,32
................................
................................
................................
................................
................................
................................
................................
................................
................................
................................
................................
................................
................................
................................
................................
................................
................................
................................
................................
................................
................................
................................
................................
................................
................................
................................
................................
................................
................................
................................
................................
................................
Agents:
146
0,31,12,10,12
1,17,4,5,4
2,31,25,5,1
3,25,7,22,2
4,17,18,8,24
5,4,18,3,17
6,31,5,27,2
7,31,2,19,6
8,15,30,5,11
9,12,3,1,11
10,3,12,15,2
11,11,12,21,30
12,7,0,18,8
13,23,22,17,30
14,1,20,23,4
15,2,28,20,19
16,11,17,21,21
17,13,31,15,12
18,1,10,31,21
19,19,6,15,14
20,30,11,4,5
21,11,5,16,1
22,31,8,13,8
23,15,22,26,18
24,7,8,12,16
25,31,3,22,16
26,19,4,12,25
27,12,18,2,13
28,1,4,16,7
29,29,31,5,25
30,1,2,4,8
31,6,28,26,28
32,16,7,2,24
33,7,14,14,25
34,24,0,16,3
35,10,6,23,10
36,4,24,5,9
37,1,6,8,14
38,13,30,8,8
39,17,1,16,8
40,14,24,23,13
41,21,31,5,24
42,9,6,23,11
43,5,26,29,25
44,30,28,31,9
45,13,20,0,3
46,4,28,22,14
47,5,14,6,14
48,20,23,31,12
49,1,1,25,21
50,29,7,28,9
51,6,26,20,31
52,24,12,7,2
53,0,20,23,29
54,16,26,14,20
55,23,30,27,20
56,13,0,29,17
57,19,13,14,10
58,6,17,24,23
59,30,0,8,17
60,8,29,13,15
61,2,5,10,5
62,22,22,9,18
63,2,8,13,24
64,18,18,1,26
65,17,21,17,11
66,28,15,31,2
67,3,7,8,2
68,17,26,25,31
69,6,29,13,6
70,6,16,19,4
71,9,3,18,15
72,4,14,3,13
73,6,3,22,24
74,8,24,31,11
75,7,3,7,31
76,25,0,15,30
77,24,31,18,24
78,4,1,4,2
79,9,23,26,29
80,1,29,5,30
81,9,2,10,20
82,1,30,6,6
83,28,12,23,26
84,27,12,8,30
85,10,0,15,11
86,26,24,25,22
87,20,31,13,3
88,0,8,3,9
89,16,30,9,6
90,0,26,4,6
91,10,13,10,14
92,27,28,25,30
93,22,3,24,15
94,2,16,27,10
95,22,4,9,17
96,19,14,8,3
97,15,11,26,12
98,25,2,0,5
99,12,7,17,25
100,7,28,15,19
101,29,27,16,15
102,25,25,18,2
103,5,0,28,30
104,0,27,13,23
105,16,11,25,27
106,23,7,19,10
107,19,27,31,7
108,6,5,8,21
109,7,24,20,3
110,9,10,4,12
111,21,5,20,30
112,12,12,0,22
113,9,8,7,18
114,5,30,18,17
115,27,9,14,15
116,23,4,25,23
117,29,15,2,22
118,20,2,7,26
119,24,28,12,27
120,19,8,23,18
121,24,29,3,30
122,27,6,24,9
123,0,14,28,11
124,5,19,21,5
125,12,25,7,7
126,23,3,2,4
127,31,1,6,16
128,31,7,8,11
129,20,19,2,11
130,7,4,19,7
131,15,16,10,3
132,0,12,18,28
133,26,26,31,17
134,21,1,0,1
135,15,8,20,27
136,3,20,7,21
137,8,8,28,26
138,17,11,11,14
139,9,0,29,11
140,21,29,1,12
141,31,20,22,9
142,29,14,1,16
143,19,3,31,16
144,30,20,4,1
145,22,23,19,9
