2
Grid:
32,32
................................
................................
................................
................................
................................
................................
................................
................................
................................
................................
................................
................................
................................
................................
................................
................................
................................
................................
................................
................................
................................
................................
................................
................................
................................
................................
................................
................................
................................
................................
................................
................................
Agents:
132
0,6,12,14,0
1,13,23,26,6
2,3,1,10,7
3,3,4,20,19
4,25,8,1,13
5,7,10,10,27
6,8,0,22,9
7,14,27,5,12
8,14,13,31,25
9,26,30,28,16
10,26,13,12,4
11,29,26,22,14
12,18,19,15,1
13,19,14,31,22
14,23,30,10,3
15,20,20,29,23
16,11,31,11,11
17,25,21,30,23
18,23,15,28,6
19,24,4,11,20
20,18,29,18,18
21,2,5,13,27
22,1,9,31,28
23,4,21,0,14
24,2,20,0,17
25,10,3,6,15
26,5,26,15,23
27,28,25,2,8
28,14,18,29,26
29,4,15,2,22
30,13,20,7,2
31,12,27,2,9
32,19,18,26,10
33,31,9,21,20
34,6,24,12,17
35,4,31,8,3
36,21,22,7,22
37,12,28,27,19
38,11,24,12,2
39,25,9,21,26
40,15,30,29,11
41,12,3,8,19
42,19,17,17,24
43,15,17,23,1
44,2,0,6,16
45,7,5,26,17
46,10,8,1,18
47,23,29,29,19
48,17,6,13,22
49,18,15,0,22
50,10,26,1,23
51,15,9,26,29
52,15,11,8,8
53,13,15,3,28
54,14,0,4,22
55,14,22,12,29
56,24,27,2,11
57,0,15,15,4
58,8,9,26,0
59,7,1,28,2
60,3,13,24,8
61,7,6,12,22
62,17,31,6,10
63,20,13,2,7
64,31,14,27,18
65,11,4,6,22
66,6,10,20,28
67,31,21,15,20
68,15,3,9,21
69,19,8,15,12
70,3,31,19,6
71,3,2,0,16
72,18,16,12,18
73,12,15,31,16
74,7,8,2,24
75,21,7,28,27
76,31,16,21,23
77,11,28,25,31
78,19,9,7,19
79,23,16,18,7
80,22,0,24,0
81,15,31,28,22
82,21,9,18,25
83,16,14,28,4
84,28,11,5,13
85,31,5,7,7
86,21,30,17,4
87,30,3,4,11
88,10,4,10,24
89,19,1,11,21
90,18,5,23,18
91,5,23,20,6
92,24,3,0,23
93,11,2,18,29
94,17,2,12,20
95,16,3,30,12
96,13,8,17,26
97,31,29,26,23
98,19,28,25,22
99,8,16,18,15
100,17,0,16,13
101,17,8,19,26
102,17,14,24,16
103,30,17,18,13
104,27,24,21,6
105,7,17,24,24
106,4,27,18,19
107,16,24,25,20
108,9,25,31,21
109,25,19,16,9
110,13,27,4,15
111,19,7,21,13
112,23,11,8,12
113,18,8,9,25
114,15,8,10,23
115,17,4,14,28
116,3,22,12,27
117,17,19,24,18
118,16,20,16,11
119,4,0,22,16
120,7,24,2,29
121,28,27,11,4
122,13,26,24,6
123,22,30,17,20
124,18,22,11,1
125,21,10,7,23
126,22,10,1,0
127,20,9,31,1
128,31,18,5,4
129,8,30,5,21
130,31,0,21,17
131,23,25,6,18
