4
Grid:
32,32
................................
................................
................................
................................
................................
................................
................................
................................
................................
................................
................................
................................
................................
................................
................................
................................
................................
................................
................................
................................
................................
................................
................................
................................
................................
................................
................................
................................
................................
................................
................................
................................
Agents:
150
0,13,28,3,15
1,5,18,27,16
2,30,9,3,5
3,17,10,16,10
4,30,15,20,9
5,14,19,3,9
6,17,18,13,11
7,10,17,29,19
8,27,28,2,18
9,21,8,31,4
10,1,20,3,11
11,1,30,10,3
12,16,30,19,25
13,1,23,15,15
14,13,22,19,28
15,18,7,5,5
16,5,19,17,30
17,21,5,11,15
18,21,31,7,20
19,28,20,9,26
20,11,0,24,13
21,3,24,13,30
22,22,23,21,13
23,5,10,23,15
24,10,18,21,31
25,28,10,6,9
26,24,1,17,26
27,0,25,5,29
28,27,7,20,10
29,2,0,28,20
30,8,25,14,14
31,29,7,10,1
32,28,6,22,14
33,13,30,17,17
34,29,5,29,21
35,0,0,15,30
36,28,1,21,23
37,17,8,4,30
38,7,25,16,13
39,25,23,27,4
40,13,27,10,25
41,26,8,22,27
42,14,4,30,23
43,18,28,24,11
44,9,14,18,2
45,29,28,16,31
46,12,17,27,17
47,3,27,5,12
48,27,15,13,21
49,9,6,3,18
50,12,5,2,12
51,22,0,11,8
52,10,23,28,3
53,4,30,7,13
54,8,18,9,1
55,31,8,18,13
56,6,17,12,26
57,12,1,21,2
58,13,20,27,9
59,24,9,4,23
60,11,1,26,25
61,27,13,18,21
62,30,4,7,19
63,20,11,24,28
64,30,21,29,27
65,13,24,30,7
66,16,19,20,6
67,10,8,12,1
68,5,25,1,12
69,30,22,24,18
70,0,20,10,0
71,19,23,15,7
72,15,20,21,26
73,21,27,21,8
74,5,1,3,2
75,13,6,18,30
76,23,31,20,31
77,26,11,22,2
78,9,8,6,22
79,1,5,0,2
80,0,18,21,28
81,4,6,26,7
82,23,19,1,7
83,7,4,4,16
84,22,1,24,16
85,8,23,1,26
86,13,3,14,9
87,14,25,4,24
88,6,28,3,21
89,8,6,1,30
90,0,16,6,12
91,25,30,11,11
92,30,28,21,19
93,23,24,24,14
94,19,7,15,26
95,19,1,13,23
96,18,8,18,5
97,29,2,3,27
98,20,0,4,1
99,5,24,16,14
100,16,21,27,31
101,23,2,28,9
102,30,6,15,1
103,10,24,29,18
104,23,9,5,18
105,18,4,5,14
106,9,30,0,23
107,6,6,21,24
108,25,8,26,15
109,5,31,19,23
110,29,30,9,11
111,14,1,5,23
112,4,11,1,21
113,17,21,10,22
114,12,11,6,29
115,5,5,29,1
116,22,15,17,10
117,21,11,20,0
118,25,22,6,5
119,31,24,9,2
120,17,31,20,26
121,0,9,27,30
122,20,14,8,13
123,23,20,12,10
124,2,22,31,14
125,8,11,27,23
126,27,5,31,10
127,27,18,11,13
128,7,21,15,20
129,30,18,0,4
130,20,20,6,6
131,11,12,29,7
132,4,13,26,3
133,13,26,6,8
134,8,26,3,7
135,8,13,23,1
136,14,29,10,19
137,12,21,27,8
138,20,28,8,26
139,19,22,30,9
140,2,26,31,9
141,10,16,4,20
142,19,3,9,14
143,3,4,14,5
144,24,13,27,21
145,3,28,25,1
146,19,20,26,30
147,1,29,23,3
148,12,7,18,22
149,8,5,5,25
