2
Grid:
32,32
................................
................................
................................
................................
................................
................................
................................
................................
................................
................................
................................
................................
................................
................................
................................
................................
................................
................................
................................
................................
................................
................................
................................
................................
................................
................................
................................
................................
................................
................................
................................
................................
Agents:
46
0,0,4,20,8
1,14,27,10,30
2,7,6,28,11
3,18,16,31,15
4,17,16,8,13
5,29,28,23,21
6,1,0,29,17
7,27,24,18,6
8,14,4,28,9
9,18,26,2,28
10,12,26,25,21
11,23,10,7,2
12,20,28,0,11
13,1,20,8,18
14,27,29,18,3
15,1,8,14,14
16,15,17,10,14
17,11,24,23,3
18,4,2,2,29
19,26,28,23,7
20,16,5,10,23
21,5,20,26,31
22,30,0,2,9
23,25,0,30,29
24,6,21,31,5
25,10,9,14,30
26,31,4,30,1
27,8,6,29,6
28,13,4,22,4
29,7,10,18,26
30,5,30,28,6
31,20,19,10,6
32,15,20,20,28
33,13,16,24,4
34,21,2,0,28
35,20,12,29,27
36,9,22,8,3
37,10,6,29,22
38,21,3,17,15
39,12,20,7,31
40,2,0,7,24
41,13,6,7,10
42,19,23,31,26
43,8,10,5,13
44,9,4,18,1
45,11,0,14,18
