0
Grid:
32,32
................................
................................
................................
................................
................................
................................
................................
................................
................................
................................
................................
................................
................................
................................
................................
................................
................................
................................
................................
................................
................................
................................
................................
................................
................................
................................
................................
................................
................................
................................
................................
................................
Agents:
78
0,23,26,8,26
1,4,17,14,27
2,26,24,24,13
3,17,2,27,31
4,19,23,0,21
5,19,11,30,0
6,11,12,29,16
7,7,14,31,6
8,27,22,16,24
9,25,6,22,25
10,4,5,4,1
11,23,0,20,9
12,8,22,14,9
13,10,19,28,6
14,12,17,30,30
15,18,4,22,9
16,24,4,6,17
17,20,15,2,24
18,28,31,15,10
19,22,4,17,6
20,26,20,19,10
21,30,29,19,28
22,6,14,22,17
23,14,13,27,25
24,29,31,30,14
25,19,19,10,1
26,31,27,24,4
27,30,18,31,11
28,3,3,28,7
29,8,3,0,29
30,14,29,28,23
31,21,1,17,13
32,5,15,7,13
33,19,7,5,19
34,24,24,4,28
35,17,27,31,13
36,0,21,31,9
37,11,15,19,23
38,7,26,3,25
39,26,26,3,6
40,8,28,22,5
41,22,13,1,17
42,30,31,30,28
43,4,28,11,27
44,5,1,26,16
45,12,24,29,21
46,22,18,21,12
47,22,29,13,19
48,31,28,4,23
49,24,22,18,17
50,26,6,19,16
51,21,4,8,31
52,13,23,20,6
53,18,10,24,9
54,16,14,1,10
55,10,9,27,28
56,8,14,8,10
57,26,17,26,29
58,6,8,28,13
59,3,6,12,29
60,10,22,19,29
61,2,22,13,8
62,4,14,3,8
63,31,14,23,16
64,16,10,11,3
65,1,3,11,30
66,31,2,16,15
67,7,17,2,20
68,31,6,13,31
69,12,26,4,10
70,12,22,12,1
71,22,3,30,13
72,16,8,16,30
73,23,4,12,27
74,22,22,12,21
75,24,18,18,3
76,12,4,21,11
77,4,30,8,2
