0
Grid:
32,32
................................
................................
................................
................................
................................
................................
................................
................................
................................
................................
................................
................................
................................
................................
................................
................................
................................
................................
................................
................................
................................
................................
................................
................................
................................
................................
................................
................................
................................
................................
................................
................................
Agents:
18
0,19,1,17,3
1,4,28,18,24
2,5,23,20,26
3,11,20,30,4
4,18,25,3,22
5,17,16,8,31
6,13,20,21,2
7,19,4,9,27
8,14,11,24,3
9,28,20,14,25
10,9,20,29,7
11,24,16,21,12
12,19,9,8,24
13,29,10,13,22
14,4,4,0,31
15,26,2,30,13
16,26,21,17,21
17,17,18,6,14
