2
Grid:
32,32
................................
................................
................................
................................
................................
................................
................................
................................
................................
................................
................................
................................
................................
................................
................................
................................
................................
................................
................................
................................
................................
................................
................................
................................
................................
................................
................................
................................
................................
................................
................................
................................
Agents:
26
0,23,20,18,28
1,29,6,16,29
2,26,15,13,12
3,8,18,12,29
4,13,2,20,1
5,25,26,31,16
6,22,14,7,17
7,14,4,22,2
8,18,13,29,25
9,22,10,18,2
10,25,4,28,17
11,11,9,5,24
12,25,9,26,16
13,31,16,1,20
14,13,9,7,26
15,2,31,23,26
16,7,8,6,13
17,3,22,3,27
18,19,24,14,14
19,3,19,25,24
20,31,15,24,19
21,21,6,2,28
22,10,22,28,29
23,22,3,19,11
24,16,10,1,25
25,21,9,22,29
