0
Grid:
32,32
................................
................................
................................
................................
................................
................................
................................
................................
................................
................................
................................
................................
................................
................................
................................
................................
................................
................................
................................
................................
................................
................................
................................
................................
................................
................................
................................
................................
................................
................................
................................
................................
Agents:
114
0,13,17,9,16
1,21,4,13,30
2,31,3,2,6
3,20,29,12,31
4,6,20,2,18
5,2,28,18,25
6,1,9,18,16
7,14,4,7,11
8,6,26,1,19
9,9,4,26,16
10,12,4,17,4
11,1,7,25,7
12,27,23,23,15
13,15,15,12,25
14,3,18,14,10
15,17,1,17,21
16,23,2,16,16
17,26,4,27,7
18,14,17,21,30
19,20,0,8,26
20,12,10,8,21
21,25,9,22,26
22,16,27,2,14
23,22,6,22,21
24,23,14,25,1
25,8,9,0,12
26,21,15,31,9
27,18,9,13,0
28,16,13,4,13
29,9,8,1,13
30,19,4,23,3
31,26,20,2,21
32,2,0,26,0
33,5,30,22,18
34,15,10,27,5
35,21,21,31,15
36,5,9,18,10
37,11,23,31,26
38,22,31,18,21
39,0,9,2,30
40,23,21,5,16
41,12,8,20,22
42,16,17,21,12
43,8,12,17,3
44,15,4,6,26
45,6,15,28,12
46,22,24,27,18
47,22,13,10,5
48,24,19,24,2
49,3,12,0,27
50,23,16,6,23
51,29,24,20,20
52,22,9,26,23
53,7,10,19,16
54,12,5,10,30
55,10,26,26,14
56,20,28,9,7
57,14,30,10,27
58,21,20,4,20
59,13,25,5,18
60,28,15,15,25
61,18,6,10,11
62,17,6,10,12
63,18,10,11,4
64,29,22,2,2
65,5,0,11,22
66,17,31,3,29
67,19,27,29,6
68,9,30,22,8
69,4,2,31,0
70,28,10,28,30
71,26,12,21,18
72,27,26,4,7
73,9,24,15,24
74,24,3,16,5
75,5,10,21,22
76,16,7,12,14
77,30,22,17,17
78,7,15,27,1
79,31,31,18,14
80,23,1,12,28
81,8,19,20,17
82,20,20,2,20
83,11,15,27,16
84,10,25,0,22
85,11,14,19,19
86,20,25,8,2
87,19,7,1,29
88,30,26,13,20
89,18,25,18,1
90,15,9,12,29
91,0,28,15,19
92,30,5,7,19
93,11,26,8,14
94,2,6,17,14
95,23,6,30,7
96,15,26,4,19
97,24,23,13,19
98,21,22,29,9
99,20,23,10,17
100,10,2,2,17
101,4,16,7,30
102,1,29,16,27
103,15,14,20,26
104,3,25,14,18
105,4,1,29,3
106,14,13,16,4
107,5,17,31,17
108,14,25,23,2
109,4,5,3,14
110,0,3,14,17
111,12,19,30,11
112,1,25,20,27
113,5,25,16,13
