4
Grid:
32,32
................................
................................
................................
................................
................................
................................
................................
................................
................................
................................
................................
................................
................................
................................
................................
................................
................................
................................
................................
................................
................................
................................
................................
................................
................................
................................
................................
................................
................................
................................
................................
................................
Agents:
106
0,5,10,22,29
1,3,7,31,16
2,4,1,22,30
3,21,7,5,26
4,29,4,3,27
5,12,6,15,18
6,7,11,15,21
7,15,4,13,29
8,30,18,22,20
9,7,28,19,15
10,19,19,21,30
11,11,22,20,27
12,4,12,29,27
13,4,5,5,12
14,26,3,23,27
15,4,30,6,3
16,14,15,25,6
17,5,30,26,30
18,16,11,2,18
19,19,27,23,9
20,15,25,20,31
21,19,10,10,8
22,1,10,20,18
23,18,1,28,6
24,12,17,18,5
25,8,1,23,19
26,3,28,30,0
27,0,18,25,23
28,30,12,6,29
29,2,24,10,28
30,29,16,16,17
31,12,26,26,0
32,0,13,15,25
33,23,24,4,25
34,5,16,19,1
35,30,11,9,6
36,13,26,4,10
37,31,0,28,16
38,21,26,19,18
39,25,2,0,4
40,25,9,12,8
41,27,2,2,22
42,27,18,5,10
43,15,18,5,31
44,0,3,27,26
45,8,27,16,11
46,30,31,21,13
47,12,25,3,15
48,9,19,7,30
49,18,25,24,0
50,28,27,4,15
51,29,21,7,15
52,2,23,17,2
53,14,5,4,14
54,19,30,26,14
55,23,8,8,14
56,30,27,1,10
57,23,3,11,22
58,31,29,7,20
59,18,5,2,14
60,9,18,12,2
61,16,15,12,20
62,10,3,6,12
63,13,14,22,10
64,22,1,28,10
65,7,0,25,20
66,6,29,18,1
67,11,6,3,25
68,3,9,26,5
69,31,2,16,27
70,12,31,24,26
71,29,2,27,29
72,7,9,17,0
73,26,12,30,5
74,1,13,16,25
75,15,9,30,17
76,11,14,20,24
77,10,31,12,28
78,9,0,29,3
79,23,13,14,7
80,7,22,26,26
81,0,29,0,10
82,21,25,27,9
83,23,25,22,1
84,29,14,22,5
85,2,0,25,16
86,19,14,19,17
87,3,11,4,19
88,6,4,0,20
89,11,10,21,17
90,31,26,5,11
91,16,28,30,8
92,18,29,15,22
93,27,1,9,29
94,18,17,22,2
95,26,21,2,6
96,31,31,11,5
97,13,13,1,28
98,14,19,6,1
99,11,15,15,13
100,21,28,14,1
101,11,31,30,14
102,25,31,3,12
103,26,18,18,29
104,2,28,26,3
105,22,6,26,2
