1
Grid:
32,32
................................
................................
................................
................................
................................
................................
................................
................................
................................
................................
................................
................................
................................
................................
................................
................................
................................
................................
................................
................................
................................
................................
................................
................................
................................
................................
................................
................................
................................
................................
................................
................................
Agents:
96
0,8,27,16,30
1,23,30,29,2
2,27,28,4,17
3,22,4,31,21
4,6,11,28,0
5,17,20,26,26
6,22,21,0,5
7,23,6,19,7
8,31,21,19,24
9,13,25,25,2
10,18,0,25,17
11,2,2,7,3
12,11,22,9,12
13,26,28,6,29
14,7,27,3,15
15,17,13,3,6
16,12,5,22,10
17,6,16,31,19
18,12,13,11,19
19,10,16,6,7
20,30,31,25,18
21,29,10,22,9
22,20,30,18,22
23,29,31,17,10
24,18,25,28,21
25,31,20,25,0
26,3,8,0,10
27,24,21,28,31
28,19,4,22,28
29,1,26,3,26
30,28,10,29,23
31,26,3,17,6
32,8,17,15,15
33,15,6,9,20
34,25,18,24,12
35,10,29,8,11
36,26,18,24,29
37,2,24,29,5
38,12,6,20,0
39,1,28,2,6
40,30,7,19,11
41,9,23,23,17
42,13,23,10,15
43,1,29,1,20
44,23,23,18,27
45,25,5,12,13
46,14,4,9,16
47,2,19,26,31
48,16,18,27,26
49,27,3,28,11
50,14,22,14,6
51,5,0,28,27
52,15,2,0,22
53,25,17,18,18
54,6,0,15,24
55,9,12,31,15
56,3,5,5,30
57,27,20,4,4
58,0,2,28,18
59,21,16,11,26
60,15,18,4,24
61,14,2,30,18
62,24,5,8,19
63,15,14,28,3
64,7,25,20,7
65,11,29,14,21
66,14,7,15,19
67,2,9,11,6
68,8,11,25,13
69,30,16,5,28
70,14,12,13,11
71,1,9,27,29
72,8,13,2,14
73,18,13,2,2
74,28,11,19,29
75,20,27,3,18
76,7,3,19,9
77,7,9,27,20
78,20,3,20,29
79,1,23,22,26
80,24,15,18,2
81,1,6,10,5
82,22,19,3,19
83,18,23,1,9
84,26,10,14,20
85,18,31,2,12
86,27,23,19,31
87,19,11,29,26
88,3,4,31,23
89,13,1,28,20
90,28,26,12,2
91,9,18,8,7
92,31,30,21,10
93,1,30,30,14
94,23,26,6,14
95,14,31,27,23
