4
Grid:
32,32
................................
................................
................................
................................
................................
................................
................................
................................
................................
................................
................................
................................
................................
................................
................................
................................
................................
................................
................................
................................
................................
................................
................................
................................
................................
................................
................................
................................
................................
................................
................................
................................
Agents:
156
0,29,5,13,28
1,5,12,6,5
2,3,9,8,29
3,12,4,27,7
4,15,10,14,25
5,21,8,13,4
6,18,26,22,7
7,27,9,10,13
8,31,7,2,20
9,25,9,3,16
10,24,20,3,12
11,19,13,13,20
12,1,19,14,17
13,17,27,9,28
14,15,27,3,20
15,10,3,4,30
16,16,0,19,3
17,17,8,3,0
18,2,25,20,15
19,21,18,4,8
20,19,19,21,4
21,9,23,18,23
22,21,17,6,3
23,0,3,12,1
24,10,8,17,22
25,12,20,28,23
26,24,24,5,21
27,13,8,0,13
28,17,24,9,25
29,10,15,1,28
30,24,17,29,19
31,20,19,24,15
32,31,17,1,14
33,24,18,8,14
34,9,18,8,30
35,7,5,15,1
36,17,7,11,3
37,21,4,20,3
38,11,28,1,9
39,23,16,26,23
40,19,14,13,16
41,14,22,25,14
42,10,23,28,27
43,19,9,17,24
44,22,9,3,22
45,15,5,19,29
46,25,2,28,26
47,30,21,13,0
48,23,4,23,29
49,24,13,27,2
50,26,23,22,10
51,1,6,10,30
52,2,17,20,19
53,2,8,21,29
54,29,21,28,3
55,1,25,26,22
56,28,10,28,1
57,0,13,29,4
58,4,9,31,23
59,6,0,11,20
60,31,31,4,9
61,28,29,23,10
62,22,12,10,21
63,13,19,14,27
64,6,21,3,10
65,4,19,13,26
66,23,5,29,13
67,19,25,31,18
68,5,7,2,16
69,20,25,0,19
70,20,10,25,31
71,12,0,4,31
72,8,21,20,26
73,8,15,19,25
74,17,14,25,10
75,29,23,13,9
76,14,26,2,26
77,27,3,12,22
78,16,21,17,29
79,3,15,22,9
80,2,7,16,28
81,16,13,12,21
82,1,23,8,7
83,22,6,22,6
84,7,28,25,8
85,20,13,0,20
86,19,27,21,0
87,21,0,3,17
88,3,30,28,15
89,17,20,3,30
90,4,22,8,20
91,22,0,9,23
92,22,25,10,16
93,30,1,31,26
94,23,30,3,9
95,22,5,27,6
96,8,4,22,23
97,15,26,18,6
98,19,17,28,22
99,25,28,19,7
100,9,20,2,27
101,25,15,8,13
102,11,25,23,23
103,6,31,6,0
104,14,15,6,20
105,18,5,10,25
106,30,13,5,7
107,3,26,30,1
108,23,1,20,8
109,0,28,11,13
110,5,21,14,10
111,23,6,11,29
112,12,15,3,5
113,11,27,13,18
114,13,18,9,19
115,11,15,4,17
116,28,6,4,0
117,20,28,7,5
118,19,31,1,19
119,19,7,29,12
120,12,17,22,28
121,6,26,3,8
122,1,21,29,7
123,16,28,29,10
124,20,3,4,10
125,15,4,14,28
126,24,4,2,12
127,12,23,27,21
128,2,0,13,1
129,0,9,23,19
130,29,17,15,20
131,13,3,24,23
132,9,8,16,4
133,18,29,27,10
134,9,5,7,23
135,31,18,29,9
136,13,21,16,13
137,24,27,7,8
138,1,8,18,10
139,0,7,8,17
140,0,24,1,31
141,13,15,3,14
142,11,0,7,11
143,17,29,2,2
144,4,12,26,26
145,18,12,13,30
146,17,17,19,4
147,26,18,7,30
148,4,26,20,2
149,9,29,16,22
150,26,7,24,11
151,30,23,6,31
152,9,25,2,11
153,19,4,26,12
154,3,29,2,29
155,28,18,16,12
