1
Grid:
32,32
................................
................................
................................
................................
................................
................................
................................
................................
................................
................................
................................
................................
................................
................................
................................
................................
................................
................................
................................
................................
................................
................................
................................
................................
................................
................................
................................
................................
................................
................................
................................
................................
Agents:
88
0,14,4,16,1
1,31,18,27,9
2,3,25,28,7
3,6,6,20,19
4,14,31,17,4
5,14,18,23,26
6,8,26,17,23
7,2,13,18,3
8,26,6,2,27
9,30,2,12,12
10,12,2,6,22
11,17,20,28,31
12,20,27,15,25
13,30,16,28,20
14,5,28,11,2
15,7,13,26,13
16,15,28,8,13
17,16,29,26,23
18,3,31,26,0
19,10,9,27,25
20,15,26,25,3
21,30,13,18,5
22,31,5,12,18
23,26,7,29,16
24,6,18,7,0
25,17,25,14,16
26,13,6,0,2
27,24,11,21,3
28,19,11,3,14
29,30,8,1,28
30,27,22,26,28
31,1,18,26,26
32,23,0,12,20
33,3,12,27,7
34,9,4,11,30
35,10,27,31,22
36,28,20,20,17
37,19,17,16,4
38,4,3,22,24
39,21,14,9,25
40,0,22,24,26
41,10,18,9,7
42,10,14,18,1
43,31,8,28,16
44,4,4,7,13
45,10,23,27,27
46,1,1,7,6
47,14,25,19,1
48,21,30,29,12
49,2,14,30,20
50,30,1,23,17
51,7,22,2,4
52,28,25,18,30
53,19,6,6,1
54,7,15,6,27
55,22,15,30,18
56,8,5,6,9
57,11,14,30,24
58,8,9,3,1
59,1,26,16,23
60,8,4,19,7
61,26,19,27,24
62,25,26,4,1
63,6,25,21,5
64,25,24,25,1
65,14,23,31,0
66,11,17,25,4
67,23,9,31,26
68,10,19,22,22
69,17,6,30,13
70,20,29,26,24
71,29,26,7,12
72,1,17,16,8
73,25,8,30,22
74,13,10,18,22
75,3,11,7,29
76,28,7,22,8
77,6,20,9,2
78,28,2,15,3
79,18,26,15,20
80,13,14,29,10
81,0,31,11,10
82,4,22,30,4
83,13,2,14,14
84,3,20,4,16
85,24,26,12,30
86,5,10,1,10
87,6,31,23,20
