3
Grid:
32,32
................................
................................
................................
................................
................................
................................
................................
................................
................................
................................
................................
................................
................................
................................
................................
................................
................................
................................
................................
................................
................................
................................
................................
................................
................................
................................
................................
................................
................................
................................
................................
................................
Agents:
78
0,5,26,18,15
1,15,31,10,4
2,28,3,7,5
3,21,23,9,27
4,26,11,4,14
5,13,18,18,9
6,27,20,27,17
7,25,13,8,2
8,3,8,5,20
9,6,22,25,4
10,18,11,6,24
11,3,14,29,20
12,4,12,30,20
13,23,20,9,19
14,19,3,10,24
15,26,6,31,30
16,1,3,4,4
17,29,14,27,9
18,4,18,31,12
19,18,30,2,1
20,26,14,9,15
21,8,3,24,26
22,24,12,30,10
23,7,10,14,1
24,4,15,15,28
25,8,1,12,4
26,4,25,13,1
27,22,0,17,25
28,26,16,22,6
29,12,1,11,12
30,3,23,25,14
31,17,7,29,19
32,17,24,25,8
33,22,10,11,17
34,9,17,13,7
35,22,7,19,13
36,6,9,10,21
37,5,0,24,6
38,20,10,1,24
39,12,9,4,13
40,30,11,21,1
41,29,31,29,13
42,30,3,22,15
43,24,3,20,26
44,23,2,4,18
45,18,25,10,6
46,10,13,29,28
47,8,0,25,11
48,18,31,19,11
49,21,29,31,7
50,1,19,22,26
51,24,0,19,15
52,19,12,22,23
53,27,26,17,26
54,28,1,12,3
55,20,26,27,11
56,24,5,23,3
57,10,17,26,26
58,25,19,3,5
59,18,5,10,19
60,26,19,4,20
61,21,3,18,30
62,25,24,27,0
63,1,5,6,12
64,14,20,6,1
65,20,15,16,21
66,7,11,25,24
67,18,28,0,10
68,26,30,30,17
69,15,11,11,23
70,8,29,20,11
71,6,16,11,11
72,21,2,5,11
73,22,1,27,25
74,5,2,31,16
75,10,27,3,0
76,25,5,17,15
77,10,2,6,23
