3
Grid:
32,32
................................
................................
................................
................................
................................
................................
................................
................................
................................
................................
................................
................................
................................
................................
................................
................................
................................
................................
................................
................................
................................
................................
................................
................................
................................
................................
................................
................................
................................
................................
................................
................................
Agents:
54
0,25,4,1,8
1,28,9,1,11
2,4,24,25,7
3,30,19,5,6
4,13,26,26,15
5,21,29,2,6
6,13,1,8,24
7,0,24,30,1
8,20,7,3,24
9,11,18,6,28
10,25,19,23,12
11,20,20,18,20
12,31,31,26,30
13,26,0,3,30
14,17,23,17,30
15,28,25,12,6
16,24,31,12,16
17,21,18,21,15
18,7,14,1,25
19,1,15,27,14
20,9,15,27,10
21,14,28,5,27
22,2,0,17,22
23,11,21,12,29
24,15,16,28,14
25,25,16,14,29
26,30,28,31,20
27,3,5,26,26
28,16,8,15,20
29,9,4,29,9
30,29,29,5,21
31,1,21,5,25
32,29,27,20,30
33,5,13,25,4
34,12,13,6,20
35,16,5,28,17
36,6,28,7,2
37,8,10,6,22
38,5,23,7,31
39,17,31,27,21
40,20,5,0,16
41,17,0,24,12
42,29,12,7,3
43,27,27,11,28
44,28,15,21,28
45,2,30,13,22
46,4,28,17,10
47,17,12,18,30
48,14,24,23,15
49,31,6,13,27
50,27,29,25,6
51,9,2,0,10
52,31,19,14,27
53,19,25,7,17
