2
Grid:
32,32
................................
................................
................................
................................
................................
................................
................................
................................
................................
................................
................................
................................
................................
................................
................................
................................
................................
................................
................................
................................
................................
................................
................................
................................
................................
................................
................................
................................
................................
................................
................................
................................
Agents:
172
0,21,0,13,23
1,1,10,13,4
2,26,2,9,26
3,30,13,30,2
4,31,0,19,16
5,12,15,14,15
6,2,11,28,20
7,5,18,5,8
8,4,17,8,8
9,0,9,4,1
10,23,17,7,12
11,12,3,9,13
12,7,11,15,18
13,6,14,17,14
14,12,30,31,5
15,9,22,30,1
16,5,23,2,23
17,16,7,29,26
18,28,18,3,18
19,8,26,21,12
20,29,3,1,25
21,9,14,19,10
22,11,6,21,11
23,29,13,23,30
24,20,11,9,18
25,8,7,14,5
26,17,16,6,15
27,15,3,30,27
28,19,30,5,14
29,2,14,20,13
30,27,16,26,15
31,1,0,7,5
32,23,22,4,29
33,10,11,3,7
34,26,29,17,29
35,22,17,13,22
36,8,5,25,27
37,11,19,22,25
38,7,30,1,31
39,24,1,13,26
40,14,25,14,11
41,25,0,22,9
42,22,1,10,4
43,4,21,17,1
44,7,13,11,27
45,20,29,10,20
46,15,26,8,15
47,1,9,26,31
48,23,21,25,2
49,28,17,4,24
50,19,22,15,23
51,20,22,30,19
52,31,11,15,30
53,5,27,9,2
54,27,21,18,31
55,6,1,29,24
56,31,2,10,17
57,10,21,15,13
58,17,20,12,2
59,3,12,11,15
60,9,25,24,22
61,1,14,21,29
62,6,30,21,25
63,18,30,16,30
64,7,3,13,3
65,4,29,30,21
66,5,2,17,21
67,12,31,18,18
68,2,24,12,26
69,15,12,26,16
70,17,30,21,20
71,23,14,21,14
72,26,28,12,5
73,22,0,7,21
74,30,1,22,31
75,3,7,16,20
76,13,6,9,11
77,13,27,28,31
78,20,16,21,2
79,4,6,24,24
80,8,29,11,18
81,13,2,22,21
82,29,2,24,6
83,29,20,8,0
84,21,11,27,2
85,18,24,15,25
86,27,10,16,15
87,1,19,6,27
88,19,10,25,8
89,7,18,24,14
90,31,5,6,31
91,31,28,15,5
92,16,31,6,10
93,21,16,12,9
94,10,17,6,17
95,19,9,12,7
96,3,20,16,31
97,17,24,23,12
98,10,19,26,25
99,15,11,25,30
100,2,21,0,2
101,11,2,31,26
102,26,1,31,7
103,28,26,25,4
104,31,21,10,15
105,29,8,7,11
106,3,0,27,15
107,18,29,3,13
108,30,4,28,8
109,0,0,22,28
110,4,27,17,15
111,20,7,5,0
112,25,13,4,13
113,2,27,12,23
114,11,4,11,1
115,7,12,0,21
116,22,20,11,7
117,26,26,14,16
118,19,18,20,25
119,22,9,10,26
120,20,25,31,28
121,9,13,11,3
122,18,14,3,3
123,6,6,13,25
124,1,4,27,12
125,9,12,24,21
126,14,26,0,0
127,14,17,0,4
128,17,14,1,4
129,14,23,2,30
130,11,11,0,27
131,17,7,28,12
132,27,17,27,19
133,21,10,4,14
134,0,1,19,7
135,25,8,28,30
136,14,19,28,15
137,25,15,28,9
138,9,9,1,11
139,10,15,29,13
140,31,4,20,9
141,23,2,21,7
142,11,14,20,12
143,22,24,17,17
144,24,27,3,27
145,2,26,25,20
146,16,13,2,31
147,12,4,22,17
148,26,12,12,8
149,24,9,30,15
150,0,17,18,23
151,30,26,23,5
152,13,24,21,16
153,0,2,30,29
154,24,25,2,9
155,19,7,10,0
156,9,29,9,6
157,5,19,28,25
158,30,31,21,9
159,24,29,19,9
160,7,5,31,31
161,21,18,28,4
162,12,14,23,29
163,1,25,7,23
164,16,28,10,7
165,22,19,21,31
166,14,10,3,21
167,26,18,18,15
168,18,6,5,6
169,31,23,6,25
170,6,5,5,31
171,17,18,1,6
