2
Grid:
32,32
................................
................................
................................
................................
................................
................................
................................
................................
................................
................................
................................
................................
................................
................................
................................
................................
................................
................................
................................
................................
................................
................................
................................
................................
................................
................................
................................
................................
................................
................................
................................
................................
Agents:
122
0,1,28,31,6
1,4,20,1,29
2,1,30,26,19
3,10,16,2,6
4,7,1,6,30
5,24,21,29,7
6,24,17,22,31
7,20,2,10,16
8,31,17,27,7
9,11,21,13,19
10,12,5,20,26
11,31,25,18,14
12,5,17,24,12
13,17,5,25,20
14,22,1,12,20
15,9,6,19,10
16,16,4,29,19
17,9,15,25,14
18,2,31,4,2
19,4,26,28,5
20,31,23,29,26
21,26,13,10,0
22,28,7,1,15
23,4,15,18,31
24,25,6,13,25
25,2,8,11,10
26,14,14,14,15
27,27,27,18,11
28,29,11,23,8
29,15,15,20,30
30,13,4,10,10
31,26,6,24,18
32,23,18,31,27
33,5,20,18,23
34,8,5,19,8
35,31,0,24,8
36,12,17,23,4
37,22,20,10,14
38,11,18,7,20
39,29,29,5,16
40,13,2,29,25
41,11,15,11,17
42,31,1,1,23
43,23,2,21,25
44,8,13,26,11
45,18,23,4,31
46,15,20,5,14
47,13,26,26,25
48,29,19,10,24
49,21,10,14,4
50,2,16,27,1
51,6,20,22,4
52,6,1,21,24
53,27,29,28,23
54,24,6,21,8
55,15,11,2,18
56,13,18,29,11
57,2,11,10,2
58,25,11,5,29
59,7,21,19,25
60,27,2,13,29
61,11,26,7,13
62,18,8,9,5
63,17,24,3,6
64,3,28,14,19
65,23,23,11,25
66,28,18,15,29
67,26,29,14,12
68,27,23,3,15
69,8,29,15,1
70,5,25,23,7
71,10,2,8,17
72,29,7,19,21
73,9,28,17,12
74,18,2,8,16
75,1,17,28,13
76,12,0,6,4
77,14,31,7,17
78,4,11,23,9
79,16,3,27,23
80,25,28,23,19
81,14,24,29,23
82,14,26,8,1
83,24,5,11,26
84,15,1,14,7
85,2,9,17,13
86,16,1,11,9
87,24,9,6,31
88,28,11,29,16
89,31,20,19,14
90,27,6,7,9
91,11,28,10,22
92,3,26,15,3
93,24,15,26,17
94,31,14,25,12
95,19,5,17,27
96,24,14,10,1
97,4,13,26,27
98,18,31,9,4
99,14,2,20,28
100,16,13,3,14
101,7,27,11,3
102,14,22,29,0
103,31,27,19,5
104,29,24,30,4
105,0,8,31,21
106,12,18,18,15
107,22,29,1,16
108,12,24,16,17
109,28,13,8,28
110,1,10,15,17
111,21,23,27,19
112,18,16,21,30
113,16,24,1,17
114,15,27,10,15
115,23,9,16,16
116,12,22,28,28
117,19,29,25,28
118,0,31,21,31
119,11,17,26,15
120,5,7,22,0
121,13,11,22,6
