2
Grid:
32,32
................................
................................
................................
................................
................................
................................
................................
................................
................................
................................
................................
................................
................................
................................
................................
................................
................................
................................
................................
................................
................................
................................
................................
................................
................................
................................
................................
................................
................................
................................
................................
................................
Agents:
138
0,14,4,24,29
1,17,20,4,9
2,28,21,1,22
3,6,0,27,25
4,31,18,9,16
5,28,8,9,27
6,3,1,12,17
7,21,24,21,4
8,24,3,2,6
9,7,28,22,12
10,12,11,3,18
11,11,11,13,22
12,22,23,25,1
13,9,12,13,6
14,15,14,5,16
15,22,19,27,4
16,1,16,29,7
17,6,8,26,23
18,7,26,18,11
19,29,10,16,23
20,18,13,10,22
21,25,21,10,4
22,3,12,28,17
23,20,17,4,14
24,3,25,18,15
25,25,6,13,10
26,26,2,25,5
27,24,5,3,25
28,29,4,22,18
29,12,25,18,25
30,16,16,28,30
31,28,9,26,20
32,6,19,27,10
33,27,21,1,13
34,18,16,23,2
35,28,12,19,14
36,31,2,16,30
37,24,30,23,27
38,18,1,0,24
39,20,28,20,29
40,24,29,0,21
41,11,29,18,27
42,26,27,9,12
43,22,3,12,30
44,8,1,6,18
45,11,3,16,4
46,14,3,31,13
47,25,1,2,31
48,17,16,4,13
49,14,16,30,1
50,17,31,10,3
51,31,19,5,22
52,6,23,22,23
53,9,25,27,2
54,19,27,24,1
55,15,15,17,26
56,1,18,11,16
57,5,31,25,29
58,14,11,8,3
59,28,23,1,18
60,12,17,17,19
61,4,25,22,25
62,29,28,30,15
63,8,23,20,30
64,13,1,30,6
65,19,3,11,27
66,11,24,11,23
67,30,24,14,6
68,0,14,17,9
69,20,30,4,20
70,25,15,11,25
71,13,15,17,8
72,19,31,20,22
73,2,6,24,23
74,28,18,19,2
75,1,2,4,4
76,19,25,11,13
77,19,14,21,10
78,14,2,9,20
79,14,10,24,4
80,14,18,28,26
81,8,11,26,31
82,3,8,14,7
83,20,13,26,10
84,30,0,29,16
85,22,30,22,29
86,29,29,10,17
87,3,21,23,22
88,6,30,26,26
89,25,2,26,13
90,0,16,25,14
91,16,17,9,21
92,5,16,28,8
93,9,29,17,13
94,31,10,6,27
95,15,7,14,22
96,2,28,13,20
97,6,7,7,10
98,27,26,8,20
99,18,14,7,1
100,19,1,2,15
101,12,21,23,30
102,10,25,21,23
103,28,16,7,4
104,16,12,20,16
105,23,16,8,13
106,17,24,14,21
107,27,18,20,3
108,2,3,0,30
109,3,0,28,5
110,0,12,0,22
111,14,22,6,30
112,26,6,9,7
113,14,30,21,1
114,2,31,0,3
115,7,30,8,5
116,3,26,7,18
117,21,16,21,7
118,1,14,30,30
119,25,3,20,26
120,15,17,14,26
121,11,14,27,27
122,11,9,30,23
123,23,14,12,14
124,10,19,8,11
125,0,0,26,12
126,7,5,8,8
127,27,3,27,26
128,10,29,12,28
129,14,17,9,19
130,28,11,28,27
131,9,18,4,1
132,20,1,24,16
133,29,19,27,16
134,18,10,10,24
135,27,31,0,29
136,19,24,29,24
137,7,1,31,8
