0
Grid:
32,32
................................
................................
................................
................................
................................
................................
................................
................................
................................
................................
................................
................................
................................
................................
................................
................................
................................
................................
................................
................................
................................
................................
................................
................................
................................
................................
................................
................................
................................
................................
................................
................................
Agents:
64
0,0,7,23,31
1,31,21,2,7
2,2,21,5,29
3,17,17,30,5
4,27,11,14,25
5,28,30,21,22
6,7,16,0,18
7,20,30,8,10
8,25,7,13,5
9,31,26,25,20
10,22,29,15,13
11,3,19,31,6
12,31,25,18,1
13,7,9,10,24
14,30,23,5,12
15,22,14,15,27
16,5,0,17,25
17,8,17,3,22
18,3,21,12,30
19,27,29,20,22
20,11,31,17,16
21,27,20,11,12
22,12,16,18,5
23,12,3,4,5
24,22,2,17,11
25,0,13,12,28
26,20,6,16,17
27,16,1,13,17
28,17,14,12,15
29,21,23,5,30
30,10,8,11,9
31,18,4,1,12
32,20,13,14,3
33,24,7,4,0
34,7,2,29,24
35,27,3,0,29
36,11,1,6,31
37,14,23,2,29
38,1,15,13,26
39,7,15,1,27
40,12,4,17,21
41,18,28,3,15
42,22,8,19,13
43,26,31,13,9
44,15,7,18,4
45,31,20,31,15
46,0,4,6,8
47,18,3,5,26
48,12,23,13,18
49,31,30,8,3
50,23,5,26,24
51,27,19,2,4
52,7,29,26,15
53,2,18,4,20
54,23,25,10,26
55,31,2,6,13
56,7,5,10,9
57,10,6,26,21
58,21,22,30,7
59,14,11,5,21
60,18,25,11,18
61,24,0,30,23
62,2,6,13,25
63,3,7,21,18
