3
Grid:
32,32
................................
................................
................................
................................
................................
................................
................................
................................
................................
................................
................................
................................
................................
................................
................................
................................
................................
................................
................................
................................
................................
................................
................................
................................
................................
................................
................................
................................
................................
................................
................................
................................
Agents:
118
0,28,21,26,1
1,16,2,30,16
2,9,9,23,29
3,25,15,6,27
4,6,6,9,22
5,10,17,10,4
6,1,2,22,16
7,20,13,30,13
8,0,29,7,15
9,5,24,9,16
10,29,21,8,1
11,31,20,26,18
12,12,21,16,7
13,8,25,27,1
14,19,16,27,21
15,14,12,2,0
16,14,19,11,29
17,20,23,11,3
18,23,10,24,29
19,12,22,21,12
20,25,21,6,2
21,2,16,4,20
22,23,7,14,22
23,26,9,0,3
24,27,5,13,26
25,11,14,3,10
26,4,28,24,24
27,2,7,5,29
28,22,28,28,28
29,21,20,15,15
30,1,31,21,27
31,24,30,1,17
32,3,13,20,14
33,13,28,4,19
34,22,22,26,13
35,17,15,20,21
36,31,7,14,3
37,18,14,9,8
38,29,5,26,6
39,26,30,9,25
40,30,13,19,21
41,5,31,1,14
42,8,17,20,0
43,17,13,0,1
44,1,26,12,30
45,20,25,23,20
46,25,12,2,12
47,24,24,16,14
48,4,13,3,15
49,28,30,2,16
50,14,20,25,25
51,29,20,4,16
52,29,26,0,7
53,20,8,12,21
54,31,15,11,21
55,26,3,18,29
56,1,14,26,17
57,16,25,4,4
58,22,17,7,8
59,28,31,5,27
60,27,28,21,29
61,1,25,24,0
62,26,5,16,21
63,13,6,17,7
64,22,4,31,27
65,1,12,14,26
66,2,31,23,15
67,30,16,28,1
68,1,19,18,13
69,20,22,11,16
70,25,25,17,10
71,29,17,26,28
72,24,11,10,8
73,1,18,28,8
74,16,28,14,28
75,3,18,3,13
76,19,4,4,14
77,25,23,23,6
78,13,14,10,13
79,17,26,13,17
80,14,13,19,10
81,0,1,8,13
82,15,31,18,18
83,23,3,13,31
84,28,5,29,7
85,6,2,25,30
86,1,28,16,19
87,27,9,17,30
88,12,2,20,8
89,9,23,27,29
90,3,14,27,4
91,27,12,7,23
92,29,28,30,7
93,25,28,27,30
94,9,10,7,16
95,7,0,24,27
96,22,16,1,21
97,16,22,21,11
98,7,30,31,22
99,21,10,29,24
100,21,1,25,11
101,17,22,28,24
102,8,16,15,2
103,11,10,1,4
104,4,26,14,19
105,23,31,12,28
106,17,27,29,21
107,6,3,15,4
108,9,0,11,25
109,28,28,5,21
110,27,0,11,15
111,5,11,13,27
112,24,22,9,26
113,6,13,2,5
114,16,4,11,10
115,24,17,30,19
116,16,26,27,15
117,26,7,22,10
