1
Grid:
32,32
................................
................................
................................
................................
................................
................................
................................
................................
................................
................................
................................
................................
................................
................................
................................
................................
................................
................................
................................
................................
................................
................................
................................
................................
................................
................................
................................
................................
................................
................................
................................
................................
Agents:
174
0,26,11,28,19
1,14,21,16,8
2,21,9,26,4
3,1,19,21,21
4,15,19,6,28
5,15,22,3,17
6,0,23,15,6
7,24,4,15,21
8,10,12,11,19
9,12,24,22,3
10,29,24,5,11
11,4,20,13,24
12,0,24,10,13
13,22,0,16,6
14,16,18,6,9
15,22,25,20,22
16,13,7,21,10
17,16,24,14,14
18,19,24,12,7
19,3,16,15,16
20,29,3,31,6
21,9,30,7,11
22,0,3,17,5
23,26,23,29,16
24,22,23,5,23
25,13,22,16,29
26,24,16,22,22
27,1,1,4,17
28,7,26,0,17
29,21,28,27,17
30,18,0,23,23
31,3,28,27,13
32,29,22,4,3
33,9,24,22,30
34,6,31,27,23
35,17,18,11,14
36,9,28,26,1
37,26,26,22,27
38,15,5,10,25
39,19,28,22,2
40,30,31,30,27
41,10,24,31,0
42,5,31,14,8
43,0,28,12,19
44,6,14,6,19
45,17,24,17,31
46,3,6,12,10
47,30,29,30,15
48,0,12,3,31
49,1,10,25,6
50,26,1,10,23
51,16,23,26,30
52,6,27,10,10
53,13,28,14,26
54,21,7,14,23
55,17,2,28,0
56,6,24,29,24
57,30,18,11,12
58,21,10,26,16
59,23,30,27,24
60,21,12,5,29
61,18,23,12,24
62,14,24,17,27
63,15,2,31,22
64,25,3,21,5
65,4,9,21,15
66,1,28,1,8
67,18,10,18,4
68,17,3,7,9
69,29,14,2,26
70,7,11,8,20
71,7,22,18,9
72,21,2,6,4
73,20,14,7,1
74,15,24,28,4
75,8,13,11,6
76,12,10,23,4
77,30,24,8,6
78,13,14,26,22
79,22,1,23,1
80,2,2,22,14
81,23,13,23,17
82,12,18,24,11
83,5,19,30,17
84,26,31,18,24
85,5,4,9,16
86,27,18,14,6
87,22,3,15,20
88,13,1,1,26
89,20,19,19,18
90,13,23,25,21
91,10,4,27,11
92,30,7,30,25
93,5,14,24,16
94,17,14,31,1
95,16,21,28,28
96,20,6,5,10
97,9,4,17,11
98,30,8,3,23
99,22,2,16,9
100,9,27,25,1
101,29,9,21,24
102,8,8,31,24
103,15,12,2,20
104,8,3,14,4
105,19,11,13,15
106,23,19,8,22
107,14,5,11,16
108,12,22,6,17
109,2,11,31,10
110,14,16,8,19
111,15,20,4,5
112,8,17,4,11
113,4,5,19,30
114,10,18,21,19
115,9,18,16,30
116,25,1,28,26
117,28,22,23,11
118,23,24,23,15
119,12,6,1,27
120,14,19,28,6
121,13,17,21,16
122,18,30,21,2
123,13,11,23,31
124,25,17,11,5
125,21,18,24,20
126,27,23,13,28
127,24,26,10,2
128,5,26,7,7
129,18,21,15,31
130,17,22,12,21
131,22,24,2,18
132,13,20,9,12
133,10,27,31,25
134,29,26,2,27
135,3,30,12,3
136,4,25,19,12
137,12,25,12,28
138,29,23,29,23
139,24,8,21,12
140,6,5,29,3
141,29,28,12,18
142,0,19,6,26
143,1,23,30,23
144,23,17,18,29
145,20,0,6,10
146,4,1,29,31
147,8,30,6,0
148,19,25,18,30
149,24,24,10,29
150,11,12,19,13
151,14,25,27,5
152,24,2,29,12
153,9,9,0,26
154,16,17,22,5
155,27,16,20,17
156,30,13,3,25
157,26,9,20,18
158,24,12,26,28
159,7,16,12,5
160,29,13,17,2
161,5,12,10,15
162,21,27,0,11
163,14,26,6,18
164,19,5,13,8
165,16,20,28,21
166,5,8,29,29
167,30,21,0,4
168,6,2,5,7
169,2,27,18,14
170,3,11,28,1
171,7,7,23,24
172,18,8,18,11
173,26,30,6,6
