3
Grid:
32,32
................................
................................
................................
................................
................................
................................
................................
................................
................................
................................
................................
................................
................................
................................
................................
................................
................................
................................
................................
................................
................................
................................
................................
................................
................................
................................
................................
................................
................................
................................
................................
................................
Agents:
166
0,19,8,16,20
1,18,4,1,1
2,3,22,8,24
3,23,21,16,13
4,17,18,12,26
5,3,1,7,11
6,9,9,30,4
7,15,0,12,10
8,5,22,9,13
9,13,25,31,4
10,7,17,14,13
11,19,24,23,4
12,3,19,25,30
13,29,25,3,1
14,14,30,17,7
15,6,22,6,12
16,23,4,10,4
17,22,20,8,21
18,1,28,21,28
19,5,8,7,14
20,29,9,20,13
21,6,14,27,30
22,9,18,20,12
23,1,8,15,21
24,11,9,8,30
25,2,6,9,26
26,7,2,23,15
27,21,25,1,23
28,0,15,15,1
29,25,30,31,21
30,7,19,16,12
31,11,13,7,3
32,9,5,11,27
33,18,27,18,8
34,30,8,10,6
35,16,5,0,24
36,27,29,3,29
37,10,5,28,1
38,15,17,21,27
39,18,20,27,17
40,17,28,16,0
41,18,29,26,18
42,20,17,5,7
43,28,19,18,7
44,31,8,7,4
45,27,22,0,26
46,14,31,24,19
47,2,19,31,9
48,2,27,0,29
49,8,28,25,21
50,21,12,4,29
51,19,2,23,5
52,24,28,23,17
53,24,15,9,7
54,9,14,7,18
55,29,5,26,31
56,13,10,20,10
57,0,14,18,10
58,25,24,8,7
59,9,31,6,29
60,12,26,30,22
61,22,28,6,30
62,8,22,8,10
63,30,4,14,8
64,9,16,24,7
65,4,23,12,7
66,6,18,23,11
67,27,15,20,29
68,30,12,29,5
69,24,9,8,29
70,17,23,23,31
71,19,19,27,11
72,2,16,9,0
73,18,22,26,9
74,16,29,19,9
75,21,30,8,13
76,14,1,19,1
77,12,22,1,27
78,5,7,5,22
79,6,8,13,8
80,1,15,19,12
81,10,2,2,29
82,18,23,24,9
83,3,12,16,24
84,23,0,15,18
85,1,13,3,25
86,10,4,15,11
87,3,15,16,14
88,17,24,14,19
89,3,7,23,27
90,19,12,28,10
91,27,6,31,28
92,4,26,17,21
93,2,8,11,4
94,2,9,30,27
95,21,3,24,23
96,9,0,25,4
97,30,27,0,30
98,19,4,0,9
99,5,21,30,31
100,28,24,6,2
101,4,9,6,16
102,29,29,17,22
103,4,13,26,16
104,3,30,15,29
105,20,20,22,10
106,20,3,28,26
107,17,26,23,1
108,10,15,22,15
109,25,16,1,13
110,11,1,29,1
111,14,0,18,28
112,6,16,21,19
113,26,8,26,27
114,20,15,2,16
115,6,5,4,16
116,10,24,15,28
117,19,26,3,12
118,28,4,20,28
119,3,25,1,0
120,13,3,12,6
121,20,0,19,13
122,14,6,16,6
123,15,3,30,11
124,8,10,11,11
125,25,22,4,10
126,28,11,0,21
127,12,3,21,12
128,26,29,21,30
129,23,20,10,17
130,19,27,29,7
131,14,15,1,28
132,7,24,25,28
133,12,5,4,2
134,11,31,6,6
135,2,7,18,18
136,12,13,13,28
137,17,0,26,14
138,1,22,26,3
139,31,9,4,28
140,22,16,17,28
141,9,30,19,22
142,11,16,14,11
143,31,31,18,3
144,13,15,27,6
145,6,17,27,15
146,24,16,25,17
147,18,31,9,23
148,12,23,24,27
149,28,15,4,17
150,30,19,13,24
151,10,28,12,28
152,22,13,1,6
153,11,23,22,7
154,28,0,9,21
155,14,29,30,14
156,5,26,27,5
157,24,12,31,18
158,14,27,26,12
159,26,18,11,7
160,19,10,31,15
161,25,15,19,17
162,11,2,31,16
163,6,12,20,18
164,21,6,26,22
165,25,18,29,18
