3
Grid:
32,32
................................
................................
................................
................................
................................
................................
................................
................................
................................
................................
................................
................................
................................
................................
................................
................................
................................
................................
................................
................................
................................
................................
................................
................................
................................
................................
................................
................................
................................
................................
................................
................................
Agents:
26
0,0,22,15,14
1,5,6,9,13
2,2,3,16,20
3,31,2,24,18
4,0,1,15,16
5,23,2,24,13
6,9,6,12,20
7,0,0,9,23
8,26,0,25,17
9,21,5,7,16
10,1,16,8,9
11,18,25,21,10
12,11,22,21,2
13,18,12,11,17
14,5,11,8,3
15,26,20,2,0
16,30,14,28,20
17,28,14,12,8
18,31,31,30,15
19,6,8,24,4
20,19,13,27,21
21,25,18,18,0
22,3,8,5,7
23,23,11,12,7
24,1,6,24,1
25,21,28,13,12
