4
Grid:
32,32
................................
................................
................................
................................
................................
................................
................................
................................
................................
................................
................................
................................
................................
................................
................................
................................
................................
................................
................................
................................
................................
................................
................................
................................
................................
................................
................................
................................
................................
................................
................................
................................
Agents:
114
0,13,17,4,15
1,11,13,29,18
2,21,0,11,20
3,15,14,12,14
4,10,6,0,28
5,6,16,7,19
6,14,24,15,30
7,16,18,22,28
8,2,9,14,2
9,20,27,19,2
10,1,9,16,22
11,27,23,21,22
12,19,24,15,16
13,12,3,30,21
14,9,11,2,7
15,5,25,13,15
16,5,31,6,31
17,17,12,13,24
18,30,24,17,6
19,19,30,29,15
20,4,8,8,28
21,9,9,13,9
22,3,22,5,16
23,15,31,2,30
24,15,29,4,16
25,26,4,30,14
26,7,21,23,8
27,30,3,18,25
28,22,19,3,14
29,26,29,9,5
30,19,11,28,30
31,1,13,31,9
32,11,14,5,12
33,7,4,22,12
34,20,10,2,31
35,21,21,21,4
36,23,24,31,21
37,0,18,9,27
38,19,28,28,24
39,8,12,14,19
40,20,12,0,10
41,16,0,17,1
42,18,15,1,6
43,22,10,6,23
44,30,22,2,12
45,10,25,27,18
46,3,9,14,4
47,8,22,11,8
48,11,1,19,12
49,24,10,6,18
50,9,16,25,27
51,14,17,1,1
52,30,5,20,25
53,2,3,15,11
54,0,29,25,0
55,21,7,27,29
56,22,24,12,16
57,15,0,12,27
58,27,27,27,9
59,12,25,0,9
60,14,9,21,14
61,11,31,21,17
62,11,29,2,21
63,21,23,8,22
64,9,28,20,10
65,16,6,17,29
66,19,9,19,25
67,2,31,30,13
68,18,0,18,2
69,16,28,2,20
70,11,18,2,28
71,10,0,15,5
72,0,3,13,12
73,2,10,3,27
74,26,7,4,23
75,27,15,7,11
76,20,31,25,3
77,28,31,23,25
78,5,15,23,15
79,6,0,18,9
80,15,11,14,28
81,26,3,5,30
82,13,14,0,0
83,19,12,29,26
84,22,15,2,23
85,14,26,6,21
86,11,16,26,30
87,14,27,8,2
88,31,10,1,24
89,30,7,3,0
90,27,11,11,28
91,29,1,30,29
92,1,1,5,18
93,18,20,17,16
94,13,3,23,13
95,26,2,24,23
96,25,15,13,20
97,12,31,16,6
98,24,6,24,18
99,19,18,19,10
100,15,22,10,10
101,20,11,18,14
102,25,0,30,0
103,4,4,30,6
104,0,26,7,13
105,16,30,30,25
106,5,4,25,25
107,2,11,3,1
108,27,30,6,3
109,31,19,6,6
110,1,27,6,25
111,3,14,9,17
112,3,24,25,6
113,22,12,28,20
