4
Grid:
32,32
................................
................................
................................
................................
................................
................................
................................
................................
................................
................................
................................
................................
................................
................................
................................
................................
................................
................................
................................
................................
................................
................................
................................
................................
................................
................................
................................
................................
................................
................................
................................
................................
Agents:
78
0,24,29,21,15
1,28,1,3,14
2,26,9,27,11
3,26,23,30,16
4,2,1,9,14
5,21,28,0,31
6,28,29,31,2
7,2,24,16,16
8,0,11,23,4
9,23,29,21,14
10,30,27,12,1
11,20,14,17,7
12,17,18,15,19
13,29,31,2,22
14,19,21,11,29
15,24,4,15,8
16,4,5,15,21
17,14,28,8,8
18,12,14,1,15
19,24,16,24,9
20,11,7,28,4
21,28,25,27,15
22,8,22,10,3
23,10,3,23,9
24,19,26,3,28
25,11,18,3,1
26,28,0,22,23
27,25,29,4,13
28,8,13,13,23
29,16,8,25,14
30,12,26,4,1
31,4,13,22,21
32,9,16,3,7
33,23,23,5,19
34,15,6,1,9
35,12,18,28,13
36,19,6,31,28
37,17,23,17,8
38,31,26,10,19
39,6,26,7,23
40,8,25,3,4
41,12,24,19,25
42,9,5,27,12
43,7,4,19,30
44,11,16,24,1
45,19,30,12,4
46,29,16,0,7
47,4,16,14,8
48,2,15,10,28
49,16,23,29,20
50,31,19,19,15
51,20,13,27,22
52,14,25,12,20
53,31,21,28,30
54,14,2,8,19
55,29,13,29,9
56,7,22,17,4
57,0,18,3,12
58,14,11,12,25
59,4,3,7,4
60,8,19,22,20
61,11,30,30,21
62,18,13,21,29
63,20,2,0,19
64,2,0,24,27
65,20,16,5,5
66,10,15,18,11
67,27,20,14,6
68,5,30,8,1
69,6,18,21,13
70,21,9,0,17
71,18,6,18,18
72,23,7,24,24
73,15,17,8,0
74,2,22,15,24
75,10,12,25,29
76,14,12,20,17
77,7,21,14,20
