3
Grid:
32,32
................................
................................
................................
................................
................................
................................
................................
................................
................................
................................
................................
................................
................................
................................
................................
................................
................................
................................
................................
................................
................................
................................
................................
................................
................................
................................
................................
................................
................................
................................
................................
................................
Agents:
80
0,11,4,23,14
1,23,27,29,18
2,26,1,17,1
3,29,0,30,14
4,16,24,13,13
5,12,23,20,30
6,1,23,10,24
7,15,1,23,15
8,12,8,30,0
9,21,2,9,1
10,10,16,24,15
11,29,3,28,11
12,13,19,22,19
13,25,31,1,23
14,7,17,25,26
15,0,19,30,20
16,20,4,10,14
17,12,27,1,14
18,23,31,9,4
19,6,4,11,20
20,0,3,9,8
21,19,11,2,26
22,27,20,21,1
23,30,27,29,5
24,17,4,1,6
25,21,18,0,12
26,13,26,4,10
27,7,19,21,23
28,14,7,7,19
29,8,29,28,14
30,24,31,26,25
31,0,17,26,20
32,23,13,12,1
33,2,11,3,11
34,21,16,18,13
35,16,22,25,0
36,28,6,1,29
37,16,25,15,25
38,15,2,18,14
39,23,5,3,20
40,1,12,31,21
41,31,18,21,4
42,6,13,29,26
43,5,26,17,12
44,29,24,26,30
45,13,16,26,3
46,22,8,4,31
47,12,0,3,28
48,2,2,19,2
49,19,13,5,18
50,17,19,17,4
51,5,0,23,31
52,20,30,7,27
53,22,7,29,3
54,9,13,25,31
55,3,11,14,25
56,15,3,19,6
57,28,12,18,8
58,31,13,13,15
59,11,10,1,20
60,8,8,17,24
61,13,29,16,8
62,3,0,19,26
63,25,16,5,15
64,22,13,11,30
65,14,9,2,24
66,19,14,15,9
67,6,30,7,26
68,30,7,9,21
69,23,29,25,12
70,16,16,6,16
71,20,1,24,11
72,0,18,19,19
73,11,0,10,19
74,0,21,31,10
75,23,9,15,19
76,5,9,27,5
77,5,8,2,30
78,28,19,14,8
79,30,2,11,6
