1
Grid:
32,32
................................
................................
................................
................................
................................
................................
................................
................................
................................
................................
................................
................................
................................
................................
................................
................................
................................
................................
................................
................................
................................
................................
................................
................................
................................
................................
................................
................................
................................
................................
................................
................................
Agents:
98
0,7,28,26,7
1,2,31,29,22
2,9,22,17,24
3,15,31,2,29
4,1,9,1,22
5,27,29,20,22
6,14,27,6,7
7,24,9,29,10
8,12,10,20,3
9,18,26,29,14
10,22,4,28,31
11,15,16,21,1
12,2,28,3,22
13,29,18,26,14
14,16,7,3,6
15,11,15,10,6
16,25,8,15,21
17,3,18,26,2
18,12,11,10,13
19,28,15,21,28
20,10,27,9,29
21,28,1,19,27
22,2,5,25,24
23,3,20,26,6
24,25,17,13,13
25,13,18,3,5
26,18,12,25,4
27,6,29,26,3
28,15,24,24,10
29,19,18,2,7
30,1,15,11,28
31,25,19,10,7
32,18,31,27,21
33,2,15,11,15
34,5,26,8,19
35,29,7,10,0
36,29,30,9,10
37,16,26,13,5
38,7,13,0,7
39,14,29,4,7
40,25,9,30,9
41,24,30,9,2
42,26,24,28,6
43,28,13,21,0
44,2,20,14,16
45,23,9,19,9
46,2,9,4,11
47,15,2,24,12
48,3,19,28,18
49,14,31,14,10
50,20,6,21,21
51,21,20,6,30
52,27,11,25,10
53,22,1,23,17
54,25,24,25,23
55,23,26,5,27
56,24,26,24,5
57,12,31,24,2
58,15,20,6,25
59,16,21,9,21
60,30,11,1,7
61,25,5,4,23
62,10,20,18,11
63,3,8,30,27
64,17,23,20,24
65,15,0,30,2
66,10,1,22,21
67,4,8,14,12
68,17,21,11,10
69,31,14,17,5
70,7,14,27,4
71,7,11,15,3
72,3,6,24,0
73,18,24,7,12
74,3,30,3,13
75,28,20,9,15
76,15,4,10,27
77,3,21,13,17
78,15,23,0,8
79,30,14,6,16
80,3,27,19,19
81,16,16,4,30
82,12,9,27,28
83,30,12,26,28
84,16,31,18,21
85,29,1,2,25
86,4,10,17,11
87,4,23,23,2
88,29,12,6,24
89,4,28,1,27
90,23,5,17,23
91,24,13,28,5
92,29,4,6,18
93,10,17,27,24
94,30,16,24,30
95,12,8,31,17
96,29,8,23,29
97,21,2,23,23
