3
Grid:
32,32
................................
................................
................................
................................
................................
................................
................................
................................
................................
................................
................................
................................
................................
................................
................................
................................
................................
................................
................................
................................
................................
................................
................................
................................
................................
................................
................................
................................
................................
................................
................................
................................
Agents:
96
0,1,0,27,28
1,3,3,25,31
2,4,21,19,1
3,10,14,16,0
4,29,31,23,13
5,23,25,26,12
6,5,11,22,23
7,6,7,26,2
8,25,11,4,19
9,30,0,30,7
10,17,23,12,22
11,19,24,26,27
12,14,13,31,31
13,26,17,28,22
14,25,14,11,17
15,9,12,28,6
16,24,3,14,22
17,18,4,15,20
18,7,1,27,24
19,4,0,3,12
20,6,11,21,6
21,6,18,6,17
22,3,14,15,4
23,12,31,18,6
24,16,24,3,5
25,20,10,28,4
26,13,10,31,22
27,21,23,28,9
28,3,19,0,20
29,20,12,25,16
30,13,31,6,10
31,0,23,27,14
32,2,26,21,19
33,14,21,22,17
34,25,25,29,26
35,25,16,17,15
36,18,18,0,21
37,18,2,10,8
38,6,30,5,14
39,20,11,5,12
40,4,18,8,12
41,7,0,7,4
42,25,30,14,21
43,30,14,15,1
44,14,26,1,27
45,1,20,19,19
46,13,24,6,29
47,18,6,17,11
48,11,15,13,29
49,16,8,16,15
50,0,22,31,20
51,5,22,6,0
52,31,4,2,4
53,24,26,7,25
54,23,18,12,15
55,16,5,8,26
56,30,8,16,9
57,7,27,0,18
58,24,0,11,16
59,29,4,15,12
60,28,0,14,30
61,7,30,1,23
62,24,5,1,19
63,2,25,4,2
64,31,12,5,10
65,23,23,23,2
66,14,11,6,8
67,11,14,14,17
68,12,16,20,11
69,0,21,25,9
70,5,3,16,2
71,22,27,31,3
72,9,27,30,16
73,21,5,29,0
74,16,22,7,3
75,13,11,21,29
76,18,11,19,8
77,12,0,19,29
78,15,7,19,24
79,30,25,19,5
80,1,30,17,3
81,26,11,11,24
82,27,25,19,21
83,22,19,24,27
84,29,25,17,22
85,15,8,10,16
86,31,7,12,1
87,30,24,30,24
88,9,11,11,13
89,20,28,1,15
90,16,29,25,12
91,9,9,5,16
92,31,11,30,3
93,5,2,8,5
94,30,11,2,12
95,20,6,8,11
