2
Grid:
32,32
................................
................................
................................
................................
................................
................................
................................
................................
................................
................................
................................
................................
................................
................................
................................
................................
................................
................................
................................
................................
................................
................................
................................
................................
................................
................................
................................
................................
................................
................................
................................
................................
Agents:
116
0,13,20,3,20
1,6,3,30,28
2,19,8,6,11
3,1,1,5,5
4,10,20,17,23
5,12,14,25,22
6,11,4,18,2
7,18,26,8,26
8,17,7,29,5
9,16,31,28,10
10,10,1,15,3
11,14,24,15,16
12,12,9,11,6
13,18,1,12,10
14,30,18,4,26
15,31,7,7,3
16,19,20,28,31
17,26,11,6,28
18,26,26,30,6
19,25,25,12,16
20,20,10,13,21
21,15,1,9,23
22,30,7,2,30
23,25,31,31,13
24,5,2,25,12
25,7,22,25,29
26,19,9,13,22
27,14,11,2,20
28,5,13,27,4
29,23,9,0,7
30,21,0,5,4
31,3,24,29,6
32,21,4,18,22
33,26,22,1,29
34,10,6,2,2
35,31,23,4,18
36,14,23,8,31
37,10,31,13,12
38,17,13,28,9
39,25,4,22,31
40,16,19,20,6
41,27,28,14,2
42,10,8,13,0
43,20,9,24,12
44,6,15,30,26
45,6,13,20,28
46,2,16,14,0
47,3,20,11,27
48,7,23,6,17
49,12,26,11,7
50,12,2,1,31
51,20,30,19,16
52,8,28,23,21
53,31,14,19,6
54,25,23,24,11
55,20,18,26,12
56,24,2,12,13
57,4,7,23,24
58,14,12,23,6
59,15,17,28,20
60,16,27,16,17
61,0,18,7,12
62,20,29,21,30
63,19,22,30,19
64,23,26,16,1
65,1,30,30,23
66,24,13,30,11
67,30,28,13,3
68,0,24,13,4
69,10,23,14,23
70,21,14,19,1
71,24,16,22,26
72,24,1,6,31
73,15,0,9,11
74,8,31,20,12
75,10,27,12,4
76,18,25,31,10
77,30,16,11,12
78,27,11,7,14
79,8,8,9,3
80,22,30,24,7
81,22,21,6,25
82,3,8,12,14
83,14,20,11,29
84,12,23,15,29
85,6,24,15,31
86,5,18,2,1
87,5,17,12,27
88,17,2,11,20
89,20,28,9,1
90,26,4,3,6
91,30,8,10,5
92,30,20,26,9
93,15,2,17,13
94,0,22,26,31
95,23,3,29,7
96,21,12,4,9
97,18,20,8,20
98,19,19,28,14
99,20,25,24,4
100,19,12,23,3
101,22,22,26,10
102,5,23,21,22
103,0,31,24,8
104,12,20,9,17
105,1,29,14,9
106,16,30,22,12
107,9,5,6,26
108,22,23,13,24
109,8,4,30,25
110,23,15,23,27
111,19,0,8,24
112,5,29,31,26
113,14,1,4,31
114,8,1,17,24
115,17,18,29,20
