4
Grid:
32,32
................................
................................
................................
................................
................................
................................
................................
................................
................................
................................
................................
................................
................................
................................
................................
................................
................................
................................
................................
................................
................................
................................
................................
................................
................................
................................
................................
................................
................................
................................
................................
................................
Agents:
70
0,10,28,31,24
1,15,2,6,7
2,17,12,16,27
3,24,5,31,0
4,23,0,13,15
5,12,3,20,9
6,29,1,29,16
7,4,30,28,13
8,26,1,1,4
9,22,2,21,25
10,5,23,7,30
11,14,25,5,25
12,9,6,11,15
13,8,18,9,5
14,11,9,0,11
15,4,20,10,2
16,22,14,31,5
17,25,18,27,3
18,0,20,15,7
19,8,9,5,29
20,18,11,21,22
21,25,12,10,28
22,28,14,15,18
23,27,30,26,5
24,18,27,10,6
25,17,30,25,26
26,15,4,8,6
27,20,18,14,19
28,13,22,0,13
29,24,10,15,15
30,4,5,5,23
31,26,13,6,15
32,27,24,20,10
33,13,15,13,19
34,7,17,6,20
35,30,6,27,26
36,24,13,19,8
37,15,26,23,22
38,30,2,29,29
39,29,27,16,5
40,11,10,6,24
41,31,16,19,27
42,4,18,24,12
43,26,7,12,2
44,4,9,22,5
45,5,12,19,6
46,17,11,29,10
47,16,4,21,3
48,1,11,14,1
49,22,1,31,8
50,29,11,10,13
51,6,2,5,14
52,20,26,17,26
53,19,10,14,13
54,25,29,13,22
55,31,25,26,21
56,5,10,29,27
57,21,21,15,14
58,19,27,19,20
59,21,0,21,4
60,13,20,20,7
61,10,26,14,26
62,8,2,8,4
63,9,19,23,12
64,18,24,8,3
65,26,31,22,16
66,19,30,14,9
67,18,12,11,5
68,31,2,30,4
69,29,31,31,16
