3
Grid:
16,16
................
................
................
................
................
................
................
................
................
................
................
................
................
................
................
................
Agents:
32
0,9,7,5,15
1,7,11,0,1
2,10,8,14,11
3,14,11,15,10
4,15,1,0,6
5,10,11,7,4
6,14,9,4,11
7,0,15,6,6
8,13,4,12,10
9,5,13,7,13
10,2,1,0,8
11,4,1,12,13
12,7,14,7,15
13,12,12,13,4
14,4,9,14,13
15,13,13,7,12
16,1,14,13,2
17,10,10,13,12
18,5,0,9,13
19,5,2,8,4
20,14,2,5,9
21,0,0,14,1
22,9,10,4,5
23,3,0,13,9
24,4,7,15,8
25,3,5,14,14
26,4,12,3,2
27,12,2,6,8
28,6,6,10,4
29,9,0,13,11
30,15,5,11,12
31,10,13,4,15
