3
Grid:
16,16
................
................
................
................
................
................
................
................
................
................
................
................
................
................
................
................
Agents:
36
0,0,15,2,7
1,3,12,4,15
2,4,10,2,6
3,2,4,15,0
4,6,10,7,1
5,9,12,13,2
6,9,13,10,1
7,9,5,12,2
8,9,11,10,3
9,11,13,7,11
10,7,13,8,3
11,13,5,11,0
12,2,12,5,13
13,12,6,4,9
14,8,1,0,9
15,2,6,6,12
16,4,9,9,9
17,5,3,9,3
18,12,5,14,9
19,8,8,2,12
20,8,3,9,14
21,13,10,5,4
22,8,15,8,1
23,2,1,14,12
24,14,3,13,11
25,13,3,13,8
26,8,5,9,7
27,15,14,14,1
28,0,4,8,12
29,1,10,8,14
30,4,8,12,7
31,11,2,3,1
32,1,0,15,10
33,6,0,15,8
34,15,5,8,8
35,4,14,4,3
