3
Grid:
16,16
................
................
................
................
................
................
................
................
................
................
................
................
................
................
................
................
Agents:
64
0,15,8,12,2
1,11,4,15,15
2,14,15,9,1
3,2,8,2,6
4,12,11,0,10
5,7,5,15,14
6,7,3,8,12
7,4,1,15,10
8,6,12,10,8
9,8,8,10,14
10,7,12,2,7
11,9,12,14,15
12,13,12,15,2
13,6,15,2,0
14,2,10,4,9
15,6,0,11,6
16,7,15,7,2
17,1,5,2,12
18,12,3,14,4
19,15,4,9,9
20,0,2,0,11
21,5,6,13,14
22,8,13,10,12
23,9,4,13,11
24,10,9,1,3
25,13,0,7,7
26,11,3,7,11
27,3,3,11,2
28,14,14,2,13
29,7,2,1,14
30,9,3,3,13
31,6,1,0,15
32,4,6,2,10
33,14,7,5,5
34,1,15,3,6
35,4,3,4,11
36,13,4,12,8
37,8,4,9,2
38,3,0,13,3
39,2,2,1,9
40,5,8,10,3
41,13,6,11,5
42,5,3,6,9
43,12,14,3,1
44,6,13,4,3
45,12,12,6,2
46,10,13,4,13
47,15,2,12,11
48,5,9,4,15
49,3,6,9,4
50,11,14,7,13
51,11,11,5,11
52,11,6,15,11
53,0,7,3,3
54,4,14,14,9
55,1,10,14,6
56,10,2,6,10
57,8,6,8,8
58,7,0,8,9
59,9,10,10,4
60,0,1,10,10
61,0,15,3,2
62,15,10,10,6
63,3,4,9,6
