4
Grid:
16,16
................
................
................
................
................
................
................
................
................
................
................
................
................
................
................
................
Agents:
30
0,12,5,1,11
1,5,15,12,8
2,11,0,3,9
3,9,4,5,15
4,13,5,5,0
5,6,13,0,11
6,2,11,9,1
7,11,14,6,2
8,2,15,9,0
9,9,1,15,8
10,5,11,10,12
11,12,9,7,4
12,6,15,8,13
13,10,2,7,13
14,2,5,10,9
15,0,4,7,0
16,0,7,13,4
17,4,4,9,3
18,9,9,1,12
19,14,6,12,10
20,7,13,1,6
21,4,11,15,15
22,11,8,6,10
23,11,9,14,5
24,13,3,4,5
25,12,1,10,7
26,8,12,4,4
27,6,7,3,12
28,2,8,15,2
29,5,1,10,15
