7
Grid:
16,16
................
................
................
................
................
................
................
................
................
................
................
................
................
................
................
................
Agents:
46
0,15,10,13,12
1,8,9,13,14
2,3,4,3,7
3,0,8,0,14
4,7,11,9,8
5,11,12,3,13
6,0,14,0,9
7,2,12,2,7
8,13,12,9,6
9,7,6,3,1
10,6,12,11,5
11,9,4,10,12
12,6,15,3,0
13,15,14,14,13
14,14,13,10,11
15,0,2,12,12
16,9,15,15,9
17,8,14,3,6
18,14,15,4,2
19,8,12,11,2
20,8,4,5,1
21,4,0,0,2
22,3,3,12,15
23,1,11,7,10
24,4,15,15,12
25,15,9,12,0
26,14,10,12,6
27,8,2,1,4
28,1,4,5,5
29,2,3,8,7
30,4,2,14,7
31,10,9,11,15
32,11,8,7,3
33,2,0,8,9
34,6,3,7,8
35,14,14,10,14
36,4,11,12,14
37,14,2,11,12
38,7,9,0,5
39,1,3,0,12
40,14,3,4,6
41,9,14,8,3
42,14,6,10,5
43,7,5,2,15
44,13,9,3,12
45,12,4,1,12
