2
Grid:
16,16
................
................
................
................
................
................
................
................
................
................
................
................
................
................
................
................
Agents:
46
0,9,10,6,12
1,4,11,3,15
2,9,0,13,11
3,0,15,10,11
4,6,3,10,10
5,6,7,9,0
6,8,0,6,8
7,0,12,12,3
8,12,4,0,2
9,4,4,11,11
10,6,15,11,10
11,7,8,13,7
12,14,10,7,14
13,2,5,13,2
14,13,13,7,15
15,10,4,10,8
16,8,3,14,15
17,11,1,5,13
18,10,2,2,10
19,1,11,1,3
20,4,3,1,9
21,5,12,4,8
22,3,13,14,4
23,13,8,9,8
24,6,10,8,2
25,3,12,9,14
26,12,14,11,4
27,13,11,12,15
28,2,9,10,1
29,9,1,15,14
30,14,4,5,4
31,5,14,5,6
32,1,9,7,10
33,15,2,8,8
34,9,11,15,3
35,2,15,11,5
36,9,3,1,4
37,1,15,1,13
38,15,1,14,6
39,11,4,13,1
40,13,0,14,11
41,14,14,2,9
42,6,2,2,3
43,14,9,8,10
44,1,12,0,8
45,3,4,3,3
