5
Grid:
16,16
................
................
................
................
................
................
................
................
................
................
................
................
................
................
................
................
Agents:
26
0,7,9,8,9
1,3,15,7,10
2,9,10,5,15
3,4,3,14,2
4,12,12,11,5
5,0,11,12,11
6,8,8,14,13
7,4,14,7,4
8,13,4,7,1
9,7,3,3,12
10,15,9,3,11
11,1,5,14,8
12,1,9,11,1
13,4,15,4,1
14,5,13,12,13
15,8,15,9,8
16,11,6,14,1
17,5,15,14,0
18,10,13,3,4
19,10,0,13,12
20,10,6,12,5
21,2,8,14,5
22,6,10,6,12
23,3,11,5,10
24,1,15,6,6
25,11,10,12,2
