8
Grid:
16,16
................
................
................
................
................
................
................
................
................
................
................
................
................
................
................
................
Agents:
60
0,1,3,4,1
1,13,4,0,3
2,9,5,1,10
3,0,2,9,12
4,12,8,9,2
5,0,13,8,4
6,9,8,3,6
7,0,5,14,10
8,14,1,12,0
9,14,7,5,0
10,15,9,3,10
11,10,5,7,2
12,4,0,2,9
13,0,4,15,2
14,4,4,8,15
15,15,5,15,0
16,11,5,12,9
17,14,4,8,11
18,11,1,9,6
19,6,1,6,3
20,9,0,7,14
21,9,14,11,3
22,15,11,12,7
23,6,10,5,13
24,13,14,2,6
25,2,14,15,11
26,6,8,13,0
27,8,8,10,15
28,0,8,12,14
29,4,12,0,12
30,13,7,8,7
31,9,10,10,2
32,1,4,13,4
33,9,12,10,11
34,9,13,14,7
35,10,12,14,4
36,14,14,0,15
37,15,12,6,2
38,5,8,0,1
39,15,13,2,8
40,13,9,15,5
41,3,13,1,2
42,15,6,6,10
43,11,2,13,12
44,0,14,9,4
45,13,13,15,1
46,3,1,10,14
47,5,4,14,15
48,1,0,2,0
49,4,5,4,14
50,0,7,5,7
51,2,7,7,12
52,9,7,1,6
53,15,3,8,13
54,1,7,11,10
55,7,4,11,13
56,4,3,11,6
57,1,6,12,12
58,12,11,13,10
59,15,0,0,7
