7
Grid:
16,16
................
................
................
................
................
................
................
................
................
................
................
................
................
................
................
................
Agents:
38
0,1,7,6,5
1,12,12,13,5
2,13,3,11,1
3,2,6,15,9
4,3,14,3,5
5,8,7,4,7
6,0,10,8,0
7,8,2,0,8
8,12,13,6,1
9,9,15,14,11
10,12,8,12,8
11,7,1,0,12
12,2,7,2,10
13,2,10,3,3
14,4,13,6,10
15,3,0,11,14
16,0,6,3,9
17,5,9,12,5
18,14,10,8,12
19,6,14,15,15
20,2,2,6,9
21,10,11,0,15
22,7,4,9,5
23,7,13,12,4
24,2,8,5,8
25,9,2,9,14
26,7,9,1,3
27,0,11,9,10
28,10,5,12,7
29,0,8,14,9
30,1,6,3,2
31,11,7,13,4
32,6,10,8,6
33,5,14,14,10
34,4,2,9,4
35,6,11,3,10
36,13,10,12,14
37,13,12,9,1
