5
Grid:
16,16
................
................
................
................
................
................
................
................
................
................
................
................
................
................
................
................
Agents:
36
0,2,0,4,11
1,8,10,8,6
2,9,1,7,14
3,2,8,1,2
4,7,9,4,14
5,10,8,11,15
6,15,1,7,8
7,9,14,1,11
8,0,5,8,13
9,6,6,1,10
10,5,14,0,7
11,7,14,0,9
12,0,4,14,3
13,15,10,4,4
14,7,7,15,3
15,10,7,4,7
16,12,5,4,8
17,9,12,15,12
18,2,6,10,9
19,7,3,7,12
20,15,4,2,2
21,8,4,3,8
22,8,9,11,6
23,8,1,13,11
24,6,5,11,13
25,5,3,13,0
26,9,5,11,2
27,1,15,9,9
28,15,3,2,1
29,11,10,3,12
30,8,12,12,3
31,13,2,6,6
32,6,1,3,2
33,6,2,12,7
34,12,0,14,7
35,12,6,9,4
