9
Grid:
16,16
................
................
................
................
................
................
................
................
................
................
................
................
................
................
................
................
Agents:
28
0,13,4,0,2
1,9,4,9,12
2,10,4,12,1
3,1,12,13,12
4,5,7,5,12
5,10,2,3,3
6,1,0,15,7
7,14,9,0,5
8,2,15,15,15
9,3,0,0,1
10,12,7,3,1
11,6,8,13,10
12,1,9,5,11
13,7,2,7,15
14,6,4,9,10
15,8,15,3,6
16,5,6,14,11
17,8,2,1,14
18,9,5,6,7
19,12,8,12,9
20,1,6,12,13
21,10,14,8,8
22,7,13,8,0
23,4,10,1,10
24,11,10,11,15
25,12,5,9,14
26,13,0,10,3
27,13,15,11,5
