8
Grid:
16,16
................
................
................
................
................
................
................
................
................
................
................
................
................
................
................
................
Agents:
24
0,5,1,6,2
1,14,2,0,5
2,15,7,6,5
3,5,10,10,7
4,11,13,1,1
5,7,6,13,9
6,12,1,2,12
7,7,9,0,1
8,12,2,5,8
9,8,8,12,3
10,5,13,13,12
11,2,9,11,9
12,8,5,2,9
13,8,6,10,4
14,9,2,7,0
15,8,7,9,14
16,10,4,12,6
17,11,1,2,7
18,4,0,11,13
19,7,2,7,5
20,9,9,6,12
21,13,8,12,11
22,11,4,1,10
23,0,9,4,13
