6
Grid:
16,16
................
................
................
................
................
................
................
................
................
................
................
................
................
................
................
................
Agents:
50
0,12,5,4,7
1,1,4,12,10
2,7,14,13,1
3,7,2,8,5
4,8,0,7,13
5,7,12,10,2
6,6,13,2,7
7,1,6,0,8
8,14,0,13,14
9,14,14,9,7
10,0,8,15,15
11,0,14,3,13
12,1,0,1,2
13,8,11,13,5
14,14,9,4,11
15,1,15,9,2
16,0,10,10,5
17,5,3,1,6
18,12,1,6,2
19,7,7,14,3
20,2,14,1,0
21,15,0,9,0
22,6,12,10,10
23,6,14,13,7
24,2,9,13,2
25,15,14,8,12
26,10,14,11,14
27,7,3,5,2
28,2,7,7,5
29,5,11,13,13
30,4,15,9,14
31,14,8,3,3
32,12,11,10,4
33,8,14,6,3
34,10,12,14,11
35,8,7,11,11
36,11,2,12,14
37,8,5,10,1
38,9,10,6,4
39,9,5,3,12
40,9,3,5,10
41,4,2,13,12
42,2,1,11,0
43,10,15,8,9
44,1,13,9,9
45,5,4,4,1
46,14,2,4,0
47,5,2,2,1
48,2,5,1,14
49,10,4,5,5
