5
Grid:
16,16
................
................
................
................
................
................
................
................
................
................
................
................
................
................
................
................
Agents:
40
0,6,0,13,4
1,2,12,8,14
2,8,5,2,3
3,1,10,10,5
4,11,8,5,7
5,3,15,14,2
6,12,15,5,0
7,5,10,13,13
8,4,0,8,15
9,13,3,8,12
10,2,14,9,3
11,6,9,13,10
12,0,7,11,2
13,13,2,14,10
14,10,4,10,4
15,2,15,1,11
16,9,8,11,9
17,11,14,7,1
18,4,6,9,1
19,12,3,11,5
20,6,3,8,2
21,9,3,4,9
22,7,5,12,7
23,3,11,6,5
24,12,10,7,9
25,15,6,4,15
26,0,8,2,14
27,4,7,11,11
28,10,8,5,1
29,11,0,2,7
30,7,15,5,5
31,15,7,2,4
32,3,6,7,2
33,5,13,0,11
34,4,9,0,7
35,13,15,9,6
36,4,2,1,10
37,2,10,0,2
38,3,2,10,15
39,5,15,12,13
