5
Grid:
16,16
................
................
................
................
................
................
................
................
................
................
................
................
................
................
................
................
Agents:
42
0,10,7,3,0
1,11,15,11,0
2,0,1,7,15
3,13,12,15,9
4,12,15,15,2
5,4,9,11,10
6,7,7,13,3
7,7,3,12,6
8,3,5,7,0
9,8,15,0,8
10,15,3,12,2
11,14,8,7,13
12,1,13,6,13
13,12,14,15,5
14,1,0,11,13
15,5,8,7,6
16,2,2,15,11
17,4,10,11,15
18,11,12,4,13
19,11,1,10,12
20,12,6,5,4
21,7,9,9,6
22,6,9,8,12
23,2,11,10,9
24,4,11,13,4
25,8,8,10,1
26,0,7,6,2
27,15,15,0,3
28,3,6,11,4
29,8,10,8,8
30,10,14,15,13
31,5,5,11,11
32,14,9,6,6
33,9,11,12,9
34,3,13,2,13
35,6,8,2,4
36,0,8,2,1
37,7,2,14,5
38,11,5,1,8
39,11,9,14,13
40,0,9,10,7
41,1,12,13,6
