8
Grid:
16,16
................
................
................
................
................
................
................
................
................
................
................
................
................
................
................
................
Agents:
40
0,14,7,12,11
1,5,6,5,15
2,14,2,10,11
3,12,0,1,10
4,14,12,5,14
5,13,3,1,1
6,2,14,7,14
7,1,10,5,11
8,15,9,5,2
9,10,11,8,4
10,6,7,6,9
11,0,7,5,13
12,13,11,3,8
13,6,14,4,5
14,6,6,11,8
15,5,15,3,11
16,9,8,2,13
17,8,2,9,6
18,5,0,2,14
19,9,10,12,15
20,8,12,6,7
21,15,3,6,3
22,3,1,13,14
23,0,6,14,11
24,8,10,4,8
25,15,6,13,8
26,4,12,10,14
27,7,14,2,0
28,8,3,12,0
29,11,13,9,2
30,10,7,14,0
31,10,9,2,6
32,6,15,4,11
33,4,15,9,14
34,0,15,1,3
35,2,10,0,1
36,3,12,12,8
37,10,0,7,3
38,6,11,15,2
39,10,12,0,12
