4
Grid:
16,16
................
................
................
................
................
................
................
................
................
................
................
................
................
................
................
................
Agents:
70
0,4,4,6,7
1,10,9,0,10
2,2,11,11,13
3,3,2,15,9
4,4,6,5,14
5,1,14,13,10
6,1,6,10,6
7,1,10,4,4
8,6,3,9,13
9,5,14,2,4
10,14,9,15,15
11,11,4,6,14
12,0,8,13,4
13,3,8,1,0
14,4,2,6,13
15,4,1,11,4
16,0,15,6,15
17,13,13,2,0
18,7,14,6,4
19,10,2,1,10
20,8,1,9,15
21,0,7,2,2
22,10,13,14,6
23,9,7,11,15
24,14,13,2,10
25,13,11,9,7
26,8,6,13,0
27,9,10,14,15
28,7,10,8,9
29,13,1,10,11
30,2,15,15,7
31,8,3,10,15
32,8,2,7,2
33,14,14,0,6
34,13,6,12,15
35,15,13,8,1
36,2,2,6,6
37,5,1,3,1
38,5,0,2,15
39,11,5,0,11
40,2,6,0,3
41,15,1,15,10
42,9,8,12,7
43,4,5,10,0
44,4,12,3,8
45,14,15,3,9
46,9,14,0,2
47,3,0,13,8
48,12,0,0,4
49,11,0,3,5
50,12,11,7,8
51,15,5,12,2
52,14,1,14,10
53,2,8,7,11
54,7,9,6,3
55,10,1,8,11
56,1,9,5,9
57,8,14,10,4
58,3,3,6,12
59,14,4,5,8
60,3,10,5,10
61,9,1,14,7
62,8,15,13,14
63,3,12,15,14
64,5,5,5,5
65,2,13,6,11
66,3,1,12,6
67,1,7,1,14
68,14,2,13,1
69,9,5,14,4
