4
Grid:
16,16
................
................
................
................
................
................
................
................
................
................
................
................
................
................
................
................
Agents:
48
0,15,15,1,5
1,12,7,13,6
2,15,8,10,14
3,8,10,8,5
4,12,13,2,9
5,4,6,8,10
6,13,9,3,2
7,11,13,1,2
8,1,12,13,2
9,10,8,4,15
10,6,10,14,3
11,15,12,9,12
12,9,0,11,0
13,13,13,1,10
14,6,6,4,10
15,12,9,4,1
16,4,12,1,11
17,9,10,14,7
18,15,5,15,3
19,9,15,11,9
20,1,14,15,15
21,5,1,12,11
22,2,8,14,12
23,9,6,0,14
24,13,3,8,13
25,14,6,9,2
26,0,6,7,5
27,8,2,13,12
28,7,2,5,14
29,14,7,1,15
30,12,15,4,4
31,6,14,11,5
32,9,4,2,15
33,4,15,13,7
34,4,4,12,1
35,8,11,12,13
36,2,11,13,11
37,7,8,0,6
38,4,14,13,14
39,10,1,8,15
40,6,7,14,10
41,15,3,8,3
42,7,5,10,7
43,9,13,9,5
44,2,13,3,6
45,6,2,14,8
46,2,2,15,13
47,8,7,7,11
