1
Grid:
16,16
................
................
................
................
................
................
................
................
................
................
................
................
................
................
................
................
Agents:
44
0,6,6,10,3
1,11,8,13,6
2,2,7,8,13
3,7,13,10,6
4,3,4,4,14
5,11,14,5,8
6,8,3,13,3
7,11,6,14,9
8,15,0,12,11
9,3,8,5,15
10,14,12,1,4
11,14,14,14,10
12,6,9,5,0
13,14,7,0,3
14,1,11,7,13
15,6,10,2,1
16,2,15,0,7
17,9,13,12,7
18,1,1,14,14
19,8,10,7,4
20,5,4,11,1
21,8,15,1,13
22,4,13,14,5
23,7,14,2,11
24,14,0,14,3
25,8,5,12,10
26,5,12,7,2
27,3,10,11,14
28,7,12,3,4
29,1,8,10,9
30,9,15,3,13
31,12,8,6,0
32,13,1,8,0
33,12,9,13,7
34,10,13,1,6
35,4,14,10,7
36,7,9,13,2
37,3,9,9,1
38,3,14,10,2
39,10,9,5,3
40,9,0,12,9
41,2,1,3,5
42,4,6,6,6
43,12,15,0,9
