8
Grid:
16,16
................
................
................
................
................
................
................
................
................
................
................
................
................
................
................
................
Agents:
30
0,11,14,10,11
1,8,10,9,0
2,5,5,2,12
3,7,5,6,10
4,3,7,7,9
5,8,0,9,4
6,7,9,15,13
7,2,6,6,7
8,6,0,3,15
9,2,4,11,6
10,6,14,5,10
11,8,2,3,4
12,8,12,0,12
13,12,5,15,5
14,10,8,13,10
15,10,7,13,5
16,4,15,3,1
17,7,14,2,8
18,11,4,6,4
19,5,14,8,1
20,5,15,9,10
21,8,4,1,2
22,5,10,14,1
23,2,9,15,6
24,5,3,9,2
25,0,10,0,2
26,10,12,7,8
27,6,6,7,13
28,10,10,12,7
29,12,1,10,7
