1
Grid:
16,16
................
................
................
................
................
................
................
................
................
................
................
................
................
................
................
................
Agents:
50
0,7,9,12,13
1,15,7,14,6
2,5,6,0,2
3,6,9,9,3
4,6,4,6,9
5,14,0,2,10
6,15,13,12,9
7,9,0,8,11
8,13,2,11,5
9,1,12,1,0
10,15,10,4,8
11,6,10,6,5
12,14,2,13,4
13,9,7,10,11
14,5,2,12,10
15,12,11,2,3
16,6,5,14,3
17,7,1,9,6
18,15,15,11,10
19,2,0,11,8
20,13,13,10,2
21,9,14,9,12
22,13,11,13,12
23,12,2,2,14
24,9,4,2,8
25,12,13,13,1
26,3,5,6,8
27,9,3,10,10
28,12,14,2,9
29,3,4,7,7
30,8,3,4,13
31,9,10,0,14
32,1,13,5,13
33,9,11,10,4
34,3,2,3,7
35,9,15,11,1
36,12,8,11,12
37,0,15,11,6
38,2,11,7,14
39,9,9,7,12
40,5,9,8,2
41,1,2,3,10
42,8,1,7,0
43,8,12,6,11
44,2,3,12,2
45,12,9,2,11
46,4,5,4,11
47,12,0,5,2
48,2,1,3,9
49,10,12,0,6
