1
Grid:
16,16
................
................
................
................
................
................
................
................
................
................
................
................
................
................
................
................
Agents:
46
0,6,6,5,6
1,13,2,7,4
2,15,5,10,12
3,13,3,9,9
4,0,12,5,15
5,9,11,8,10
6,6,15,4,11
7,7,10,6,9
8,6,1,14,0
9,13,13,1,9
10,6,11,5,12
11,14,12,3,9
12,11,3,6,1
13,1,2,7,14
14,5,9,12,6
15,3,14,5,9
16,7,0,5,2
17,15,3,1,11
18,1,6,11,13
19,0,7,14,9
20,2,10,3,0
21,5,4,2,2
22,1,3,11,11
23,8,1,6,8
24,2,9,2,5
25,10,9,12,15
26,15,2,12,1
27,11,15,15,12
28,6,0,11,4
29,8,12,14,7
30,11,7,1,1
31,8,7,5,1
32,15,7,0,13
33,13,15,11,1
34,11,0,7,15
35,15,10,13,12
36,14,4,13,14
37,4,15,0,11
38,12,1,5,5
39,14,3,9,14
40,11,11,8,8
41,4,5,5,13
42,11,9,8,1
43,6,14,13,10
44,9,3,8,15
45,9,15,5,10
