7
Grid:
16,16
................
................
................
................
................
................
................
................
................
................
................
................
................
................
................
................
Agents:
62
0,5,13,11,5
1,7,3,10,12
2,3,11,1,11
3,3,10,13,4
4,7,1,5,4
5,3,2,15,14
6,10,8,8,9
7,10,12,6,15
8,13,13,4,1
9,4,15,3,7
10,7,5,11,9
11,11,15,4,7
12,10,14,3,12
13,8,5,10,7
14,4,7,8,14
15,13,4,2,3
16,3,8,13,8
17,9,0,1,14
18,6,3,9,5
19,4,1,10,6
20,9,7,14,4
21,13,15,3,2
22,3,9,6,11
23,4,13,8,1
24,13,5,14,8
25,6,2,1,3
26,8,10,9,14
27,7,4,14,3
28,1,4,11,14
29,2,2,12,3
30,13,12,14,15
31,4,5,9,12
32,3,12,0,5
33,7,0,6,4
34,11,5,10,3
35,11,13,12,13
36,3,3,7,4
37,2,10,2,13
38,10,15,0,15
39,0,6,5,11
40,9,8,8,0
41,14,1,4,5
42,0,15,7,3
43,9,1,0,7
44,2,15,8,11
45,15,8,4,3
46,14,12,10,15
47,3,7,8,12
48,11,1,2,4
49,6,7,12,6
50,5,12,7,11
51,10,0,1,12
52,6,10,1,6
53,6,4,3,9
54,1,6,12,9
55,10,3,11,8
56,2,12,5,10
57,7,2,7,8
58,1,3,14,0
59,3,5,14,9
60,14,11,9,0
61,15,7,1,1
