3
Grid:
16,16
................
................
................
................
................
................
................
................
................
................
................
................
................
................
................
................
Agents:
60
0,6,12,4,5
1,5,15,14,5
2,4,15,11,10
3,0,6,13,12
4,6,8,12,5
5,3,8,8,6
6,0,12,4,10
7,1,12,6,12
8,7,11,9,0
9,5,6,10,14
10,5,8,14,4
11,2,1,1,8
12,9,9,15,13
13,12,2,6,11
14,2,15,9,14
15,6,0,15,15
16,12,14,15,12
17,14,15,15,8
18,15,10,7,7
19,8,11,11,7
20,1,13,4,1
21,14,8,8,11
22,4,9,8,9
23,11,9,12,2
24,3,2,4,7
25,10,14,2,8
26,11,15,8,15
27,13,3,10,4
28,6,7,1,0
29,9,3,12,12
30,6,3,6,6
31,1,0,8,14
32,15,2,14,0
33,10,8,3,6
34,13,5,13,4
35,15,4,2,10
36,4,5,6,9
37,3,0,12,13
38,4,2,5,8
39,7,9,13,2
40,11,4,8,12
41,5,14,12,10
42,2,2,7,6
43,2,11,5,0
44,9,8,4,3
45,0,4,3,2
46,5,13,5,3
47,11,13,15,5
48,8,1,0,13
49,14,3,14,8
50,11,14,6,7
51,14,6,8,4
52,10,7,8,10
53,0,5,4,14
54,2,6,7,11
55,12,12,0,6
56,7,12,7,2
57,10,1,11,14
58,0,7,8,13
59,5,1,11,2
