3
Grid:
16,16
................
................
................
................
................
................
................
................
................
................
................
................
................
................
................
................
Agents:
28
0,13,3,10,1
1,15,11,13,10
2,9,9,13,15
3,3,15,4,11
4,5,11,10,13
5,0,15,11,15
6,1,0,0,14
7,2,10,1,0
8,7,15,15,4
9,0,0,5,14
10,1,6,8,11
11,9,12,9,11
12,5,7,3,7
13,4,6,10,6
14,5,14,3,4
15,15,12,6,3
16,5,6,0,13
17,11,10,13,8
18,14,13,5,3
19,12,6,3,12
20,0,1,5,2
21,14,4,14,11
22,10,8,12,4
23,5,9,6,8
24,14,15,2,2
25,0,12,15,0
26,9,6,14,6
27,10,2,7,12
