3
Grid:
16,16
................
................
................
................
................
................
................
................
................
................
................
................
................
................
................
................
Agents:
52
0,6,10,4,8
1,12,15,8,10
2,15,1,3,14
3,3,2,9,10
4,0,2,4,1
5,8,13,6,11
6,10,5,0,2
7,9,1,15,5
8,4,15,12,14
9,2,5,12,2
10,4,7,8,5
11,6,8,6,12
12,13,12,14,6
13,15,11,8,4
14,7,8,1,4
15,12,11,0,4
16,1,12,0,5
17,8,2,10,13
18,13,7,10,12
19,7,0,5,5
20,4,9,8,15
21,1,7,14,10
22,6,12,1,12
23,8,15,15,2
24,8,7,7,9
25,12,3,10,14
26,5,5,4,2
27,1,15,1,7
28,4,4,10,9
29,1,3,9,2
30,2,8,4,9
31,11,8,13,4
32,5,13,13,8
33,11,14,1,2
34,12,6,6,8
35,3,12,15,0
36,1,11,2,9
37,5,14,8,14
38,1,0,0,1
39,3,15,2,3
40,2,15,15,11
41,11,9,4,14
42,5,12,8,2
43,10,8,10,5
44,14,8,10,8
45,6,3,11,8
46,13,9,3,13
47,1,8,3,1
48,1,10,4,5
49,2,1,5,11
50,11,3,11,1
51,4,6,7,4
