6
Grid:
16,16
................
................
................
................
................
................
................
................
................
................
................
................
................
................
................
................
Agents:
40
0,9,6,1,13
1,7,11,14,13
2,7,14,4,6
3,2,5,10,15
4,5,11,15,11
5,13,0,10,7
6,12,1,10,6
7,6,9,5,1
8,4,1,13,9
9,12,11,10,3
10,0,15,8,1
11,9,14,0,8
12,1,8,14,10
13,15,15,6,1
14,8,5,10,0
15,7,2,15,12
16,9,13,0,6
17,14,10,12,11
18,13,2,12,12
19,15,13,2,0
20,7,10,3,5
21,9,3,1,10
22,8,1,5,2
23,7,3,11,10
24,10,7,12,15
25,6,15,7,6
26,4,15,1,11
27,1,9,9,12
28,12,8,11,12
29,9,15,4,8
30,15,2,3,12
31,4,10,8,11
32,3,11,15,9
33,11,2,0,0
34,2,15,0,10
35,3,5,3,4
36,6,5,5,12
37,6,0,12,5
38,1,12,15,8
39,4,0,8,5
