3
Grid:
16,16
................
................
................
................
................
................
................
................
................
................
................
................
................
................
................
................
Agents:
44
0,0,6,13,5
1,12,0,6,4
2,0,12,13,1
3,10,15,11,8
4,13,3,7,5
5,8,11,13,4
6,12,13,2,6
7,8,14,13,7
8,7,13,13,2
9,11,1,3,1
10,15,3,9,5
11,3,8,5,1
12,13,2,6,8
13,4,11,12,4
14,14,1,4,0
15,1,5,11,13
16,2,8,4,6
17,3,15,15,8
18,6,13,2,12
19,0,9,7,8
20,1,7,5,5
21,0,2,9,0
22,13,1,1,9
23,4,4,6,12
24,11,12,12,11
25,14,6,2,15
26,5,11,3,14
27,15,13,7,15
28,2,3,12,12
29,3,14,9,4
30,7,14,5,10
31,0,11,14,15
32,2,2,12,10
33,9,3,4,1
34,9,8,1,2
35,8,10,1,13
36,12,1,2,8
37,15,8,0,1
38,2,0,9,7
39,11,11,13,6
40,14,15,9,3
41,15,1,7,13
42,2,11,11,4
43,9,5,4,9
