9
Grid:
16,16
................
................
................
................
................
................
................
................
................
................
................
................
................
................
................
................
Agents:
56
0,4,4,12,15
1,12,0,7,12
2,3,0,10,4
3,12,3,6,6
4,7,1,7,7
5,7,0,14,8
6,14,0,1,7
7,12,1,0,10
8,2,4,6,3
9,15,3,12,2
10,0,13,12,4
11,10,12,1,10
12,4,5,7,15
13,8,6,2,13
14,5,2,13,7
15,11,3,1,12
16,6,8,9,5
17,2,7,12,1
18,0,8,10,9
19,5,13,10,14
20,3,14,12,3
21,1,12,2,4
22,15,14,2,9
23,1,9,5,2
24,12,8,5,7
25,9,14,3,9
26,1,7,0,7
27,9,0,14,12
28,12,14,0,15
29,7,6,10,6
30,13,4,13,8
31,5,4,7,9
32,10,5,5,10
33,13,5,9,2
34,0,10,0,6
35,15,1,3,5
36,15,2,6,13
37,12,5,9,14
38,3,15,2,7
39,10,13,11,12
40,11,10,8,1
41,10,7,12,7
42,7,11,8,9
43,13,0,8,3
44,12,7,4,10
45,6,13,11,4
46,6,11,6,14
47,4,11,0,14
48,12,6,11,8
49,8,12,4,15
50,2,8,11,3
51,14,15,7,10
52,10,11,9,13
53,3,6,5,14
54,8,11,11,0
55,10,2,15,4
