0
Grid:
16,16
................
................
................
................
................
................
................
................
................
................
................
................
................
................
................
................
Agents:
54
0,13,0,3,10
1,8,4,9,2
2,14,7,4,9
3,5,11,15,11
4,5,1,0,12
5,4,7,14,14
6,3,13,4,7
7,1,5,4,6
8,6,7,0,11
9,1,1,12,10
10,0,10,1,13
11,4,8,8,6
12,14,15,12,12
13,2,4,8,9
14,13,10,9,5
15,14,13,8,4
16,5,9,4,11
17,11,9,9,13
18,3,6,3,4
19,11,12,10,6
20,14,1,4,4
21,2,12,2,9
22,9,12,4,0
23,13,12,0,7
24,0,11,15,1
25,2,7,5,5
26,14,5,6,1
27,2,2,12,13
28,12,0,14,7
29,5,15,6,14
30,5,0,6,3
31,14,11,1,15
32,3,7,3,11
33,2,9,12,0
34,1,8,1,3
35,2,0,0,10
36,11,4,1,9
37,3,14,5,13
38,8,7,10,10
39,14,2,12,1
40,1,6,5,15
41,4,1,1,4
42,7,6,11,10
43,6,8,11,8
44,13,2,4,15
45,0,12,9,14
46,7,13,1,2
47,9,2,6,10
48,9,4,14,15
49,10,7,15,2
50,1,4,0,8
51,10,4,12,2
52,2,3,2,4
53,4,12,13,8
