4
Grid:
16,16
................
................
................
................
................
................
................
................
................
................
................
................
................
................
................
................
Agents:
54
0,6,11,5,3
1,1,0,8,5
2,12,15,8,0
3,2,7,10,6
4,1,6,15,1
5,0,14,4,0
6,8,7,1,7
7,1,9,2,6
8,9,7,0,0
9,13,4,10,9
10,7,1,3,13
11,4,10,9,2
12,2,2,1,15
13,7,6,9,5
14,13,7,11,4
15,5,4,8,1
16,5,8,10,1
17,3,11,10,13
18,2,12,14,15
19,1,14,9,12
20,5,1,6,11
21,11,2,5,15
22,5,10,12,1
23,1,3,14,5
24,6,13,13,12
25,12,4,0,12
26,4,5,3,2
27,7,7,6,9
28,13,10,1,3
29,7,11,13,14
30,10,9,1,13
31,0,11,5,2
32,8,0,0,10
33,6,12,0,6
34,6,14,11,15
35,15,6,10,15
36,6,2,11,2
37,4,7,12,10
38,15,0,14,14
39,5,9,7,8
40,1,8,2,12
41,8,1,4,9
42,3,13,13,6
43,4,11,10,11
44,15,7,9,4
45,6,10,4,11
46,6,1,13,10
47,12,9,13,2
48,7,13,6,8
49,4,14,12,14
50,15,4,0,1
51,3,5,13,0
52,10,7,3,11
53,5,0,9,7
