9
Grid:
16,16
................
................
................
................
................
................
................
................
................
................
................
................
................
................
................
................
Agents:
30
0,9,8,7,10
1,15,12,13,6
2,3,2,9,3
3,7,2,3,14
4,0,14,9,13
5,13,13,9,10
6,1,3,6,14
7,14,9,6,9
8,1,8,6,15
9,3,1,3,4
10,15,8,12,11
11,10,14,13,4
12,8,1,2,15
13,8,9,3,6
14,10,7,0,11
15,4,14,14,11
16,13,1,2,5
17,15,5,9,14
18,13,5,15,8
19,6,15,1,12
20,10,0,4,0
21,2,6,9,5
22,14,0,3,11
23,14,1,15,1
24,14,6,11,10
25,7,1,14,13
26,9,13,12,1
27,7,9,6,10
28,9,14,1,1
29,15,15,5,5
