2
Grid:
16,16
................
................
................
................
................
................
................
................
................
................
................
................
................
................
................
................
Agents:
44
0,1,11,15,6
1,15,7,6,14
2,8,6,13,9
3,7,3,11,4
4,15,5,9,4
5,1,7,13,11
6,9,8,11,12
7,10,3,3,3
8,6,14,7,7
9,9,9,12,14
10,13,15,8,12
11,15,4,15,7
12,12,14,9,6
13,4,5,9,8
14,3,2,4,8
15,9,13,6,15
16,6,7,4,4
17,11,9,13,6
18,2,4,6,5
19,7,13,11,8
20,13,13,5,8
21,12,5,10,10
22,0,15,3,9
23,7,2,12,12
24,8,2,9,3
25,3,12,13,8
26,2,1,6,13
27,11,10,13,4
28,1,2,14,2
29,15,12,11,13
30,12,3,7,12
31,0,1,5,4
32,13,0,4,6
33,7,1,0,4
34,1,15,8,11
35,2,2,0,6
36,14,5,5,11
37,13,1,4,3
38,10,6,5,9
39,10,9,9,13
40,5,9,7,14
41,14,8,2,13
42,9,12,14,5
43,6,5,13,0
