2
Grid:
16,16
................
................
................
................
................
................
................
................
................
................
................
................
................
................
................
................
Agents:
54
0,12,14,14,15
1,8,5,12,3
2,14,11,12,14
3,10,8,2,12
4,10,4,7,8
5,9,5,11,13
6,12,10,5,10
7,5,6,2,9
8,14,8,12,9
9,1,7,6,4
10,14,3,6,1
11,1,13,4,1
12,2,7,7,15
13,3,9,6,0
14,3,2,5,13
15,14,4,11,10
16,14,10,6,14
17,5,12,8,3
18,10,6,11,0
19,2,8,7,3
20,0,9,0,6
21,13,7,8,11
22,7,1,3,1
23,4,0,13,2
24,8,13,6,6
25,9,9,10,10
26,2,6,2,1
27,7,0,0,4
28,5,8,5,0
29,8,11,14,13
30,6,7,0,10
31,11,10,9,7
32,1,2,4,15
33,4,5,12,1
34,0,11,8,10
35,1,1,0,3
36,13,11,6,15
37,5,1,5,2
38,10,5,13,4
39,13,10,7,5
40,9,3,12,6
41,14,1,4,9
42,3,8,2,5
43,0,2,3,3
44,6,12,6,11
45,15,2,1,15
46,2,13,7,1
47,8,4,13,13
48,6,3,1,7
49,10,7,10,6
50,15,3,10,1
51,10,13,2,14
52,5,5,3,14
53,12,6,8,4
