5
Grid:
16,16
................
................
................
................
................
................
................
................
................
................
................
................
................
................
................
................
Agents:
22
0,2,4,5,9
1,15,8,13,8
2,3,6,2,3
3,14,0,9,8
4,0,12,11,9
5,4,5,2,7
6,14,4,1,6
7,1,6,6,12
8,12,2,0,6
9,8,15,15,9
10,9,14,11,2
11,10,15,5,1
12,10,8,6,6
13,4,10,6,3
14,9,10,10,2
15,1,10,4,3
16,3,5,4,11
17,9,8,14,7
18,0,5,4,14
19,1,5,10,11
20,7,8,13,7
21,15,14,15,3
