1
Grid:
16,16
................
................
................
................
................
................
................
................
................
................
................
................
................
................
................
................
Agents:
58
0,2,1,7,10
1,5,14,10,14
2,13,15,6,8
3,5,8,11,12
4,5,12,9,12
5,8,12,1,5
6,6,9,2,1
7,12,13,6,3
8,1,8,3,3
9,3,14,5,12
10,13,3,15,7
11,4,13,3,11
12,6,7,14,11
13,11,1,3,1
14,4,0,13,9
15,11,9,15,3
16,5,0,9,10
17,4,5,4,13
18,9,14,10,3
19,8,3,9,11
20,2,4,15,1
21,11,3,0,5
22,14,1,1,13
23,3,6,2,10
24,5,7,11,4
25,13,10,8,14
26,14,15,11,10
27,13,7,11,14
28,8,6,0,7
29,4,4,9,14
30,1,15,8,12
31,7,5,7,6
32,4,6,13,6
33,4,3,14,14
34,0,15,4,15
35,2,2,8,9
36,9,9,11,6
37,14,13,13,12
38,10,3,11,2
39,12,10,1,6
40,1,5,12,7
41,8,1,8,2
42,6,2,0,14
43,15,14,13,2
44,0,8,13,10
45,2,12,4,6
46,12,8,15,11
47,12,12,1,15
48,7,13,0,12
49,15,5,6,7
50,9,12,8,4
51,5,5,12,8
52,5,6,14,8
53,10,13,5,10
54,3,12,2,12
55,3,15,0,11
56,14,2,7,5
57,13,13,14,12
