8
Grid:
16,16
................
................
................
................
................
................
................
................
................
................
................
................
................
................
................
................
Agents:
48
0,5,13,6,0
1,14,2,5,0
2,1,5,11,15
3,11,15,7,14
4,11,0,10,9
5,13,8,7,0
6,8,7,2,13
7,4,9,6,4
8,13,11,7,15
9,3,11,10,8
10,11,5,10,6
11,14,9,2,1
12,12,13,15,15
13,4,3,15,13
14,9,14,14,3
15,1,13,14,6
16,13,7,13,6
17,15,8,12,7
18,5,12,3,14
19,14,5,14,4
20,3,10,9,5
21,9,0,13,10
22,4,14,4,4
23,10,8,5,6
24,9,10,5,7
25,7,5,6,2
26,2,9,7,5
27,1,8,13,15
28,4,7,6,13
29,9,13,11,13
30,11,8,6,12
31,6,12,3,3
32,13,15,5,15
33,11,1,14,11
34,7,11,6,9
35,3,0,10,4
36,12,14,0,14
37,7,0,11,5
38,4,13,2,10
39,9,15,4,1
40,7,12,9,15
41,10,3,13,0
42,5,7,15,2
43,3,1,5,3
44,9,11,1,11
45,4,12,9,7
46,3,4,12,6
47,3,9,9,3
