2
Grid:
16,16
................
................
................
................
................
................
................
................
................
................
................
................
................
................
................
................
Agents:
48
0,14,0,2,3
1,5,12,3,4
2,0,1,0,4
3,0,4,3,0
4,11,15,6,3
5,14,10,15,5
6,10,15,2,10
7,7,1,12,2
8,7,3,9,8
9,4,6,14,13
10,6,1,7,5
11,11,10,11,10
12,14,5,14,15
13,6,15,7,12
14,1,7,9,7
15,9,1,8,10
16,12,12,14,8
17,2,14,7,7
18,5,10,1,2
19,10,12,1,14
20,13,8,1,9
21,14,13,1,1
22,10,4,12,10
23,5,14,6,12
24,7,8,10,1
25,11,8,7,11
26,9,3,14,9
27,0,5,5,6
28,2,10,12,3
29,14,12,11,6
30,10,1,13,1
31,9,2,4,1
32,5,6,5,15
33,12,9,11,1
34,4,2,15,6
35,12,1,12,0
36,11,1,3,7
37,9,6,3,9
38,5,8,8,13
39,11,0,2,8
40,8,8,12,4
41,11,12,5,0
42,11,11,10,2
43,11,14,2,0
44,2,11,1,6
45,15,11,9,4
46,7,4,3,11
47,15,7,15,12
