9
Grid:
16,16
................
................
................
................
................
................
................
................
................
................
................
................
................
................
................
................
Agents:
50
0,11,1,11,11
1,15,1,7,3
2,11,0,13,6
3,6,8,15,2
4,1,10,1,9
5,4,3,14,7
6,9,8,4,15
7,12,5,12,11
8,14,2,7,11
9,14,5,2,7
10,7,11,7,9
11,9,14,11,15
12,8,7,5,2
13,12,4,3,13
14,2,14,0,10
15,0,5,8,8
16,3,4,12,7
17,1,3,1,11
18,6,9,2,11
19,4,11,2,13
20,10,10,4,4
21,8,3,8,7
22,3,10,9,14
23,13,7,15,8
24,1,12,10,10
25,12,15,3,8
26,14,6,8,9
27,9,4,11,7
28,8,13,11,6
29,4,1,14,13
30,6,3,1,15
31,10,14,2,5
32,7,9,7,12
33,15,5,3,0
34,13,3,15,5
35,10,13,8,2
36,3,6,9,5
37,1,1,1,14
38,6,13,1,1
39,10,8,5,0
40,0,1,5,8
41,4,5,8,5
42,8,4,0,0
43,0,8,15,3
44,12,7,0,1
45,1,11,12,3
46,11,12,13,5
47,9,15,12,5
48,14,0,1,5
49,1,9,10,5
