5
Grid:
16,16
................
................
................
................
................
................
................
................
................
................
................
................
................
................
................
................
Agents:
70
0,10,14,15,15
1,12,11,3,6
2,14,3,9,6
3,13,6,7,8
4,7,5,4,1
5,9,4,6,13
6,11,0,2,0
7,10,6,1,10
8,4,14,15,2
9,8,6,13,2
10,2,4,1,8
11,0,14,13,4
12,2,2,7,3
13,5,7,15,7
14,6,6,13,10
15,4,1,11,9
16,4,11,2,13
17,1,5,14,13
18,3,7,1,7
19,6,3,4,15
20,14,8,5,9
21,4,2,12,15
22,14,7,0,9
23,12,0,11,11
24,9,3,5,12
25,4,8,10,3
26,7,2,15,12
27,12,6,0,3
28,13,13,15,10
29,9,12,3,3
30,14,6,1,15
31,0,1,12,0
32,1,7,5,14
33,0,15,5,11
34,15,4,7,12
35,3,13,5,0
36,8,5,14,1
37,8,9,9,0
38,15,14,10,4
39,0,10,1,5
40,5,4,13,3
41,13,2,3,1
42,2,11,3,4
43,10,1,11,8
44,14,10,4,13
45,13,9,3,9
46,5,8,13,14
47,8,3,10,15
48,0,6,10,6
49,6,13,0,11
50,0,5,2,4
51,15,1,15,5
52,10,3,1,13
53,7,15,10,14
54,13,14,9,14
55,7,9,1,2
56,9,13,13,1
57,14,5,9,8
58,13,15,12,7
59,0,4,14,12
60,0,0,13,9
61,1,11,9,11
62,12,8,14,2
63,6,11,3,8
64,2,8,5,7
65,2,12,4,9
66,15,10,7,6
67,9,7,13,11
68,12,12,2,6
69,8,2,0,1
