1
Grid:
16,16
................
................
................
................
................
................
................
................
................
................
................
................
................
................
................
................
Agents:
36
0,7,5,2,3
1,12,0,6,4
2,5,3,5,8
3,9,11,15,4
4,12,13,2,8
5,11,2,0,8
6,11,10,9,4
7,10,12,7,5
8,4,11,2,13
9,3,13,13,1
10,8,9,4,6
11,12,4,9,7
12,8,6,13,6
13,2,9,14,12
14,4,9,7,1
15,13,6,1,6
16,1,14,1,8
17,3,9,14,6
18,12,6,11,9
19,0,10,7,13
20,14,15,10,14
21,5,7,7,8
22,12,10,1,4
23,5,4,3,3
24,4,2,15,14
25,11,14,12,2
26,9,7,5,3
27,7,14,6,1
28,1,0,5,0
29,15,2,0,0
30,9,2,9,2
31,12,7,7,14
32,10,5,15,0
33,7,10,2,5
34,0,1,7,3
35,8,2,9,5
