6
Grid:
16,16
................
................
................
................
................
................
................
................
................
................
................
................
................
................
................
................
Agents:
64
0,2,8,14,0
1,11,14,12,3
2,14,0,10,9
3,2,11,8,14
4,13,2,6,4
5,4,12,4,12
6,3,10,13,1
7,2,13,2,10
8,2,14,4,15
9,9,4,1,4
10,13,5,2,7
11,2,9,4,4
12,14,5,12,2
13,8,7,13,8
14,13,6,1,7
15,11,6,6,14
16,0,10,0,10
17,13,8,11,0
18,10,10,0,11
19,12,14,11,10
20,15,10,4,3
21,15,9,7,0
22,12,11,1,11
23,8,8,11,11
24,15,11,12,15
25,9,1,0,2
26,11,13,2,8
27,1,13,4,11
28,6,2,5,10
29,7,10,8,9
30,14,7,10,3
31,6,13,1,8
32,11,8,8,5
33,13,9,14,6
34,2,7,4,13
35,2,10,6,12
36,4,3,10,8
37,5,9,7,2
38,12,2,2,14
39,13,0,9,2
40,7,1,8,8
41,13,10,3,11
42,11,3,11,6
43,9,15,11,13
44,10,2,9,11
45,6,4,15,7
46,12,8,12,0
47,2,15,6,13
48,0,15,5,15
49,11,5,2,0
50,15,0,3,10
51,8,14,7,1
52,7,12,11,8
53,5,13,14,8
54,11,7,14,1
55,2,12,6,6
56,9,12,7,14
57,15,13,3,3
58,12,15,10,2
59,3,0,7,12
60,4,2,13,7
61,8,12,9,4
62,11,10,13,11
63,8,5,15,9
