9
Grid:
16,16
................
................
................
................
................
................
................
................
................
................
................
................
................
................
................
................
Agents:
66
0,10,10,11,1
1,2,0,3,13
2,10,1,14,13
3,4,7,7,6
4,9,7,8,1
5,8,1,8,4
6,13,9,1,13
7,10,14,12,9
8,5,5,8,10
9,9,5,8,12
10,8,11,9,1
11,1,10,4,5
12,2,6,10,7
13,15,11,15,3
14,5,0,7,4
15,3,3,14,4
16,12,4,9,13
17,15,9,3,3
18,13,0,12,15
19,0,9,3,8
20,13,6,10,2
21,8,10,11,14
22,6,13,10,9
23,3,8,1,10
24,2,13,0,15
25,10,15,13,7
26,14,3,14,14
27,2,9,1,11
28,1,9,6,15
29,3,4,5,5
30,7,8,15,9
31,8,9,3,4
32,5,15,7,14
33,13,10,7,8
34,2,8,2,10
35,15,2,10,12
36,9,15,3,7
37,12,10,4,11
38,0,12,14,11
39,11,12,1,7
40,11,7,12,1
41,11,9,13,14
42,14,7,14,9
43,7,4,8,7
44,2,3,7,3
45,2,14,0,0
46,6,8,10,8
47,7,11,8,9
48,5,6,11,3
49,3,15,12,10
50,12,8,6,10
51,4,11,15,0
52,10,8,10,6
53,0,14,3,12
54,11,13,8,15
55,7,14,5,2
56,5,1,12,0
57,8,4,10,5
58,10,7,1,4
59,4,15,4,14
60,10,12,4,12
61,2,4,11,6
62,5,14,4,6
63,7,5,10,13
64,7,10,3,2
65,15,6,9,14
