6
Grid:
16,16
................
................
................
................
................
................
................
................
................
................
................
................
................
................
................
................
Agents:
54
0,5,11,7,3
1,9,6,13,0
2,6,8,11,8
3,8,10,5,9
4,2,6,4,13
5,6,1,9,12
6,7,13,0,4
7,12,9,1,7
8,4,13,11,4
9,6,14,3,6
10,1,14,1,8
11,9,10,8,3
12,4,4,9,14
13,11,14,12,5
14,1,6,14,8
15,1,12,5,13
16,4,10,11,7
17,5,5,15,9
18,8,1,9,2
19,0,10,14,13
20,4,2,10,1
21,11,4,4,7
22,13,10,10,9
23,13,5,5,2
24,14,0,8,7
25,12,4,3,5
26,8,5,2,8
27,0,6,5,11
28,2,15,12,0
29,1,1,6,3
30,13,9,12,11
31,8,12,11,6
32,13,12,2,14
33,8,7,13,6
34,0,2,3,3
35,12,11,14,1
36,10,14,6,1
37,3,4,8,2
38,12,10,3,9
39,7,5,10,7
40,15,1,8,9
41,10,13,10,2
42,3,14,4,9
43,3,8,14,4
44,0,15,9,5
45,10,15,0,12
46,0,3,0,1
47,13,0,9,9
48,13,6,11,15
49,0,9,2,11
50,7,12,12,13
51,11,1,7,15
52,3,13,2,4
53,3,6,14,2
