7
Grid:
16,16
................
................
................
................
................
................
................
................
................
................
................
................
................
................
................
................
Agents:
50
0,4,10,6,0
1,6,9,3,11
2,7,0,2,10
3,1,15,5,9
4,12,5,11,6
5,13,12,9,11
6,5,14,7,12
7,6,8,15,15
8,10,1,11,3
9,8,0,14,6
10,7,10,7,10
11,2,3,5,3
12,15,2,0,5
13,4,1,9,14
14,6,10,14,15
15,3,4,12,15
16,14,10,8,1
17,3,1,1,9
18,1,11,3,7
19,14,3,7,5
20,13,6,8,15
21,4,0,9,6
22,0,0,6,7
23,2,4,12,10
24,13,13,2,8
25,12,10,3,12
26,8,2,4,15
27,9,4,2,1
28,11,15,11,0
29,10,2,13,6
30,1,1,3,8
31,10,15,6,1
32,13,7,0,9
33,15,11,0,8
34,12,15,3,6
35,14,4,0,15
36,0,4,0,11
37,7,2,13,8
38,12,6,10,9
39,12,11,12,3
40,1,14,13,11
41,5,1,4,4
42,13,3,1,6
43,14,15,8,11
44,6,2,7,1
45,6,6,15,9
46,13,0,12,1
47,14,9,0,3
48,11,0,8,6
49,6,7,14,5
