4
Grid:
16,16
................
................
................
................
................
................
................
................
................
................
................
................
................
................
................
................
Agents:
56
0,7,8,13,7
1,5,0,11,1
2,6,5,4,8
3,5,5,14,9
4,13,2,4,15
5,7,7,10,15
6,14,2,4,3
7,3,9,9,5
8,0,3,8,14
9,10,2,7,1
10,4,3,2,4
11,4,2,10,13
12,9,1,6,5
13,2,9,10,6
14,12,0,10,7
15,7,14,0,0
16,6,2,3,1
17,11,3,5,6
18,5,8,4,7
19,6,3,11,15
20,12,13,12,3
21,11,2,12,15
22,0,2,5,13
23,5,15,9,8
24,15,3,2,3
25,3,2,8,3
26,2,12,5,9
27,9,13,15,2
28,11,8,3,10
29,0,11,8,2
30,7,15,13,11
31,3,7,1,12
32,13,6,11,12
33,7,6,13,4
34,1,15,15,1
35,3,13,11,10
36,0,4,12,1
37,4,4,12,4
38,2,7,14,5
39,15,2,13,6
40,1,0,5,3
41,0,7,10,2
42,9,14,2,15
43,2,2,11,8
44,2,4,8,10
45,11,5,3,12
46,11,12,4,5
47,11,15,15,10
48,8,11,0,7
49,13,7,2,7
50,4,11,7,2
51,8,15,12,13
52,0,0,14,12
53,5,12,5,14
54,5,6,6,7
55,9,8,14,10
