3
Grid:
16,16
................
................
................
................
................
................
................
................
................
................
................
................
................
................
................
................
Agents:
62
0,1,7,3,14
1,13,13,0,15
2,1,12,12,6
3,7,1,15,9
4,8,7,11,8
5,2,8,8,4
6,7,2,9,11
7,6,3,13,4
8,10,13,5,10
9,3,8,1,14
10,13,3,2,13
11,4,2,11,1
12,3,10,8,8
13,13,1,6,6
14,13,6,12,9
15,12,4,15,15
16,14,12,10,9
17,7,7,12,12
18,0,4,1,9
19,8,9,11,11
20,7,3,11,14
21,0,0,7,4
22,10,15,1,7
23,0,14,7,9
24,9,13,6,10
25,9,6,6,13
26,15,6,14,7
27,10,11,12,14
28,12,3,9,14
29,4,9,15,14
30,11,2,10,0
31,5,0,6,15
32,7,9,1,4
33,11,11,6,7
34,11,0,1,0
35,0,13,4,3
36,2,13,10,5
37,6,13,8,13
38,9,12,13,12
39,14,1,15,3
40,1,13,3,12
41,15,11,15,4
42,5,4,3,5
43,14,7,10,12
44,4,8,2,1
45,9,15,10,6
46,6,15,9,2
47,15,8,14,1
48,2,4,8,5
49,5,5,15,13
50,8,12,4,5
51,5,15,9,12
52,8,3,6,0
53,15,15,3,4
54,4,4,3,2
55,12,13,7,1
56,8,13,8,2
57,11,15,1,11
58,12,9,2,2
59,8,10,2,11
60,3,6,4,0
61,7,11,7,15
