1
Grid:
16,16
................
................
................
................
................
................
................
................
................
................
................
................
................
................
................
................
Agents:
20
0,14,11,14,9
1,4,12,5,8
2,6,14,9,6
3,15,15,6,14
4,1,5,13,7
5,2,3,7,9
6,6,9,13,5
7,15,11,0,3
8,11,4,8,3
9,2,10,14,11
10,11,8,11,0
11,7,1,13,12
12,3,7,9,12
13,12,8,6,6
14,15,1,11,11
15,15,8,12,5
16,10,9,0,7
17,3,15,4,10
18,12,12,2,12
19,5,12,3,12
