9
Grid:
16,16
................
................
................
................
................
................
................
................
................
................
................
................
................
................
................
................
Agents:
62
0,0,14,9,15
1,7,3,4,15
2,9,12,1,8
3,7,9,2,4
4,8,1,12,4
5,3,10,10,7
6,3,5,4,6
7,8,15,4,2
8,14,8,10,1
9,2,10,6,8
10,8,8,0,9
11,0,7,11,5
12,11,13,12,0
13,4,10,0,14
14,12,12,9,4
15,7,7,0,15
16,15,7,3,10
17,11,0,15,2
18,6,9,1,9
19,15,5,15,9
20,11,15,8,2
21,5,3,1,11
22,6,13,13,15
23,0,5,7,15
24,12,7,12,5
25,4,1,0,10
26,13,14,9,13
27,14,15,14,8
28,7,11,4,8
29,8,13,2,1
30,10,11,8,10
31,10,7,13,3
32,8,4,15,10
33,14,9,15,7
34,2,12,0,7
35,1,14,10,14
36,13,15,1,1
37,13,4,13,7
38,8,6,2,7
39,9,0,3,6
40,10,4,14,13
41,2,7,14,1
42,2,3,3,2
43,2,9,13,9
44,10,9,15,5
45,2,4,4,14
46,7,0,15,13
47,0,3,10,11
48,13,9,4,10
49,4,3,9,9
50,1,6,2,6
51,5,1,5,10
52,2,6,11,12
53,15,15,2,13
54,12,8,6,5
55,4,9,3,1
56,6,8,8,4
57,0,6,12,2
58,15,1,10,2
59,9,9,6,15
60,5,4,15,3
61,15,10,12,11
