3
Grid:
16,16
................
................
................
................
................
................
................
................
................
................
................
................
................
................
................
................
Agents:
70
0,11,12,14,8
1,14,10,3,8
2,3,9,0,4
3,5,12,10,8
4,11,13,5,14
5,5,15,4,10
6,13,2,2,5
7,1,9,15,7
8,2,9,4,7
9,14,0,13,3
10,12,7,8,4
11,9,4,0,5
12,6,8,2,13
13,13,9,12,3
14,10,2,5,8
15,10,6,4,0
16,13,13,6,14
17,7,5,1,7
18,11,10,1,2
19,8,0,13,13
20,14,3,4,13
21,5,8,9,6
22,1,11,12,6
23,10,10,10,5
24,4,13,10,2
25,4,1,12,11
26,9,2,2,1
27,12,4,14,10
28,4,10,3,15
29,12,11,10,9
30,2,14,14,6
31,1,0,9,5
32,11,11,12,12
33,14,7,9,14
34,0,13,7,6
35,3,11,1,8
36,12,10,11,6
37,1,2,8,11
38,2,1,2,11
39,6,13,0,6
40,4,2,6,3
41,0,12,2,4
42,5,2,10,7
43,9,9,15,9
44,15,9,15,1
45,14,13,2,3
46,0,2,3,14
47,2,2,14,3
48,12,8,3,6
49,6,4,1,0
50,11,9,4,1
51,2,6,10,13
52,15,8,3,5
53,9,13,7,2
54,0,3,7,7
55,9,0,13,10
56,8,5,5,4
57,10,0,8,1
58,1,4,4,11
59,15,0,4,2
60,10,14,8,10
61,15,15,1,15
62,1,12,2,12
63,0,1,8,0
64,12,12,9,4
65,2,0,7,15
66,10,13,10,4
67,7,7,11,5
68,5,11,8,13
69,5,10,14,7
