4
Grid:
16,16
................
................
................
................
................
................
................
................
................
................
................
................
................
................
................
................
Agents:
22
0,0,13,7,6
1,0,12,6,1
2,15,9,13,9
3,0,1,15,3
4,15,3,10,4
5,15,12,10,1
6,4,15,10,2
7,11,8,2,4
8,11,10,6,14
9,3,7,11,8
10,7,13,1,0
11,13,6,2,13
12,12,9,0,3
13,1,12,14,7
14,2,14,6,3
15,4,3,7,3
16,5,0,1,8
17,6,0,13,12
18,0,0,9,5
19,3,13,9,15
20,2,9,4,1
21,10,0,15,13
