0
Grid:
16,16
................
................
................
................
................
................
................
................
................
................
................
................
................
................
................
................
Agents:
70
0,8,15,11,3
1,14,11,12,6
2,12,0,3,3
3,3,1,14,0
4,7,5,15,6
5,9,2,9,2
6,2,14,7,0
7,4,14,0,11
8,7,3,8,2
9,14,8,6,5
10,2,5,13,9
11,14,3,15,9
12,5,13,6,2
13,11,12,14,2
14,2,4,0,9
15,10,12,10,14
16,2,0,7,2
17,4,9,14,15
18,3,9,4,6
19,10,10,1,9
20,0,13,10,7
21,1,14,7,11
22,5,4,6,11
23,12,8,13,5
24,3,0,0,6
25,13,9,3,15
26,10,5,14,4
27,5,11,10,15
28,11,14,7,4
29,6,10,15,3
30,11,13,7,8
31,9,3,5,7
32,8,5,1,0
33,13,1,8,8
34,1,3,11,2
35,14,6,6,8
36,0,10,9,12
37,4,3,0,14
38,3,12,7,10
39,12,9,12,3
40,14,4,5,11
41,5,5,0,12
42,10,13,6,9
43,6,0,7,14
44,8,13,8,0
45,0,6,5,8
46,6,4,9,8
47,7,7,9,11
48,4,12,5,12
49,11,9,10,10
50,4,1,14,10
51,13,12,5,2
52,1,8,8,15
53,11,10,11,4
54,14,5,4,2
55,10,6,13,10
56,9,13,14,5
57,8,3,8,10
58,2,10,12,5
59,4,0,0,13
60,11,11,10,3
61,7,15,13,13
62,0,3,3,13
63,7,14,7,1
64,9,10,14,7
65,14,0,0,15
66,2,6,6,13
67,5,14,8,9
68,8,0,2,9
69,13,13,15,8
