8
Grid:
16,16
................
................
................
................
................
................
................
................
................
................
................
................
................
................
................
................
Agents:
26
0,11,9,0,5
1,7,15,5,6
2,14,13,9,12
3,2,13,5,13
4,6,15,8,8
5,3,11,8,0
6,6,9,0,12
7,15,14,4,14
8,11,13,14,7
9,13,8,13,0
10,15,9,2,8
11,10,7,15,6
12,8,0,15,13
13,0,11,5,3
14,7,10,11,14
15,5,3,5,10
16,13,11,9,0
17,1,6,13,15
18,0,13,8,15
19,8,12,11,0
20,3,10,9,15
21,7,14,10,9
22,1,13,1,2
23,4,9,1,8
24,5,12,7,14
25,11,3,2,0
