4
Grid:
16,16
................
................
................
................
................
................
................
................
................
................
................
................
................
................
................
................
Agents:
60
0,15,13,10,11
1,1,9,14,1
2,1,13,2,5
3,4,11,1,15
4,11,13,12,14
5,5,8,12,5
6,0,15,6,0
7,6,15,11,12
8,6,9,9,7
9,14,5,14,9
10,1,14,10,8
11,10,9,6,13
12,5,1,8,8
13,5,15,6,10
14,0,9,10,9
15,4,7,2,9
16,0,5,2,12
17,11,15,4,13
18,3,6,1,2
19,14,3,13,6
20,0,14,1,4
21,7,10,15,4
22,6,5,5,10
23,10,0,9,14
24,0,1,13,15
25,8,9,9,2
26,11,2,13,4
27,14,8,6,14
28,7,3,11,10
29,6,11,4,4
30,13,12,9,3
31,3,9,3,3
32,14,0,6,7
33,3,15,2,8
34,9,15,12,10
35,11,11,13,11
36,5,2,1,6
37,2,0,14,8
38,6,4,0,2
39,10,14,5,12
40,8,2,15,10
41,15,7,15,1
42,9,9,10,1
43,0,11,9,1
44,15,10,12,3
45,13,4,3,7
46,6,13,7,14
47,7,9,5,9
48,13,5,1,10
49,7,1,2,15
50,5,12,8,6
51,4,9,7,8
52,11,14,8,15
53,6,6,7,0
54,12,1,0,13
55,3,0,5,6
56,10,6,6,4
57,15,14,6,12
58,1,11,10,15
59,9,4,11,6
