5
Grid:
16,16
................
................
................
................
................
................
................
................
................
................
................
................
................
................
................
................
Agents:
46
0,4,2,10,15
1,10,3,3,9
2,14,15,15,13
3,6,9,3,15
4,10,11,13,1
5,12,8,2,3
6,15,4,2,0
7,11,12,12,3
8,9,12,13,12
9,11,4,8,2
10,10,10,10,10
11,8,10,6,2
12,0,6,10,11
13,2,13,7,12
14,4,6,3,1
15,0,7,3,11
16,15,6,12,14
17,6,4,13,9
18,15,12,11,7
19,2,10,6,10
20,14,6,3,7
21,13,7,8,7
22,5,6,11,12
23,3,5,6,9
24,11,9,12,8
25,9,4,11,0
26,9,9,0,2
27,9,0,3,4
28,3,7,10,0
29,13,8,4,3
30,5,4,0,8
31,0,1,15,12
32,8,7,8,0
33,5,5,7,9
34,12,15,8,5
35,2,0,3,10
36,12,2,7,1
37,13,9,11,3
38,0,11,10,2
39,10,14,1,8
40,10,1,0,13
41,1,12,14,3
42,13,5,4,14
43,12,5,3,5
44,0,8,6,6
45,15,9,12,15
