6
Grid:
16,16
................
................
................
................
................
................
................
................
................
................
................
................
................
................
................
................
Agents:
56
0,2,12,8,11
1,0,14,4,13
2,1,10,13,11
3,5,6,9,0
4,8,15,11,11
5,15,9,5,13
6,8,7,2,1
7,6,7,9,9
8,8,1,13,0
9,4,2,0,3
10,9,7,1,4
11,2,2,3,5
12,1,15,3,10
13,0,2,9,4
14,11,9,11,8
15,11,8,12,12
16,14,12,13,10
17,11,1,5,12
18,3,11,12,6
19,3,12,4,5
20,1,4,8,8
21,0,5,11,10
22,9,6,5,6
23,13,12,14,2
24,13,5,3,3
25,10,9,3,7
26,8,13,10,2
27,5,10,14,4
28,7,3,8,12
29,5,8,13,3
30,15,12,4,7
31,13,14,14,12
32,12,9,14,13
33,14,10,15,6
34,11,6,6,7
35,13,4,10,5
36,6,13,5,14
37,8,11,12,1
38,2,4,6,13
39,5,5,11,0
40,15,1,10,8
41,15,0,0,8
42,6,0,9,3
43,10,0,14,0
44,6,10,14,8
45,12,4,10,0
46,7,2,1,13
47,8,0,2,14
48,8,3,1,8
49,0,6,15,3
50,8,5,7,7
51,3,1,6,9
52,12,0,2,10
53,4,10,0,10
54,6,11,15,0
55,7,7,1,0
