0
Grid:
16,16
................
................
................
................
................
................
................
................
................
................
................
................
................
................
................
................
Agents:
58
0,14,15,6,11
1,2,1,3,5
2,15,6,15,4
3,6,3,0,9
4,12,9,5,11
5,12,11,1,6
6,11,1,9,7
7,4,0,4,1
8,5,10,14,12
9,14,3,11,9
10,11,5,2,4
11,15,7,0,5
12,1,2,7,15
13,7,14,8,2
14,11,4,11,5
15,11,2,13,5
16,9,1,14,7
17,0,15,12,4
18,6,4,12,13
19,0,11,14,9
20,13,4,12,0
21,5,4,3,14
22,11,6,0,15
23,7,5,13,1
24,8,1,9,5
25,2,10,8,4
26,3,10,11,14
27,14,8,2,12
28,0,13,3,3
29,8,7,5,6
30,14,10,0,3
31,0,5,2,10
32,10,1,15,10
33,10,3,5,9
34,5,7,7,6
35,0,10,12,1
36,11,10,2,14
37,10,2,15,1
38,6,9,10,12
39,1,0,7,9
40,15,15,1,8
41,2,8,3,11
42,14,11,12,7
43,3,3,11,2
44,12,5,4,15
45,12,13,8,9
46,6,1,14,10
47,4,13,15,7
48,5,2,9,11
49,7,1,13,12
50,5,6,10,8
51,8,5,10,13
52,0,6,8,12
53,2,12,9,9
54,1,14,10,10
55,6,13,12,11
56,7,8,11,3
57,6,15,6,2
