4
Grid:
16,16
................
................
................
................
................
................
................
................
................
................
................
................
................
................
................
................
Agents:
66
0,6,7,10,4
1,1,6,4,0
2,8,1,10,1
3,4,10,3,10
4,4,15,11,4
5,13,15,2,13
6,7,2,2,2
7,15,11,5,2
8,13,5,11,12
9,2,7,13,15
10,10,6,15,6
11,4,6,6,15
12,5,6,4,8
13,0,14,0,3
14,8,5,12,4
15,9,10,13,13
16,2,12,11,0
17,8,4,12,5
18,0,8,7,9
19,8,10,10,14
20,8,14,5,10
21,9,11,8,8
22,13,10,1,1
23,4,8,8,6
24,4,9,6,2
25,7,9,4,6
26,14,15,14,10
27,9,0,3,5
28,3,11,3,2
29,1,2,7,4
30,2,14,1,8
31,6,3,1,15
32,12,11,5,13
33,10,4,0,4
34,13,8,15,14
35,15,12,14,8
36,12,8,14,12
37,8,11,2,11
38,9,15,5,0
39,12,3,7,6
40,2,8,7,7
41,1,5,3,11
42,7,6,2,6
43,9,2,5,12
44,12,10,11,10
45,5,10,10,2
46,13,9,9,11
47,15,9,9,8
48,14,3,14,1
49,12,6,12,15
50,3,10,9,3
51,2,5,4,11
52,15,10,7,3
53,0,6,0,12
54,9,5,14,11
55,12,7,2,15
56,14,12,5,4
57,0,1,1,0
58,3,14,0,5
59,8,15,7,12
60,0,10,4,15
61,3,6,0,7
62,3,5,7,2
63,2,1,3,14
64,6,15,13,10
65,5,8,12,1
