4
Grid:
16,16
................
................
................
................
................
................
................
................
................
................
................
................
................
................
................
................
Agents:
46
0,5,1,12,8
1,10,5,0,7
2,7,14,6,6
3,15,0,15,4
4,14,1,11,10
5,10,7,12,6
6,1,6,5,7
7,10,3,0,4
8,1,3,4,6
9,2,3,2,0
10,1,14,1,11
11,0,8,9,2
12,12,10,2,12
13,13,7,13,4
14,3,7,8,2
15,8,11,1,15
16,0,7,7,13
17,9,0,12,12
18,11,4,11,6
19,9,12,2,14
20,10,9,11,4
21,7,13,2,15
22,11,5,8,15
23,13,13,13,7
24,10,1,5,5
25,14,13,5,15
26,1,2,3,7
27,4,6,9,4
28,1,1,3,4
29,8,12,6,13
30,1,7,2,5
31,12,6,4,12
32,8,15,12,3
33,6,10,8,13
34,12,9,14,8
35,7,12,5,9
36,9,6,7,5
37,9,7,0,10
38,7,2,2,1
39,13,0,9,10
40,13,2,12,4
41,9,11,11,2
42,9,14,5,4
43,3,2,6,1
44,15,10,14,2
45,12,12,9,7
