8
Grid:
16,16
................
................
................
................
................
................
................
................
................
................
................
................
................
................
................
................
Agents:
38
0,4,13,6,13
1,3,15,8,10
2,3,2,9,2
3,3,12,15,3
4,4,8,12,14
5,2,3,0,4
6,8,5,8,1
7,4,4,8,9
8,13,11,4,15
9,7,9,0,14
10,9,4,3,8
11,9,10,3,7
12,10,0,13,15
13,8,13,3,15
14,4,9,14,0
15,2,1,2,4
16,7,12,11,1
17,0,11,13,3
18,12,1,10,4
19,6,15,15,15
20,14,11,3,12
21,8,7,9,14
22,8,8,12,9
23,15,15,6,4
24,2,9,14,4
25,1,11,13,7
26,6,8,3,2
27,8,2,6,0
28,3,7,4,6
29,3,8,5,10
30,1,7,15,6
31,13,7,3,14
32,11,8,4,0
33,8,12,13,14
34,4,7,3,13
35,10,14,5,0
36,0,4,12,12
37,2,2,1,15
