2
Grid:
16,16
................
................
................
................
................
................
................
................
................
................
................
................
................
................
................
................
Agents:
34
0,12,12,15,15
1,3,7,0,7
2,9,13,2,14
3,15,10,8,1
4,3,9,12,8
5,0,8,10,9
6,3,15,0,15
7,9,0,6,10
8,2,4,11,6
9,7,7,5,6
10,5,2,0,4
11,2,5,7,5
12,13,15,2,13
13,8,13,7,13
14,7,10,10,3
15,14,5,14,2
16,1,12,3,10
17,12,0,8,14
18,2,13,10,13
19,11,12,4,9
20,14,4,9,1
21,10,14,1,15
22,12,4,2,9
23,14,6,11,7
24,10,11,8,4
25,6,1,6,4
26,5,3,13,0
27,0,3,2,0
28,15,2,5,14
29,10,10,14,14
30,6,6,7,1
31,3,8,13,5
32,13,5,15,5
33,9,10,7,4
