0
Grid:
16,16
................
................
................
................
................
................
................
................
................
................
................
................
................
................
................
................
Agents:
66
0,11,2,2,15
1,0,6,2,10
2,4,11,1,7
3,7,8,12,9
4,15,3,3,6
5,13,3,15,13
6,1,2,8,11
7,2,8,0,1
8,15,10,5,3
9,15,9,6,7
10,5,10,6,10
11,1,14,8,5
12,4,8,11,9
13,12,11,11,8
14,11,5,3,7
15,8,14,14,8
16,14,4,12,14
17,6,13,2,13
18,11,13,4,4
19,10,0,14,1
20,8,4,11,3
21,11,15,9,5
22,9,3,14,3
23,8,2,13,8
24,13,5,3,5
25,3,7,12,7
26,1,11,11,5
27,15,12,2,6
28,12,9,0,3
29,10,14,5,1
30,4,12,8,0
31,9,6,13,2
32,14,2,7,5
33,15,4,5,15
34,2,12,13,1
35,2,5,14,0
36,15,8,13,10
37,3,9,11,12
38,10,6,1,2
39,11,12,14,4
40,7,0,14,11
41,14,14,12,13
42,3,15,0,9
43,9,12,14,7
44,10,13,1,15
45,6,1,10,6
46,8,5,1,12
47,12,6,4,0
48,8,3,14,13
49,1,7,6,14
50,3,14,6,6
51,1,5,5,13
52,3,0,10,3
53,0,3,2,8
54,10,2,8,13
55,0,0,10,1
56,15,1,7,8
57,11,9,4,11
58,7,6,15,9
59,4,7,6,4
60,5,0,4,9
61,8,12,9,0
62,11,3,6,11
63,8,8,15,5
64,13,8,15,15
65,5,11,13,12
