3
Grid:
16,16
................
................
................
................
................
................
................
................
................
................
................
................
................
................
................
................
Agents:
68
0,13,5,3,14
1,11,5,7,3
2,8,5,15,11
3,11,1,9,5
4,9,2,6,3
5,3,12,9,9
6,11,7,6,0
7,2,5,10,13
8,5,10,2,12
9,12,7,12,7
10,10,11,3,2
11,1,2,0,14
12,4,10,2,14
13,12,2,1,14
14,6,8,8,0
15,8,6,5,7
16,7,0,1,9
17,1,0,3,9
18,2,11,10,0
19,5,3,6,2
20,0,10,13,14
21,13,8,8,11
22,8,11,14,8
23,2,7,8,8
24,11,2,5,6
25,1,9,0,3
26,1,5,13,15
27,12,1,0,8
28,3,8,12,12
29,1,14,3,1
30,9,9,3,6
31,10,0,5,0
32,10,12,14,5
33,6,1,15,15
34,2,9,5,2
35,5,8,2,5
36,7,15,7,12
37,14,9,6,10
38,10,8,3,11
39,8,4,8,6
40,6,3,3,13
41,6,14,0,1
42,5,2,8,10
43,3,0,12,1
44,12,9,12,10
45,10,6,9,13
46,15,13,9,4
47,13,12,8,2
48,7,7,1,15
49,1,10,0,2
50,0,8,11,7
51,4,8,11,4
52,14,13,3,15
53,2,10,10,5
54,14,8,8,13
55,6,4,7,10
56,3,7,4,15
57,9,12,9,8
58,7,6,1,11
59,4,9,5,12
60,14,15,4,3
61,13,0,8,3
62,15,0,7,7
63,12,14,1,6
64,3,11,14,13
65,3,14,7,4
66,4,6,15,2
67,13,2,14,10
