3
Grid:
16,16
................
................
................
................
................
................
................
................
................
................
................
................
................
................
................
................
Agents:
20
0,3,12,13,2
1,1,6,8,7
2,4,6,14,6
3,7,9,10,12
4,14,13,1,4
5,3,6,10,14
6,6,13,4,5
7,7,3,5,3
8,5,7,2,0
9,4,11,5,1
10,14,0,7,8
11,11,9,11,11
12,14,6,13,3
13,8,5,2,6
14,1,8,0,7
15,12,0,2,14
16,6,2,14,5
17,8,9,3,0
18,6,15,2,9
19,8,4,7,11
