8
Grid:
16,16
................
................
................
................
................
................
................
................
................
................
................
................
................
................
................
................
Agents:
42
0,12,5,10,12
1,14,9,3,15
2,13,1,5,14
3,14,3,6,14
4,13,9,0,3
5,14,12,0,6
6,10,5,9,3
7,13,15,4,7
8,8,9,11,13
9,6,13,10,9
10,12,14,8,15
11,7,2,4,9
12,5,11,8,1
13,1,8,1,10
14,2,7,6,5
15,0,3,6,9
16,10,9,2,13
17,15,15,11,8
18,5,9,12,4
19,14,8,8,10
20,0,6,11,2
21,11,6,4,1
22,3,10,12,7
23,3,14,13,4
24,2,3,14,15
25,15,14,9,7
26,14,14,15,4
27,4,1,1,6
28,0,5,10,5
29,1,5,1,13
30,9,11,12,9
31,2,0,10,10
32,5,13,4,8
33,9,15,12,6
34,11,12,5,11
35,14,4,0,0
36,13,0,14,3
37,7,14,3,2
38,8,6,8,14
39,5,4,3,9
40,4,12,3,11
41,4,11,2,7
