4
Grid:
16,16
................
................
................
................
................
................
................
................
................
................
................
................
................
................
................
................
Agents:
44
0,7,5,7,8
1,6,9,13,7
2,4,1,13,9
3,15,5,6,5
4,0,13,9,10
5,15,2,11,0
6,13,5,14,9
7,7,7,2,3
8,4,9,1,15
9,3,15,5,2
10,0,12,10,15
11,3,5,10,1
12,4,3,2,15
13,4,0,9,1
14,9,7,6,8
15,0,3,1,10
16,4,5,8,7
17,13,6,1,9
18,10,3,1,14
19,1,1,6,10
20,15,10,3,6
21,7,3,5,3
22,11,14,2,5
23,15,12,15,10
24,14,1,2,2
25,12,11,3,8
26,3,10,14,14
27,13,9,5,13
28,8,15,4,5
29,9,6,0,0
30,2,15,5,14
31,11,12,4,8
32,5,12,15,12
33,10,11,11,3
34,1,0,13,15
35,10,5,11,5
36,3,8,8,15
37,1,7,14,3
38,11,5,8,13
39,1,3,4,10
40,9,0,11,15
41,2,4,7,1
42,15,7,4,11
43,12,0,3,2
