4
Grid:
16,16
................
................
................
................
................
................
................
................
................
................
................
................
................
................
................
................
Agents:
52
0,8,10,10,3
1,9,15,8,5
2,4,4,12,15
3,3,6,15,2
4,6,15,0,14
5,13,6,12,10
6,11,4,10,7
7,13,2,8,2
8,8,2,4,13
9,9,8,11,7
10,8,6,4,15
11,11,11,10,9
12,4,12,3,8
13,12,15,15,12
14,10,14,4,6
15,3,1,14,1
16,2,15,0,10
17,11,15,15,1
18,1,6,6,11
19,5,4,7,14
20,10,9,13,4
21,0,11,5,6
22,4,14,14,0
23,14,13,11,4
24,2,14,9,1
25,6,14,12,11
26,10,2,1,2
27,14,14,11,5
28,11,8,2,4
29,7,4,6,4
30,12,8,1,0
31,12,12,3,6
32,4,11,7,10
33,9,14,15,7
34,0,2,6,8
35,13,4,15,10
36,14,15,11,10
37,6,0,1,8
38,7,5,7,5
39,12,11,7,9
40,13,1,2,5
41,4,9,4,14
42,0,3,6,15
43,11,12,8,6
44,13,5,6,5
45,12,7,3,3
46,15,8,2,15
47,9,2,13,1
48,0,14,13,12
49,2,10,9,2
50,11,14,5,14
51,6,5,9,9
