7
Grid:
16,16
................
................
................
................
................
................
................
................
................
................
................
................
................
................
................
................
Agents:
66
0,6,14,6,1
1,15,3,14,6
2,2,0,0,13
3,6,7,6,13
4,8,10,5,14
5,15,10,12,11
6,3,13,11,3
7,13,13,2,13
8,13,10,14,12
9,13,12,8,12
10,7,15,3,8
11,15,12,9,13
12,0,9,10,5
13,7,8,11,13
14,6,10,0,3
15,3,8,9,8
16,3,9,13,0
17,3,0,5,2
18,10,11,2,9
19,3,15,5,0
20,1,5,0,10
21,8,13,12,14
22,8,8,4,11
23,10,14,7,9
24,9,12,11,0
25,4,9,3,10
26,7,7,15,15
27,14,2,15,7
28,2,8,9,4
29,9,13,11,1
30,0,13,8,3
31,7,6,14,7
32,7,10,3,3
33,10,12,10,8
34,2,2,7,6
35,7,13,4,9
36,3,2,8,4
37,1,14,9,7
38,14,7,8,11
39,1,6,3,13
40,1,11,6,6
41,1,7,5,15
42,6,15,6,15
43,12,3,2,0
44,14,1,12,12
45,6,13,0,7
46,14,14,5,10
47,12,6,7,12
48,5,7,3,2
49,10,13,14,5
50,9,4,0,0
51,15,0,2,11
52,15,9,11,9
53,12,1,6,5
54,2,13,7,2
55,9,14,9,3
56,10,10,6,11
57,14,9,0,4
58,0,0,15,13
59,11,10,1,3
60,0,12,3,5
61,15,4,1,12
62,3,11,3,12
63,0,2,13,4
64,15,8,10,2
65,4,15,4,4
