6
Grid:
16,16
................
................
................
................
................
................
................
................
................
................
................
................
................
................
................
................
Agents:
22
0,6,7,7,15
1,15,5,3,13
2,14,2,5,6
3,15,12,12,3
4,13,11,10,11
5,15,13,4,15
6,3,0,11,6
7,12,14,6,6
8,7,11,1,12
9,14,3,14,6
10,3,15,3,8
11,12,1,10,9
12,12,0,11,3
13,0,9,14,9
14,8,4,11,1
15,5,4,15,10
16,5,6,5,14
17,14,13,7,4
18,4,14,2,11
19,3,11,5,12
20,7,2,10,7
21,4,10,13,10
