5
Grid:
16,16
................
................
................
................
................
................
................
................
................
................
................
................
................
................
................
................
Agents:
20
0,9,11,9,4
1,5,15,10,6
2,13,12,1,7
3,7,14,14,13
4,14,11,12,13
5,1,11,10,11
6,7,12,3,13
7,2,2,11,10
8,9,1,12,4
9,4,3,13,6
10,10,5,15,10
11,0,10,12,2
12,5,11,5,8
13,11,13,0,9
14,15,3,2,9
15,5,3,13,3
16,1,10,13,13
17,4,2,5,1
18,6,13,6,6
19,0,14,10,2
