6
Grid:
16,16
................
................
................
................
................
................
................
................
................
................
................
................
................
................
................
................
Agents:
66
0,1,11,13,13
1,6,9,4,14
2,12,2,3,11
3,9,3,3,4
4,6,0,7,14
5,8,12,13,15
6,7,9,5,3
7,1,12,11,1
8,3,13,9,11
9,12,8,10,13
10,7,5,5,6
11,15,9,5,5
12,8,1,6,5
13,13,11,15,1
14,15,3,1,12
15,4,1,10,6
16,12,1,9,12
17,11,9,13,0
18,14,4,12,12
19,1,4,4,11
20,14,13,12,0
21,2,0,0,11
22,0,0,11,11
23,0,14,10,5
24,9,4,6,2
25,11,12,8,13
26,0,11,3,8
27,4,13,6,12
28,3,2,15,6
29,12,6,13,1
30,0,6,8,6
31,13,8,9,1
32,14,15,4,3
33,11,7,15,15
34,9,9,12,5
35,3,14,2,5
36,8,8,6,11
37,0,13,2,11
38,10,1,13,3
39,9,15,7,13
40,6,2,6,1
41,13,1,14,5
42,3,6,10,2
43,10,15,0,13
44,4,10,15,4
45,0,10,6,7
46,2,8,15,5
47,0,9,11,14
48,0,8,14,0
49,8,13,1,0
50,3,8,15,13
51,10,7,8,8
52,9,12,1,7
53,6,13,12,9
54,12,4,5,13
55,7,8,12,11
56,10,14,10,15
57,7,6,4,5
58,1,0,7,10
59,5,2,13,4
60,7,0,13,9
61,13,10,10,12
62,13,7,2,15
63,6,7,6,6
64,9,2,8,5
65,4,5,7,1
