9
Grid:
16,16
................
................
................
................
................
................
................
................
................
................
................
................
................
................
................
................
Agents:
48
0,7,2,7,3
1,6,10,3,6
2,8,13,8,6
3,3,8,4,10
4,3,5,13,6
5,6,15,5,14
6,12,6,11,1
7,2,5,14,14
8,11,2,9,1
9,11,14,8,3
10,12,1,5,3
11,1,14,9,10
12,10,2,4,7
13,14,8,0,2
14,3,6,11,6
15,6,11,14,1
16,0,4,0,0
17,8,9,7,14
18,11,8,12,7
19,3,7,8,1
20,0,11,11,0
21,10,0,3,8
22,12,13,9,8
23,12,14,0,1
24,7,12,0,3
25,5,12,5,2
26,4,12,4,0
27,1,8,3,15
28,15,6,7,9
29,15,11,14,10
30,14,11,12,10
31,10,3,1,15
32,14,3,13,14
33,14,0,2,10
34,6,1,1,2
35,2,12,10,4
36,5,0,9,15
37,0,6,2,1
38,1,10,12,13
39,6,3,5,10
40,8,2,5,13
41,8,3,6,3
42,8,5,10,0
43,5,13,1,8
44,1,1,15,2
45,0,15,1,3
46,2,1,11,4
47,13,1,7,8
