4
Grid:
16,16
................
................
................
................
................
................
................
................
................
................
................
................
................
................
................
................
Agents:
28
0,2,13,4,9
1,12,13,9,4
2,4,3,3,7
3,10,1,2,5
4,4,14,3,10
5,13,6,4,0
6,14,0,5,2
7,4,2,2,13
8,0,9,1,5
9,0,7,5,9
10,8,11,10,11
11,3,11,12,5
12,12,5,8,1
13,10,5,6,10
14,15,1,4,7
15,5,5,14,2
16,6,4,7,15
17,7,4,5,10
18,9,15,0,8
19,9,8,8,12
20,12,11,10,10
21,1,0,13,12
22,10,4,8,3
23,13,10,2,11
24,14,11,3,13
25,15,12,8,8
26,10,6,10,4
27,9,0,7,2
