2
Grid:
16,16
................
................
................
................
................
................
................
................
................
................
................
................
................
................
................
................
Agents:
66
0,5,2,10,13
1,13,13,11,4
2,1,9,10,14
3,2,13,3,4
4,4,5,11,9
5,2,1,9,1
6,15,9,10,8
7,13,14,7,12
8,5,11,2,15
9,2,15,6,7
10,2,2,11,13
11,10,4,13,14
12,7,1,14,1
13,15,1,3,11
14,5,0,1,9
15,8,8,4,1
16,9,4,4,6
17,9,12,5,11
18,5,12,1,14
19,10,15,7,9
20,6,7,12,12
21,11,7,13,6
22,2,5,6,1
23,14,15,1,3
24,2,8,11,1
25,6,12,9,0
26,12,2,13,7
27,0,0,8,4
28,3,13,4,9
29,1,0,4,7
30,13,3,1,5
31,0,1,13,9
32,8,6,2,13
33,15,8,9,11
34,4,8,15,15
35,5,6,5,3
36,4,2,10,15
37,11,11,10,11
38,1,2,5,0
39,1,1,3,14
40,3,0,0,15
41,14,12,2,10
42,10,12,15,12
43,12,7,12,3
44,9,8,6,11
45,10,9,9,8
46,7,10,6,6
47,14,11,14,8
48,6,5,4,13
49,8,9,11,6
50,6,4,4,5
51,15,0,3,7
52,11,0,1,11
53,13,12,3,9
54,5,3,7,5
55,7,12,8,3
56,10,8,2,5
57,4,12,0,2
58,15,12,10,0
59,11,10,12,2
60,0,9,9,12
61,3,6,8,8
62,4,6,5,15
63,10,14,7,4
64,9,10,2,3
65,3,2,6,8
