4
Grid:
16,16
................
................
................
................
................
................
................
................
................
................
................
................
................
................
................
................
Agents:
24
0,6,11,8,13
1,9,14,2,8
2,13,11,4,10
3,15,13,6,7
4,0,7,5,3
5,7,10,10,7
6,9,1,15,5
7,5,8,8,3
8,0,9,0,15
9,0,1,4,5
10,3,2,5,8
11,12,5,6,1
12,5,3,2,7
13,12,10,4,4
14,1,2,3,0
15,8,6,11,13
16,7,4,13,2
17,3,5,9,10
18,11,6,14,11
19,8,4,4,13
20,6,2,0,11
21,2,13,9,13
22,2,1,13,3
23,7,6,15,9
