9
Grid:
16,16
................
................
................
................
................
................
................
................
................
................
................
................
................
................
................
................
Agents:
44
0,13,1,14,5
1,15,5,9,7
2,15,11,1,4
3,0,1,9,0
4,10,12,12,14
5,2,3,12,1
6,7,12,0,15
7,10,0,14,0
8,15,1,6,9
9,0,4,1,2
10,7,11,14,10
11,12,13,14,1
12,13,15,8,1
13,11,6,2,11
14,2,10,7,13
15,9,7,10,10
16,10,13,2,3
17,14,10,5,4
18,0,10,6,3
19,15,7,8,10
20,8,3,5,0
21,4,2,11,5
22,2,2,10,2
23,0,7,4,7
24,14,5,2,6
25,14,6,5,1
26,7,1,14,11
27,1,13,4,13
28,9,1,14,3
29,14,0,11,8
30,6,4,7,10
31,9,8,12,7
32,9,0,2,15
33,1,12,7,3
34,1,4,14,4
35,0,6,3,9
36,5,15,5,10
37,3,12,1,1
38,13,9,8,8
39,11,10,4,1
40,15,3,11,9
41,7,13,15,5
42,11,2,2,1
43,15,8,6,10
