2
Grid:
16,16
................
................
................
................
................
................
................
................
................
................
................
................
................
................
................
................
Agents:
20
0,1,6,4,8
1,5,5,15,5
2,1,14,15,2
3,5,11,11,6
4,9,12,6,5
5,1,7,5,4
6,10,6,2,15
7,7,7,9,14
8,15,5,14,15
9,8,10,4,10
10,9,14,14,12
11,8,7,1,9
12,3,4,1,6
13,14,11,2,13
14,14,3,3,8
15,1,4,9,10
16,1,10,13,3
17,10,5,4,14
18,5,13,6,8
19,4,3,2,11
