5
Grid:
16,16
................
................
................
................
................
................
................
................
................
................
................
................
................
................
................
................
Agents:
32
0,6,4,3,13
1,1,0,1,15
2,5,0,6,10
3,5,5,14,10
4,3,9,1,10
5,10,5,3,9
6,15,10,1,4
7,0,7,7,9
8,8,4,14,12
9,12,6,7,4
10,4,1,3,14
11,11,12,14,9
12,7,1,14,5
13,13,4,3,7
14,15,7,13,5
15,6,9,5,14
16,0,12,6,15
17,7,4,6,4
18,2,7,4,2
19,7,15,13,12
20,13,7,14,0
21,0,0,4,3
22,0,9,5,8
23,8,2,7,6
24,1,5,15,4
25,3,7,9,11
26,6,0,7,2
27,15,15,6,6
28,5,8,12,14
29,8,3,15,3
30,7,14,10,9
31,10,3,0,13
