0
Grid:
16,16
................
................
................
................
................
................
................
................
................
................
................
................
................
................
................
................
Agents:
36
0,6,0,12,12
1,2,2,8,13
2,6,5,3,3
3,1,0,0,8
4,5,9,6,4
5,2,13,15,8
6,8,7,12,9
7,8,12,13,2
8,9,13,2,6
9,4,13,2,9
10,7,4,6,2
11,5,15,12,10
12,3,4,0,10
13,4,14,8,4
14,13,15,9,0
15,12,0,1,13
16,8,4,15,6
17,13,12,1,1
18,8,15,13,14
19,9,10,11,3
20,12,13,9,5
21,14,8,4,10
22,3,9,3,15
23,15,10,5,11
24,9,7,1,4
25,14,11,4,12
26,6,1,9,3
27,10,3,2,3
28,15,1,3,14
29,0,3,12,11
30,2,6,10,6
31,12,1,11,7
32,4,3,4,14
33,10,12,11,5
34,3,10,6,13
35,0,10,8,9
