2
Grid:
16,16
................
................
................
................
................
................
................
................
................
................
................
................
................
................
................
................
Agents:
32
0,1,2,13,10
1,14,2,14,6
2,14,10,14,13
3,4,13,6,4
4,9,10,4,4
5,3,6,8,3
6,2,0,15,1
7,9,15,9,13
8,5,15,5,1
9,11,4,3,13
10,13,0,14,3
11,3,9,7,12
12,6,1,11,8
13,13,4,0,9
14,5,13,10,1
15,15,11,1,8
16,0,8,1,11
17,4,15,12,3
18,4,9,14,4
19,1,3,7,5
20,12,7,7,1
21,2,6,12,11
22,5,2,3,12
23,1,13,5,10
24,8,5,13,1
25,5,0,14,11
26,7,12,7,13
27,14,4,5,8
28,12,12,5,9
29,12,15,3,4
30,8,11,5,12
31,10,7,0,11
