1
Grid:
16,16
................
................
................
................
................
................
................
................
................
................
................
................
................
................
................
................
Agents:
18
0,4,2,1,14
1,12,7,3,3
2,3,9,4,1
3,12,13,15,1
4,15,2,8,6
5,4,9,9,9
6,10,15,10,3
7,8,12,9,5
8,11,15,10,7
9,4,7,14,5
10,7,9,4,10
11,3,8,3,11
12,0,0,0,8
13,0,9,8,12
14,8,7,7,8
15,12,14,9,13
16,14,1,12,6
17,2,12,7,10
