7
Grid:
16,16
................
................
................
................
................
................
................
................
................
................
................
................
................
................
................
................
Agents:
22
0,11,13,11,0
1,0,0,10,2
2,3,13,8,5
3,4,15,15,7
4,14,6,11,4
5,2,10,5,13
6,15,10,10,10
7,3,7,15,8
8,2,14,2,1
9,6,12,3,11
10,12,1,11,5
11,12,3,8,14
12,11,5,12,9
13,6,14,8,1
14,3,6,9,5
15,11,10,9,9
16,1,5,7,1
17,8,10,15,6
18,13,15,7,8
19,11,4,11,13
20,2,13,12,0
21,13,5,14,4
