2
Grid:
16,16
................
................
................
................
................
................
................
................
................
................
................
................
................
................
................
................
Agents:
40
0,7,8,4,7
1,9,14,1,4
2,5,15,0,8
3,13,7,13,0
4,1,6,14,7
5,10,4,0,15
6,0,9,3,14
7,7,4,8,13
8,11,1,13,1
9,3,12,13,7
10,9,2,7,6
11,5,4,12,10
12,7,12,10,8
13,0,0,13,14
14,6,13,15,8
15,7,1,0,4
16,8,11,8,4
17,6,6,7,11
18,1,15,15,13
19,5,12,3,12
20,8,7,12,15
21,4,13,11,15
22,8,1,12,2
23,6,11,14,0
24,15,7,5,13
25,9,1,10,11
26,3,4,5,5
27,6,8,10,3
28,14,12,6,12
29,1,3,6,6
30,15,9,12,3
31,12,5,0,1
32,2,0,9,1
33,3,11,0,12
34,11,7,2,4
35,4,1,5,8
36,12,14,6,2
37,0,10,4,11
38,4,15,11,4
39,10,11,7,2
