7
Grid:
16,16
................
................
................
................
................
................
................
................
................
................
................
................
................
................
................
................
Agents:
64
0,4,3,4,6
1,2,0,15,15
2,13,6,13,5
3,5,14,6,5
4,4,0,7,8
5,14,13,0,5
6,11,4,14,3
7,9,3,8,9
8,3,10,2,2
9,2,3,6,8
10,14,9,2,10
11,0,11,13,10
12,0,0,12,8
13,12,6,13,14
14,6,14,8,1
15,12,2,14,14
16,10,12,3,12
17,9,6,3,15
18,14,5,9,7
19,5,9,3,13
20,11,6,4,13
21,13,4,12,13
22,6,0,15,13
23,15,0,5,7
24,5,11,0,2
25,0,3,1,13
26,8,11,4,2
27,10,11,3,14
28,2,6,14,9
29,0,13,13,13
30,10,15,3,0
31,8,6,6,11
32,4,11,14,7
33,2,14,10,3
34,10,2,1,6
35,4,14,6,3
36,4,9,1,9
37,8,7,0,0
38,11,11,13,2
39,5,15,11,4
40,1,10,7,5
41,14,8,9,5
42,10,14,4,12
43,3,8,3,4
44,4,8,12,9
45,15,12,1,5
46,14,7,0,15
47,0,10,5,1
48,13,0,9,13
49,6,2,11,2
50,14,15,7,1
51,3,2,1,7
52,15,7,8,4
53,1,0,12,12
54,12,14,8,14
55,7,12,15,11
56,1,4,6,15
57,12,11,7,2
58,9,12,14,0
59,8,4,2,1
60,11,10,5,0
61,4,12,12,10
62,9,10,0,4
63,11,15,0,7
