8
Grid:
16,16
................
................
................
................
................
................
................
................
................
................
................
................
................
................
................
................
Agents:
54
0,3,4,1,4
1,8,1,9,4
2,3,2,14,8
3,15,2,2,1
4,13,14,7,6
5,11,3,7,15
6,12,14,2,0
7,9,9,5,6
8,3,11,9,5
9,7,11,14,14
10,0,10,10,9
11,0,12,1,13
12,2,3,9,15
13,10,1,3,5
14,12,13,14,2
15,12,11,11,6
16,15,6,3,2
17,4,8,10,12
18,14,5,1,14
19,12,4,6,1
20,7,12,13,11
21,14,13,11,15
22,4,11,0,7
23,14,14,12,6
24,0,6,8,8
25,13,8,6,2
26,15,15,7,14
27,7,14,2,4
28,6,15,14,4
29,4,10,13,0
30,7,0,0,6
31,5,11,2,12
32,13,1,6,12
33,14,11,13,1
34,15,12,2,14
35,5,6,4,11
36,5,13,9,3
37,13,0,14,12
38,15,11,6,4
39,0,5,0,4
40,13,6,0,14
41,3,8,0,9
42,9,14,7,1
43,14,12,7,5
44,4,13,6,6
45,6,2,13,3
46,1,14,7,3
47,7,2,0,2
48,9,6,8,10
49,5,9,13,10
50,10,10,4,13
51,1,5,7,9
52,0,8,10,10
53,9,2,2,3
