0
Grid:
16,16
................
................
................
................
................
................
................
................
................
................
................
................
................
................
................
................
Agents:
30
0,1,8,4,2
1,7,7,9,2
2,10,15,12,4
3,10,0,4,6
4,0,8,11,13
5,14,14,9,12
6,7,11,3,14
7,15,9,1,4
8,10,6,14,5
9,4,4,5,5
10,6,1,5,8
11,2,8,15,8
12,9,0,15,11
13,9,14,4,4
14,0,11,13,10
15,13,12,8,2
16,10,13,2,8
17,3,10,10,6
18,1,13,10,0
19,0,5,3,15
20,14,11,8,1
21,9,1,14,8
22,5,4,0,14
23,1,5,6,14
24,15,14,5,6
25,4,14,7,5
26,7,15,14,11
27,6,15,4,9
28,14,9,3,1
29,6,11,6,13
