7
Grid:
16,16
................
................
................
................
................
................
................
................
................
................
................
................
................
................
................
................
Agents:
56
0,15,1,14,11
1,4,6,4,13
2,12,1,13,6
3,12,11,8,5
4,4,3,6,3
5,9,5,8,3
6,6,12,10,6
7,7,4,13,13
8,6,7,7,12
9,13,2,5,2
10,2,8,2,3
11,14,10,12,7
12,10,0,10,12
13,3,14,7,14
14,2,6,11,14
15,9,4,11,15
16,0,13,12,14
17,5,0,7,15
18,4,9,2,12
19,3,2,1,5
20,1,3,5,4
21,4,15,11,7
22,5,4,2,5
23,10,12,15,10
24,5,15,7,7
25,7,6,2,0
26,2,9,13,9
27,7,1,4,5
28,7,11,1,4
29,6,1,1,1
30,15,10,11,5
31,2,0,3,1
32,1,12,13,3
33,13,9,5,10
34,4,11,5,14
35,9,11,5,5
36,6,10,3,10
37,11,15,3,3
38,8,6,10,15
39,8,3,11,1
40,15,3,4,14
41,1,6,7,9
42,6,4,1,2
43,9,9,2,10
44,2,2,10,8
45,0,4,5,11
46,12,2,14,14
47,11,8,11,10
48,1,13,5,9
49,0,11,9,2
50,0,6,8,14
51,8,9,14,3
52,1,14,14,8
53,1,0,12,10
54,0,14,0,3
55,2,12,13,11
