8
Grid:
16,16
................
................
................
................
................
................
................
................
................
................
................
................
................
................
................
................
Agents:
44
0,14,7,5,15
1,13,12,9,11
2,2,2,7,10
3,0,2,3,5
4,9,4,3,4
5,4,10,2,15
6,7,1,14,15
7,10,1,9,3
8,10,5,6,10
9,9,0,8,2
10,12,11,12,12
11,2,0,0,0
12,12,9,3,8
13,15,9,4,11
14,4,12,5,5
15,11,0,10,2
16,7,12,4,4
17,1,13,5,13
18,6,6,4,12
19,14,4,8,8
20,12,5,14,11
21,3,4,15,15
22,1,9,14,4
23,15,12,13,7
24,11,13,10,3
25,6,1,0,9
26,2,14,11,11
27,11,1,5,3
28,6,7,5,11
29,3,0,1,13
30,15,3,10,4
31,7,3,12,1
32,2,11,7,5
33,0,13,11,8
34,11,3,6,9
35,7,4,9,13
36,4,7,14,3
37,7,13,3,10
38,14,3,14,0
39,10,2,3,2
40,13,7,11,13
41,6,9,8,6
42,14,9,1,1
43,0,15,7,7
