6
Grid:
16,16
................
................
................
................
................
................
................
................
................
................
................
................
................
................
................
................
Agents:
44
0,7,12,9,6
1,7,3,1,0
2,6,1,5,15
3,3,6,1,10
4,10,0,8,0
5,10,9,2,1
6,15,0,11,10
7,15,14,13,10
8,0,8,0,5
9,2,10,14,2
10,11,7,5,13
11,11,8,11,3
12,3,15,6,15
13,0,4,13,3
14,15,1,1,3
15,0,0,7,8
16,1,7,3,4
17,2,2,10,9
18,2,9,5,7
19,14,4,1,15
20,3,9,9,1
21,14,9,11,14
22,4,3,14,6
23,13,12,7,12
24,1,5,6,11
25,0,15,10,1
26,5,5,5,11
27,8,13,13,4
28,13,4,15,1
29,12,1,14,14
30,0,5,3,2
31,10,14,3,5
32,13,9,5,3
33,6,0,2,7
34,7,1,2,11
35,9,2,6,2
36,14,1,10,12
37,10,7,0,3
38,11,3,8,5
39,1,0,13,0
40,10,11,0,13
41,4,13,4,4
42,13,13,3,0
43,3,14,2,13
