0
Grid:
16,16
................
................
................
................
................
................
................
................
................
................
................
................
................
................
................
................
Agents:
26
0,5,6,15,7
1,3,15,12,3
2,0,8,5,12
3,13,3,12,7
4,7,1,9,3
5,2,12,11,5
6,15,15,4,14
7,4,5,5,9
8,10,12,6,10
9,2,4,0,0
10,6,1,7,8
11,0,0,0,6
12,9,12,1,5
13,5,5,10,13
14,3,7,11,4
15,0,7,1,3
16,3,12,1,10
17,11,11,9,2
18,12,3,13,1
19,3,3,2,2
20,0,15,2,13
21,12,0,2,0
22,7,2,12,6
23,10,4,4,1
24,15,4,3,0
25,6,2,4,2
