2
Grid:
16,16
................
................
................
................
................
................
................
................
................
................
................
................
................
................
................
................
Agents:
60
0,7,10,6,1
1,1,9,0,11
2,4,7,12,15
3,3,3,1,14
4,1,0,6,13
5,5,10,15,2
6,10,2,1,7
7,8,14,10,4
8,10,11,7,5
9,13,0,14,9
10,0,15,11,4
11,2,11,9,8
12,3,2,0,12
13,7,6,14,6
14,9,5,6,11
15,10,6,3,15
16,7,4,13,13
17,3,12,10,3
18,13,1,12,13
19,1,15,9,5
20,6,10,11,9
21,8,13,4,3
22,0,7,8,11
23,9,9,11,0
24,14,6,5,15
25,0,12,6,0
26,4,8,1,9
27,8,5,5,12
28,5,1,11,11
29,2,8,15,6
30,7,15,14,0
31,0,4,1,8
32,11,4,12,14
33,10,14,9,6
34,13,11,1,1
35,14,0,0,14
36,9,7,15,13
37,2,6,2,7
38,12,8,4,9
39,5,13,12,2
40,2,14,2,5
41,12,13,11,8
42,6,11,10,10
43,1,4,0,15
44,13,13,8,9
45,12,12,1,4
46,12,5,8,4
47,14,15,12,5
48,9,4,3,5
49,13,3,0,3
50,3,15,11,1
51,0,10,9,14
52,13,4,1,2
53,1,12,7,2
54,7,12,13,3
55,8,1,14,5
56,10,9,2,3
57,2,12,10,5
58,4,10,0,10
59,9,11,8,14
