9
Grid:
16,16
................
................
................
................
................
................
................
................
................
................
................
................
................
................
................
................
Agents:
22
0,14,15,13,3
1,1,2,14,9
2,3,2,0,8
3,13,7,14,15
4,3,10,9,2
5,1,4,8,10
6,4,2,2,13
7,13,8,13,8
8,4,9,14,1
9,8,5,3,6
10,12,7,13,14
11,3,15,14,3
12,14,0,7,10
13,2,4,11,1
14,10,8,1,2
15,2,5,3,1
16,13,9,15,11
17,10,6,1,5
18,11,6,8,11
19,6,13,5,2
20,0,10,15,2
21,3,9,8,7
