0
Grid:
16,16
................
................
................
................
................
................
................
................
................
................
................
................
................
................
................
................
Agents:
50
0,3,14,14,13
1,10,1,13,14
2,8,8,13,3
3,8,4,12,2
4,13,3,6,6
5,0,12,13,13
6,13,2,4,3
7,10,3,0,14
8,13,4,10,7
9,5,0,7,12
10,0,5,2,2
11,9,4,12,7
12,8,6,6,11
13,15,9,0,12
14,9,13,9,7
15,13,13,14,8
16,1,8,0,9
17,6,15,3,5
18,10,2,15,11
19,15,14,12,9
20,14,5,8,4
21,6,1,7,3
22,4,9,8,11
23,12,10,14,5
24,0,10,12,4
25,15,8,4,2
26,15,13,13,4
27,2,14,2,5
28,4,6,2,3
29,9,1,8,6
30,9,14,0,7
31,10,0,13,1
32,5,3,2,6
33,11,4,10,10
34,12,11,5,10
35,9,11,9,5
36,1,10,10,3
37,15,7,11,6
38,0,14,13,11
39,10,4,10,11
40,9,15,4,11
41,14,4,0,3
42,5,8,12,13
43,8,14,6,13
44,10,6,2,0
45,12,0,1,4
46,14,7,9,2
47,0,3,10,9
48,4,8,9,11
49,11,7,8,13
