1
Grid:
16,16
................
................
................
................
................
................
................
................
................
................
................
................
................
................
................
................
Agents:
62
0,8,2,10,2
1,14,12,12,2
2,15,5,7,5
3,8,12,3,12
4,0,7,9,1
5,12,5,0,0
6,10,0,14,3
7,13,7,2,10
8,10,2,9,9
9,3,13,2,5
10,4,1,5,12
11,4,14,7,3
12,15,2,6,11
13,15,14,0,3
14,12,3,4,0
15,15,15,14,7
16,6,3,4,9
17,2,7,3,11
18,5,15,12,12
19,0,1,15,9
20,7,7,1,2
21,14,6,11,1
22,7,13,1,1
23,6,2,13,11
24,9,0,2,13
25,15,4,2,3
26,14,14,6,14
27,14,0,2,15
28,13,13,14,2
29,6,10,11,7
30,15,13,2,9
31,7,12,3,7
32,14,7,8,9
33,13,5,10,8
34,2,10,14,11
35,1,1,5,2
36,5,12,7,12
37,3,14,14,13
38,6,1,14,8
39,11,12,3,3
40,4,11,12,5
41,1,7,8,3
42,11,11,5,8
43,9,5,13,9
44,2,2,15,14
45,8,1,5,7
46,14,11,14,4
47,14,15,10,13
48,4,3,15,5
49,14,4,4,7
50,2,12,15,3
51,8,11,11,4
52,4,15,0,6
53,9,12,7,6
54,1,9,5,10
55,5,4,0,4
56,10,6,6,9
57,11,2,7,11
58,12,12,4,6
59,8,14,0,11
60,6,9,2,6
61,15,11,5,5
