2
Grid:
16,16
................
................
................
................
................
................
................
................
................
................
................
................
................
................
................
................
Agents:
22
0,7,6,11,6
1,14,6,6,7
2,3,7,6,12
3,9,2,8,3
4,13,5,5,15
5,8,15,4,8
6,12,10,3,14
7,7,15,2,11
8,6,3,12,9
9,6,12,7,11
10,0,12,13,5
11,0,7,14,15
12,9,6,13,6
13,11,5,10,4
14,10,4,7,10
15,11,7,11,9
16,0,15,0,4
17,8,1,14,1
18,11,0,3,5
19,13,14,4,7
20,1,4,15,3
21,11,15,14,12
