8
Grid:
16,16
................
................
................
................
................
................
................
................
................
................
................
................
................
................
................
................
Agents:
58
0,0,5,6,7
1,11,9,0,0
2,13,11,9,3
3,1,7,0,13
4,9,15,15,5
5,9,1,12,13
6,2,0,10,14
7,12,14,15,3
8,4,14,11,8
9,3,0,1,1
10,2,12,13,13
11,15,8,4,0
12,7,3,4,12
13,2,3,10,13
14,3,12,7,3
15,11,15,7,11
16,14,13,4,10
17,10,0,9,10
18,10,7,12,9
19,12,4,14,8
20,12,1,8,5
21,14,6,12,2
22,14,8,3,7
23,10,13,2,15
24,15,13,0,8
25,7,9,3,12
26,0,4,12,10
27,5,2,14,9
28,1,9,7,14
29,8,13,3,8
30,4,12,8,15
31,3,10,14,3
32,2,5,2,6
33,6,12,6,14
34,14,14,2,13
35,15,14,6,5
36,10,1,3,14
37,4,10,7,4
38,8,6,4,4
39,13,14,12,6
40,8,4,13,8
41,12,5,15,4
42,6,6,6,8
43,0,15,7,13
44,13,3,12,0
45,3,9,7,10
46,2,14,5,2
47,8,2,1,9
48,5,1,14,0
49,4,7,8,12
50,8,15,9,8
51,5,13,0,3
52,15,5,15,8
53,8,0,1,8
54,1,13,13,5
55,6,7,14,11
56,14,15,5,9
57,0,7,8,9
