4
Grid:
16,16
................
................
................
................
................
................
................
................
................
................
................
................
................
................
................
................
Agents:
26
0,5,2,10,8
1,15,14,2,12
2,12,8,11,14
3,13,1,14,4
4,12,2,4,14
5,2,12,8,13
6,5,15,14,8
7,15,8,7,4
8,14,5,13,14
9,15,9,11,9
10,12,5,6,5
11,5,13,0,9
12,6,15,9,0
13,6,9,1,8
14,3,3,4,15
15,7,0,4,13
16,5,5,2,5
17,12,0,4,11
18,5,14,7,7
19,1,4,13,7
20,2,6,14,1
21,10,3,5,10
22,5,3,12,13
23,13,5,7,1
24,8,6,0,13
25,7,1,10,12
