4
Grid:
16,16
................
................
................
................
................
................
................
................
................
................
................
................
................
................
................
................
Agents:
50
0,12,6,1,0
1,13,10,4,6
2,0,1,15,3
3,12,9,14,10
4,13,9,10,6
5,0,4,4,8
6,11,3,6,3
7,1,4,12,13
8,4,12,5,14
9,8,2,10,1
10,1,11,0,8
11,13,15,13,6
12,10,0,15,9
13,12,0,9,6
14,14,0,2,14
15,0,6,11,15
16,5,3,10,11
17,1,2,13,9
18,7,14,13,4
19,6,13,10,9
20,15,11,12,3
21,2,1,11,6
22,13,1,8,4
23,9,14,15,11
24,6,2,7,3
25,0,0,7,11
26,5,11,6,9
27,10,12,9,5
28,8,9,13,7
29,14,7,11,13
30,2,14,5,15
31,12,5,9,10
32,6,10,2,2
33,10,2,14,0
34,12,1,0,12
35,3,10,7,5
36,6,15,1,12
37,0,15,7,9
38,15,2,5,4
39,3,0,7,4
40,14,5,14,14
41,8,12,5,2
42,3,3,14,8
43,2,9,1,9
44,2,5,2,3
45,1,10,3,5
46,11,11,1,8
47,8,13,8,9
48,4,8,6,10
49,2,7,15,13
