9
Grid:
16,16
................
................
................
................
................
................
................
................
................
................
................
................
................
................
................
................
Agents:
26
0,11,13,15,13
1,14,8,8,0
2,3,10,3,12
3,5,15,12,7
4,5,5,15,1
5,15,6,10,11
6,5,11,8,10
7,11,14,7,10
8,15,10,2,4
9,9,10,7,1
10,2,14,12,14
11,9,3,9,3
12,15,1,6,5
13,9,11,2,8
14,6,5,13,7
15,4,15,13,12
16,0,10,1,0
17,1,9,0,6
18,13,14,7,3
19,7,0,0,4
20,3,1,14,13
21,13,9,3,1
22,13,10,6,2
23,0,6,9,15
24,9,12,4,3
25,7,7,13,2
