4
Grid:
16,16
................
................
................
................
................
................
................
................
................
................
................
................
................
................
................
................
Agents:
32
0,12,15,14,0
1,5,9,4,9
2,14,5,6,0
3,0,4,11,2
4,2,2,11,7
5,15,15,5,7
6,9,0,7,11
7,1,14,4,3
8,7,2,10,12
9,8,2,12,5
10,2,11,5,4
11,13,12,15,14
12,12,8,6,2
13,11,0,10,15
14,2,5,13,7
15,15,12,2,7
16,11,13,4,13
17,9,5,15,7
18,3,15,0,3
19,6,9,14,14
20,5,5,13,11
21,12,14,7,9
22,7,7,12,4
23,7,1,4,0
24,14,14,0,9
25,0,1,12,8
26,2,9,12,9
27,12,6,15,13
28,9,15,9,5
29,2,13,3,1
30,2,3,5,10
31,3,12,0,11
