0
Grid:
16,16
................
................
................
................
................
................
................
................
................
................
................
................
................
................
................
................
Agents:
46
0,10,10,7,11
1,11,9,5,0
2,15,13,10,13
3,9,14,11,8
4,8,14,3,3
5,10,13,4,9
6,10,9,5,13
7,13,12,13,0
8,4,9,2,4
9,11,3,11,14
10,14,15,11,6
11,5,6,12,4
12,2,15,2,9
13,5,4,4,3
14,13,11,2,0
15,11,1,13,5
16,2,11,13,3
17,2,6,6,2
18,1,5,15,12
19,3,9,1,15
20,9,1,13,11
21,8,2,13,13
22,5,12,1,12
23,8,5,15,8
24,3,0,8,2
25,1,11,10,1
26,4,4,9,1
27,12,2,4,0
28,9,3,6,14
29,0,14,15,9
30,1,9,12,12
31,7,1,5,7
32,10,14,3,10
33,7,6,14,13
34,15,4,6,9
35,13,10,14,12
36,7,5,12,5
37,7,15,10,10
38,1,12,8,9
39,6,5,14,5
40,0,6,7,5
41,7,13,14,3
42,15,5,0,7
43,0,10,9,15
44,5,7,11,9
45,11,4,3,8
