0,9x39_left2_right2
Grid:
9,39
..@@@@@.@@@@@.@@@@@.@@@@@.@@@@@.@@@@@..
.......................................
..@@@@@.@@@@@.@@@@@.@@@@@.@@@@@.@@@@@..
..@@@@@.@@@@@.@@@@@.@@@@@.@@@@@.@@@@@..
.......................................
..@@@@@.@@@@@.@@@@@.@@@@@.@@@@@.@@@@@..
..@@@@@.@@@@@.@@@@@.@@@@@.@@@@@.@@@@@..
.......................................
..@@@@@.@@@@@.@@@@@.@@@@@.@@@@@.@@@@@..
Agents:
12
0,1,38,7,1
1,0,37,8,1
2,6,38,3,1
3,5,38,6,0
4,4,37,5,1
5,4,38,6,1
6,6,1,7,37
7,2,0,1,37
8,3,0,5,38
9,0,0,8,37
10,5,0,7,38
11,1,1,3,38
