6,9x39_left2_right2
Grid:
9,39
..@@@@@.@@@@@.@@@@@.@@@@@.@@@@@.@@@@@..
.......................................
..@@@@@.@@@@@.@@@@@.@@@@@.@@@@@.@@@@@..
..@@@@@.@@@@@.@@@@@.@@@@@.@@@@@.@@@@@..
.......................................
..@@@@@.@@@@@.@@@@@.@@@@@.@@@@@.@@@@@..
..@@@@@.@@@@@.@@@@@.@@@@@.@@@@@.@@@@@..
.......................................
..@@@@@.@@@@@.@@@@@.@@@@@.@@@@@.@@@@@..
Agents:
18
0,5,38,8,1
1,1,37,1,1
2,3,37,7,0
3,8,38,8,0
4,2,37,5,0
5,6,37,3,0
6,1,38,4,1
7,8,37,0,1
8,2,38,3,1
9,7,1,5,38
10,6,1,6,38
11,1,1,8,38
12,2,1,4,38
13,8,1,4,37
14,5,0,5,37
15,3,0,8,37
16,1,0,2,37
17,0,0,1,38
