8,9x39_left2_right2
Grid:
9,39
..@@@@@.@@@@@.@@@@@.@@@@@.@@@@@.@@@@@..
.......................................
..@@@@@.@@@@@.@@@@@.@@@@@.@@@@@.@@@@@..
..@@@@@.@@@@@.@@@@@.@@@@@.@@@@@.@@@@@..
.......................................
..@@@@@.@@@@@.@@@@@.@@@@@.@@@@@.@@@@@..
..@@@@@.@@@@@.@@@@@.@@@@@.@@@@@.@@@@@..
.......................................
..@@@@@.@@@@@.@@@@@.@@@@@.@@@@@.@@@@@..
Agents:
14
0,7,38,8,0
1,5,37,3,1
2,1,38,0,0
3,5,38,8,1
4,0,37,2,0
5,8,37,7,0
6,3,38,6,0
7,7,1,0,37
8,8,1,2,38
9,3,1,2,37
10,5,1,1,38
11,8,0,7,37
12,6,0,5,38
13,0,0,7,38
