1,9x39_left2_right2
Grid:
9,39
..@@@@@.@@@@@.@@@@@.@@@@@.@@@@@.@@@@@..
.......................................
..@@@@@.@@@@@.@@@@@.@@@@@.@@@@@.@@@@@..
..@@@@@.@@@@@.@@@@@.@@@@@.@@@@@.@@@@@..
.......................................
..@@@@@.@@@@@.@@@@@.@@@@@.@@@@@.@@@@@..
..@@@@@.@@@@@.@@@@@.@@@@@.@@@@@.@@@@@..
.......................................
..@@@@@.@@@@@.@@@@@.@@@@@.@@@@@.@@@@@..
Agents:
10
0,6,37,4,1
1,1,37,0,1
2,4,38,1,1
3,0,37,7,0
4,7,38,8,0
5,0,1,1,37
6,5,1,3,37
7,7,1,3,38
8,1,1,5,37
9,0,0,4,37
