7,9x39_left2_right2
Grid:
9,39
..@@@@@.@@@@@.@@@@@.@@@@@.@@@@@.@@@@@..
.......................................
..@@@@@.@@@@@.@@@@@.@@@@@.@@@@@.@@@@@..
..@@@@@.@@@@@.@@@@@.@@@@@.@@@@@.@@@@@..
.......................................
..@@@@@.@@@@@.@@@@@.@@@@@.@@@@@.@@@@@..
..@@@@@.@@@@@.@@@@@.@@@@@.@@@@@.@@@@@..
.......................................
..@@@@@.@@@@@.@@@@@.@@@@@.@@@@@.@@@@@..
Agents:
18
0,8,38,7,1
1,6,37,4,1
2,3,38,8,1
3,5,38,2,1
4,0,37,6,1
5,0,38,5,0
6,6,38,8,0
7,2,38,2,0
8,8,37,3,1
9,0,0,1,37
10,7,0,0,37
11,5,1,0,38
12,4,0,3,38
13,3,1,5,37
14,0,1,4,37
15,6,1,6,37
16,1,0,8,38
17,4,1,6,38
