8,9x39_left2_right2
Grid:
9,39
..@@@@@.@@@@@.@@@@@.@@@@@.@@@@@.@@@@@..
.......................................
..@@@@@.@@@@@.@@@@@.@@@@@.@@@@@.@@@@@..
..@@@@@.@@@@@.@@@@@.@@@@@.@@@@@.@@@@@..
.......................................
..@@@@@.@@@@@.@@@@@.@@@@@.@@@@@.@@@@@..
..@@@@@.@@@@@.@@@@@.@@@@@.@@@@@.@@@@@..
.......................................
..@@@@@.@@@@@.@@@@@.@@@@@.@@@@@.@@@@@..
Agents:
12
0,0,37,4,0
1,6,38,3,0
2,8,37,6,0
3,5,37,2,1
4,6,37,5,0
5,8,38,6,1
6,8,1,7,37
7,7,0,6,38
8,2,0,5,38
9,4,1,5,37
10,4,0,1,38
11,8,0,7,38
