4,9x39_left2_right2
Grid:
9,39
..@@@@@.@@@@@.@@@@@.@@@@@.@@@@@.@@@@@..
.......................................
..@@@@@.@@@@@.@@@@@.@@@@@.@@@@@.@@@@@..
..@@@@@.@@@@@.@@@@@.@@@@@.@@@@@.@@@@@..
.......................................
..@@@@@.@@@@@.@@@@@.@@@@@.@@@@@.@@@@@..
..@@@@@.@@@@@.@@@@@.@@@@@.@@@@@.@@@@@..
.......................................
..@@@@@.@@@@@.@@@@@.@@@@@.@@@@@.@@@@@..
Agents:
14
0,2,38,1,1
1,6,37,2,0
2,0,38,0,0
3,6,38,5,0
4,3,37,7,1
5,8,37,4,0
6,7,38,6,1
7,2,1,1,38
8,7,1,4,37
9,1,0,6,38
10,8,0,7,38
11,5,1,0,37
12,3,1,1,37
13,0,0,7,37
