9,9x39_left2_right2
Grid:
9,39
..@@@@@.@@@@@.@@@@@.@@@@@.@@@@@.@@@@@..
.......................................
..@@@@@.@@@@@.@@@@@.@@@@@.@@@@@.@@@@@..
..@@@@@.@@@@@.@@@@@.@@@@@.@@@@@.@@@@@..
.......................................
..@@@@@.@@@@@.@@@@@.@@@@@.@@@@@.@@@@@..
..@@@@@.@@@@@.@@@@@.@@@@@.@@@@@.@@@@@..
.......................................
..@@@@@.@@@@@.@@@@@.@@@@@.@@@@@.@@@@@..
Agents:
16
0,6,38,2,0
1,6,37,7,1
2,0,37,3,0
3,2,37,7,0
4,3,38,6,0
5,0,38,4,0
6,1,37,8,1
7,5,38,8,0
8,7,0,2,38
9,4,0,0,37
10,2,1,7,37
11,3,0,0,38
12,5,1,8,38
13,1,1,5,38
14,0,1,8,37
15,6,0,6,38
