9,9x39_left2_right2
Grid:
9,39
..@@@@@.@@@@@.@@@@@.@@@@@.@@@@@.@@@@@..
.......................................
..@@@@@.@@@@@.@@@@@.@@@@@.@@@@@.@@@@@..
..@@@@@.@@@@@.@@@@@.@@@@@.@@@@@.@@@@@..
.......................................
..@@@@@.@@@@@.@@@@@.@@@@@.@@@@@.@@@@@..
..@@@@@.@@@@@.@@@@@.@@@@@.@@@@@.@@@@@..
.......................................
..@@@@@.@@@@@.@@@@@.@@@@@.@@@@@.@@@@@..
Agents:
18
0,6,38,4,1
1,5,37,3,0
2,2,37,8,0
3,0,38,7,0
4,1,38,1,1
5,0,37,3,1
6,8,37,0,1
7,3,38,4,0
8,2,38,8,1
9,7,0,2,38
10,8,1,6,37
11,6,1,8,37
12,8,0,3,37
13,2,1,2,37
14,1,1,1,38
15,4,1,4,38
16,3,1,7,37
17,2,0,4,37
