7,9x39_left2_right2
Grid:
9,39
..@@@@@.@@@@@.@@@@@.@@@@@.@@@@@.@@@@@..
.......................................
..@@@@@.@@@@@.@@@@@.@@@@@.@@@@@.@@@@@..
..@@@@@.@@@@@.@@@@@.@@@@@.@@@@@.@@@@@..
.......................................
..@@@@@.@@@@@.@@@@@.@@@@@.@@@@@.@@@@@..
..@@@@@.@@@@@.@@@@@.@@@@@.@@@@@.@@@@@..
.......................................
..@@@@@.@@@@@.@@@@@.@@@@@.@@@@@.@@@@@..
Agents:
16
0,0,37,7,1
1,4,37,1,0
2,5,37,7,0
3,7,38,5,1
4,3,37,0,1
5,8,37,5,0
6,5,38,2,0
7,6,38,2,1
8,3,0,5,38
9,7,1,4,37
10,3,1,5,37
11,2,1,0,37
12,8,0,6,37
13,5,1,8,37
14,0,1,6,38
15,5,0,1,37
