3,9x39_left2_right2
Grid:
9,39
..@@@@@.@@@@@.@@@@@.@@@@@.@@@@@.@@@@@..
.......................................
..@@@@@.@@@@@.@@@@@.@@@@@.@@@@@.@@@@@..
..@@@@@.@@@@@.@@@@@.@@@@@.@@@@@.@@@@@..
.......................................
..@@@@@.@@@@@.@@@@@.@@@@@.@@@@@.@@@@@..
..@@@@@.@@@@@.@@@@@.@@@@@.@@@@@.@@@@@..
.......................................
..@@@@@.@@@@@.@@@@@.@@@@@.@@@@@.@@@@@..
Agents:
18
0,6,38,6,0
1,2,37,0,0
2,3,37,8,0
3,3,38,7,0
4,1,37,4,0
5,7,37,3,0
6,7,38,5,0
7,0,37,8,1
8,0,38,3,1
9,3,1,4,38
10,1,1,8,38
11,7,1,5,38
12,2,0,2,37
13,2,1,3,38
14,4,0,5,37
15,0,0,1,37
16,4,1,6,37
17,1,0,6,38
