5,9x39_left2_right2
Grid:
9,39
..@@@@@.@@@@@.@@@@@.@@@@@.@@@@@.@@@@@..
.......................................
..@@@@@.@@@@@.@@@@@.@@@@@.@@@@@.@@@@@..
..@@@@@.@@@@@.@@@@@.@@@@@.@@@@@.@@@@@..
.......................................
..@@@@@.@@@@@.@@@@@.@@@@@.@@@@@.@@@@@..
..@@@@@.@@@@@.@@@@@.@@@@@.@@@@@.@@@@@..
.......................................
..@@@@@.@@@@@.@@@@@.@@@@@.@@@@@.@@@@@..
Agents:
12
0,7,37,4,0
1,2,38,6,0
2,3,37,7,1
3,0,37,6,1
4,5,38,2,0
5,8,38,1,1
6,4,1,3,37
7,2,1,4,37
8,1,0,4,38
9,3,1,5,38
10,0,1,6,38
11,5,1,6,37
