4,9x39_left2_right2
Grid:
9,39
..@@@@@.@@@@@.@@@@@.@@@@@.@@@@@.@@@@@..
.......................................
..@@@@@.@@@@@.@@@@@.@@@@@.@@@@@.@@@@@..
..@@@@@.@@@@@.@@@@@.@@@@@.@@@@@.@@@@@..
.......................................
..@@@@@.@@@@@.@@@@@.@@@@@.@@@@@.@@@@@..
..@@@@@.@@@@@.@@@@@.@@@@@.@@@@@.@@@@@..
.......................................
..@@@@@.@@@@@.@@@@@.@@@@@.@@@@@.@@@@@..
Agents:
12
0,6,38,0,1
1,1,37,8,1
2,5,38,2,0
3,7,38,7,1
4,3,37,5,0
5,2,38,6,1
6,8,0,1,37
7,1,1,7,38
8,8,1,5,38
9,1,0,5,37
10,0,1,3,37
11,5,0,1,38
