4
Grid:
20,20
....................
....................
....................
....................
....................
....................
....................
....................
....................
....................
....................
....................
....................
....................
....................
....................
....................
....................
....................
....................
Agents:
80
0,16,11,12,5
1,18,10,14,10
2,19,4,15,15
3,0,19,1,3
4,10,19,8,9
5,6,3,13,15
6,1,7,4,5
7,13,11,9,14
8,14,10,4,12
9,19,14,11,11
10,18,17,0,18
11,6,13,2,10
12,19,1,10,14
13,0,17,5,7
14,11,14,12,13
15,9,19,5,12
16,4,18,12,15
17,4,4,0,16
18,5,13,6,15
19,7,16,12,14
20,3,17,15,2
21,9,11,6,10
22,1,12,12,16
23,2,15,13,18
24,5,1,5,1
25,3,1,5,10
26,13,1,4,16
27,3,5,6,14
28,5,19,0,0
29,19,13,19,8
30,8,1,13,7
31,1,6,0,13
32,19,3,5,19
33,7,19,11,8
34,7,10,8,0
35,5,5,13,10
36,7,1,14,4
37,13,8,17,16
38,4,7,16,14
39,0,8,13,1
40,14,15,14,8
41,9,8,19,2
42,16,2,16,6
43,5,18,17,9
44,10,18,11,2
45,18,5,12,17
46,14,13,9,12
47,12,17,1,9
48,4,3,11,10
49,8,15,17,13
50,16,17,0,5
51,14,11,19,15
52,7,15,12,8
53,1,17,7,12
54,19,11,16,11
55,12,12,13,9
56,10,16,11,6
57,18,9,15,4
58,12,19,5,16
59,10,14,6,13
60,14,12,3,5
61,12,1,16,15
62,15,2,19,1
63,3,11,1,19
64,7,13,1,0
65,12,18,2,16
66,8,13,9,11
67,10,15,13,2
68,17,0,0,1
69,14,14,7,15
70,9,3,18,5
71,12,15,8,4
72,14,19,0,2
73,3,16,12,12
74,17,14,9,3
75,2,19,14,18
76,2,17,16,2
77,7,7,11,15
78,0,12,14,9
79,8,4,3,15
