0
Grid:
20,20
....................
....................
....................
....................
....................
....................
....................
....................
....................
....................
....................
....................
....................
....................
....................
....................
....................
....................
....................
....................
Agents:
30
0,10,7,5,13
1,16,13,17,7
2,13,11,0,0
3,2,16,19,3
4,11,3,7,3
5,3,3,1,1
6,9,5,3,12
7,9,0,15,4
8,12,11,8,7
9,13,9,3,18
10,0,17,5,19
11,16,6,16,17
12,6,6,2,1
13,8,1,17,1
14,1,6,15,12
15,8,13,11,12
16,16,0,2,9
17,1,0,12,8
18,9,17,13,8
19,19,10,8,5
20,8,16,18,8
21,18,18,18,17
22,2,11,13,5
23,2,9,16,15
24,12,7,6,1
25,16,8,0,2
26,2,18,5,11
27,4,13,7,0
28,10,10,2,6
29,6,7,15,6
