0
Grid:
20,20
....................
....................
....................
....................
....................
....................
....................
....................
....................
....................
....................
....................
....................
....................
....................
....................
....................
....................
....................
....................
Agents:
78
0,13,10,8,2
1,8,12,0,12
2,13,9,14,14
3,3,11,8,17
4,0,17,15,1
5,12,9,15,14
6,8,14,16,17
7,14,3,7,15
8,17,13,17,2
9,10,17,6,18
10,1,16,12,6
11,19,5,12,17
12,14,5,12,1
13,2,3,0,8
14,7,2,12,0
15,17,3,17,0
16,9,12,5,10
17,12,16,14,10
18,4,17,19,17
19,7,1,12,16
20,16,10,6,13
21,15,3,11,10
22,14,0,0,5
23,17,2,18,12
24,19,16,19,15
25,1,15,9,3
26,18,16,2,10
27,10,2,16,19
28,18,7,13,3
29,7,19,13,13
30,14,8,7,9
31,11,5,6,2
32,5,2,9,14
33,10,0,7,11
34,10,19,10,19
35,0,9,12,13
36,10,10,15,9
37,10,1,2,7
38,6,4,12,11
39,3,6,7,1
40,2,2,3,17
41,4,13,2,16
42,1,9,15,5
43,10,8,17,18
44,17,18,7,3
45,15,6,12,10
46,11,9,3,6
47,15,15,15,7
48,11,18,13,0
49,8,8,16,13
50,5,19,12,4
51,15,1,8,16
52,12,7,10,3
53,17,5,0,15
54,13,19,1,13
55,5,9,10,10
56,0,11,6,12
57,1,1,2,17
58,1,11,16,9
59,18,1,16,8
60,5,10,8,5
61,13,4,10,8
62,18,19,8,7
63,17,10,5,6
64,19,4,19,5
65,14,17,11,15
66,4,6,18,5
67,1,2,5,7
68,9,3,14,11
69,14,10,14,1
70,17,16,6,4
71,6,3,16,1
72,16,12,6,5
73,6,8,11,14
74,9,15,7,0
75,0,2,7,5
76,6,9,8,19
77,11,11,2,0
