2
Grid:
20,20
....................
....................
....................
....................
....................
....................
....................
....................
....................
....................
....................
....................
....................
....................
....................
....................
....................
....................
....................
....................
Agents:
60
0,4,7,4,15
1,10,10,17,10
2,16,18,2,14
3,19,15,14,3
4,6,3,13,1
5,7,2,9,2
6,13,13,13,9
7,10,6,16,14
8,14,3,17,6
9,1,15,3,6
10,8,7,15,7
11,12,19,5,5
12,6,16,7,0
13,17,16,4,5
14,8,1,8,12
15,2,16,15,5
16,12,3,2,4
17,10,12,0,14
18,7,13,5,2
19,4,14,6,16
20,18,17,10,14
21,17,1,4,4
22,11,4,12,15
23,4,9,6,3
24,18,10,7,10
25,1,10,12,5
26,6,17,16,4
27,14,11,8,16
28,3,19,14,0
29,8,13,7,5
30,14,5,14,18
31,0,17,1,7
32,0,6,9,3
33,16,2,0,18
34,15,7,4,12
35,11,14,1,12
36,9,15,18,7
37,2,4,6,6
38,5,6,19,5
39,1,7,16,16
40,17,18,0,1
41,0,11,5,1
42,10,15,13,11
43,8,18,8,9
44,5,10,8,18
45,2,11,9,12
46,1,13,15,19
47,3,17,17,0
48,13,16,18,3
49,14,13,18,16
50,18,11,4,13
51,7,19,18,17
52,9,18,17,15
53,14,1,3,14
54,11,11,9,18
55,12,16,3,13
56,5,8,19,1
57,6,5,15,16
58,17,17,17,5
59,13,8,7,1
