0
Grid:
20,20
....................
....................
....................
....................
....................
....................
....................
....................
....................
....................
....................
....................
....................
....................
....................
....................
....................
....................
....................
....................
Agents:
46
0,17,2,16,1
1,18,11,4,12
2,19,13,12,5
3,16,2,3,19
4,7,16,19,9
5,9,5,9,10
6,5,3,7,4
7,9,4,2,9
8,0,13,17,12
9,2,18,10,18
10,19,12,1,11
11,10,6,1,2
12,5,19,5,6
13,5,15,5,9
14,4,6,17,18
15,18,15,19,13
16,10,18,10,4
17,13,3,4,13
18,16,16,19,18
19,11,2,19,2
20,7,15,10,3
21,13,13,5,2
22,11,10,16,15
23,7,14,18,11
24,8,16,15,14
25,17,12,13,16
26,5,18,13,19
27,2,5,8,1
28,17,11,17,10
29,11,0,2,13
30,17,14,8,9
31,14,7,4,6
32,8,4,1,17
33,2,19,12,17
34,11,4,15,4
35,18,16,8,5
36,14,14,15,0
37,12,11,15,19
38,7,8,7,0
39,9,6,8,2
40,9,11,11,13
41,15,7,18,17
42,2,2,7,18
43,8,14,18,4
44,5,16,4,8
45,4,13,12,0
