0
Grid:
20,20
....................
....................
....................
....................
....................
....................
....................
....................
....................
....................
....................
....................
....................
....................
....................
....................
....................
....................
....................
....................
Agents:
56
0,5,0,11,10
1,4,1,13,10
2,14,14,19,3
3,3,18,5,15
4,9,10,12,18
5,3,8,12,7
6,15,7,6,12
7,3,2,2,15
8,18,1,17,18
9,11,15,6,1
10,11,11,7,15
11,4,11,1,17
12,5,2,14,13
13,17,3,7,0
14,12,15,16,16
15,5,11,6,10
16,3,15,3,3
17,3,0,10,16
18,7,17,18,16
19,19,15,3,14
20,12,3,8,10
21,11,12,19,0
22,1,14,1,6
23,18,10,10,4
24,2,1,10,12
25,5,4,17,13
26,5,18,13,3
27,17,14,1,14
28,15,13,16,3
29,16,11,10,6
30,17,19,14,3
31,6,14,6,13
32,4,12,0,14
33,4,19,13,5
34,3,3,12,0
35,14,1,17,1
36,2,15,14,19
37,19,12,15,16
38,4,6,14,0
39,1,11,8,9
40,9,0,8,3
41,6,5,17,12
42,17,9,12,4
43,5,14,8,16
44,0,7,9,1
45,18,12,3,2
46,16,16,2,4
47,7,9,8,11
48,9,18,12,13
49,7,19,3,4
50,6,3,11,18
51,2,9,0,10
52,15,9,5,11
53,14,2,7,8
54,3,5,19,7
55,7,10,11,3
