3
Grid:
20,20
....................
....................
....................
....................
....................
....................
....................
....................
....................
....................
....................
....................
....................
....................
....................
....................
....................
....................
....................
....................
Agents:
50
0,1,11,0,7
1,10,3,0,10
2,12,2,19,4
3,19,18,19,8
4,12,1,3,16
5,9,2,6,8
6,15,5,11,18
7,10,14,1,3
8,17,18,14,11
9,4,3,16,12
10,16,18,8,5
11,8,8,0,9
12,8,10,7,16
13,17,10,19,7
14,2,3,10,15
15,1,3,17,16
16,2,0,12,16
17,14,5,10,19
18,19,15,9,19
19,18,19,5,2
20,11,11,18,17
21,15,12,19,19
22,5,6,6,5
23,1,13,8,14
24,10,1,2,11
25,9,6,12,9
26,12,11,12,0
27,15,2,10,16
28,2,2,10,7
29,14,2,9,0
30,4,8,10,8
31,16,8,4,3
32,0,5,1,15
33,10,5,16,18
34,0,4,15,15
35,11,5,17,10
36,2,16,14,3
37,9,4,17,2
38,0,0,9,9
39,13,14,2,2
40,10,11,3,6
41,4,11,3,5
42,0,15,9,15
43,15,3,7,12
44,14,6,18,7
45,11,0,15,4
46,6,5,5,11
47,3,4,14,17
48,5,7,6,19
49,6,8,16,15
