1
Grid:
20,20
....................
....................
....................
....................
....................
....................
....................
....................
....................
....................
....................
....................
....................
....................
....................
....................
....................
....................
....................
....................
Agents:
100
0,3,17,7,5
1,5,11,17,7
2,11,19,9,18
3,17,13,0,16
4,19,17,7,16
5,8,2,10,3
6,13,16,1,6
7,2,13,1,1
8,7,12,4,5
9,5,0,19,18
10,7,8,16,12
11,19,13,3,14
12,2,17,16,11
13,3,6,13,0
14,8,15,6,6
15,12,5,13,15
16,14,3,0,5
17,16,14,13,8
18,7,10,8,2
19,2,4,11,3
20,11,3,6,13
21,15,1,19,13
22,12,14,2,4
23,3,15,8,7
24,18,13,1,16
25,2,3,19,4
26,10,12,7,0
27,1,15,6,16
28,18,11,14,18
29,8,14,8,17
30,16,10,1,3
31,5,4,16,10
32,5,2,9,8
33,8,9,5,8
34,0,8,1,8
35,6,16,1,14
36,9,1,9,14
37,9,4,17,6
38,13,17,1,7
39,1,7,0,2
40,13,7,14,15
41,12,9,2,19
42,2,1,10,6
43,16,15,10,4
44,2,7,15,9
45,7,1,7,1
46,17,10,14,6
47,16,9,16,6
48,6,13,3,3
49,15,9,6,3
50,6,5,15,8
51,13,8,19,12
52,1,0,10,5
53,1,10,15,5
54,11,15,5,2
55,7,7,7,3
56,7,18,17,14
57,12,10,17,18
58,14,1,8,10
59,6,3,15,18
60,1,11,14,1
61,7,6,11,2
62,16,6,2,6
63,18,4,3,0
64,19,15,17,1
65,7,19,19,10
66,0,7,3,15
67,18,0,5,17
68,2,19,3,11
69,10,11,0,12
70,15,16,10,2
71,11,18,18,12
72,18,17,17,2
73,0,0,4,0
74,16,1,17,11
75,19,1,17,9
76,9,2,18,6
77,19,16,19,5
78,5,14,12,17
79,14,14,5,10
80,6,18,6,1
81,4,1,4,15
82,13,15,17,5
83,2,11,12,11
84,15,5,8,4
85,10,1,0,18
86,13,1,12,6
87,17,7,8,9
88,2,18,9,12
89,4,14,18,15
90,10,3,14,17
91,17,0,4,11
92,10,16,11,13
93,9,12,16,19
94,8,17,19,9
95,6,1,14,5
96,19,10,15,14
97,9,14,3,2
98,10,7,11,9
99,9,17,4,1
