1
Grid:
20,20
....................
....................
....................
....................
....................
....................
....................
....................
....................
....................
....................
....................
....................
....................
....................
....................
....................
....................
....................
....................
Agents:
12
0,13,18,7,11
1,19,16,14,17
2,10,17,5,11
3,11,14,10,5
4,16,10,16,17
5,18,14,14,19
6,8,12,11,6
7,10,3,5,15
8,15,18,9,13
9,3,9,2,9
10,4,11,17,8
11,19,15,16,4
