2
Grid:
20,20
....................
....................
....................
....................
....................
....................
....................
....................
....................
....................
....................
....................
....................
....................
....................
....................
....................
....................
....................
....................
Agents:
16
0,4,16,9,19
1,0,5,14,4
2,11,7,15,9
3,19,13,4,14
4,10,14,0,12
5,0,17,4,4
6,2,19,2,9
7,3,10,12,10
8,10,12,2,1
9,7,4,4,6
10,12,8,15,14
11,0,3,8,17
12,4,14,1,11
13,4,17,5,12
14,5,16,13,12
15,12,6,11,8
