2
Grid:
20,20
....................
....................
....................
....................
....................
....................
....................
....................
....................
....................
....................
....................
....................
....................
....................
....................
....................
....................
....................
....................
Agents:
88
0,18,5,15,2
1,11,12,13,15
2,6,0,10,7
3,1,3,18,9
4,16,13,11,3
5,7,12,6,0
6,10,11,6,2
7,5,11,19,0
8,1,10,4,1
9,18,16,11,11
10,9,14,14,1
11,9,4,5,17
12,8,8,17,3
13,19,16,14,4
14,2,0,13,11
15,5,0,10,10
16,18,10,8,8
17,15,9,13,9
18,14,16,4,12
19,14,1,2,9
20,10,7,0,10
21,12,1,11,18
22,2,11,2,2
23,9,18,4,4
24,18,9,4,9
25,7,1,15,0
26,15,3,10,8
27,15,6,5,10
28,3,18,1,12
29,0,5,5,5
30,1,15,9,5
31,8,6,7,4
32,13,19,3,7
33,16,16,14,5
34,17,5,13,4
35,15,17,2,17
36,6,2,9,7
37,2,7,8,11
38,2,16,11,4
39,19,5,10,3
40,6,3,15,5
41,12,17,17,5
42,14,11,19,9
43,13,7,5,18
44,12,16,9,3
45,1,5,13,0
46,6,16,1,16
47,13,15,13,3
48,17,9,3,2
49,17,13,16,11
50,1,13,17,10
51,14,10,14,19
52,14,13,8,0
53,1,8,11,9
54,4,6,5,2
55,19,15,18,2
56,18,17,1,13
57,13,12,2,0
58,5,5,8,5
59,2,9,15,7
60,13,18,6,7
61,15,1,18,11
62,15,5,7,6
63,13,6,18,17
64,19,9,4,17
65,7,13,7,1
66,2,8,5,12
67,0,1,3,12
68,9,5,7,14
69,3,5,6,13
70,17,6,6,11
71,6,8,2,1
72,3,1,9,19
73,1,1,13,13
74,4,12,14,16
75,0,16,18,18
76,15,12,12,6
77,14,17,3,10
78,7,9,12,11
79,7,4,4,2
80,13,4,3,14
81,15,16,3,16
82,6,7,18,0
83,0,9,1,3
84,2,12,3,15
85,4,17,17,0
86,4,15,16,6
87,2,10,14,9
