0
Grid:
20,20
....................
....................
....................
....................
....................
....................
....................
....................
....................
....................
....................
....................
....................
....................
....................
....................
....................
....................
....................
....................
Agents:
36
0,9,1,6,19
1,18,15,13,8
2,10,10,18,11
3,6,17,2,9
4,12,17,16,0
5,15,1,3,18
6,13,14,8,1
7,2,3,11,3
8,7,11,12,8
9,0,8,4,2
10,1,5,0,15
11,4,1,12,10
12,1,6,9,13
13,2,0,8,3
14,12,12,5,0
15,10,18,13,12
16,14,18,18,14
17,7,7,6,14
18,17,16,2,15
19,6,4,17,8
20,16,3,16,16
21,11,2,18,2
22,19,7,5,3
23,9,6,13,15
24,18,13,5,9
25,5,3,14,1
26,17,17,9,4
27,14,4,6,3
28,7,5,19,17
29,4,19,8,17
30,7,14,2,12
31,6,10,12,15
32,5,16,1,12
33,19,19,11,1
34,3,4,0,16
35,5,17,11,15
