3
Grid:
20,20
....................
....................
....................
....................
....................
....................
....................
....................
....................
....................
....................
....................
....................
....................
....................
....................
....................
....................
....................
....................
Agents:
70
0,3,15,10,10
1,0,19,15,18
2,5,17,17,5
3,14,5,19,8
4,9,16,15,19
5,11,9,2,18
6,10,8,15,15
7,6,13,16,6
8,18,12,3,16
9,13,14,11,13
10,2,7,7,4
11,19,2,19,12
12,12,11,9,7
13,6,8,18,10
14,6,0,11,6
15,3,0,10,4
16,10,2,2,2
17,7,14,8,10
18,14,17,1,12
19,7,15,10,19
20,17,18,9,9
21,1,12,11,15
22,19,6,8,9
23,5,18,14,6
24,0,9,12,17
25,9,5,11,7
26,19,18,1,17
27,1,15,1,9
28,15,18,13,2
29,7,13,18,18
30,11,6,19,10
31,19,9,3,1
32,12,10,0,17
33,18,8,9,8
34,19,0,1,11
35,17,3,16,9
36,6,6,6,8
37,2,5,8,14
38,6,7,19,19
39,8,17,5,11
40,11,17,2,4
41,0,11,5,6
42,18,16,7,10
43,10,13,8,7
44,4,11,11,3
45,19,11,17,2
46,0,8,16,8
47,7,17,14,1
48,17,7,14,16
49,9,8,18,11
50,0,1,1,4
51,1,18,11,1
52,9,9,3,7
53,15,2,17,0
54,7,3,3,12
55,17,1,14,19
56,18,15,5,4
57,10,7,14,13
58,7,10,11,2
59,14,2,3,15
60,10,12,3,4
61,13,5,10,13
62,4,14,3,2
63,17,9,1,3
64,10,1,0,19
65,7,2,12,13
66,16,19,2,8
67,2,9,1,5
68,5,0,0,1
69,13,17,9,13
