2
Grid:
20,20
....................
....................
....................
....................
....................
....................
....................
....................
....................
....................
....................
....................
....................
....................
....................
....................
....................
....................
....................
....................
Agents:
76
0,1,13,12,14
1,15,17,5,12
2,5,5,14,1
3,13,15,17,16
4,8,6,6,18
5,7,14,8,14
6,13,16,16,10
7,7,4,1,0
8,1,4,14,11
9,3,13,3,15
10,13,3,10,11
11,3,15,13,14
12,17,11,11,16
13,1,10,0,2
14,16,10,10,15
15,15,16,7,8
16,6,18,10,13
17,11,10,13,16
18,17,14,13,3
19,4,19,2,5
20,8,2,4,12
21,19,9,15,3
22,6,16,12,3
23,14,4,15,8
24,16,8,8,2
25,13,18,1,9
26,10,18,3,0
27,8,18,15,14
28,9,0,13,1
29,19,13,19,16
30,3,2,17,8
31,19,17,1,4
32,10,11,13,12
33,7,15,15,9
34,5,17,12,5
35,7,7,11,9
36,19,3,8,18
37,5,11,4,2
38,4,13,2,12
39,8,1,18,12
40,17,17,3,7
41,14,7,1,12
42,5,8,19,9
43,9,12,8,11
44,0,17,15,7
45,14,11,13,7
46,16,5,17,3
47,3,1,2,16
48,19,15,0,3
49,8,19,13,9
50,19,18,2,17
51,1,5,0,4
52,18,7,12,17
53,12,17,9,9
54,11,18,8,0
55,16,6,5,6
56,8,11,10,17
57,0,12,3,4
58,5,19,8,10
59,5,12,14,6
60,16,9,1,15
61,13,8,6,16
62,6,19,15,5
63,8,3,3,19
64,13,12,1,5
65,18,15,15,4
66,15,11,17,13
67,5,15,9,2
68,15,10,10,12
69,0,6,10,8
70,10,9,9,16
71,13,6,15,0
72,1,12,18,14
73,12,10,0,0
74,0,13,18,4
75,9,10,16,18
