3
Grid:
20,20
....................
....................
....................
....................
....................
....................
....................
....................
....................
....................
....................
....................
....................
....................
....................
....................
....................
....................
....................
....................
Agents:
80
0,3,11,1,16
1,10,7,7,1
2,11,2,6,15
3,8,1,13,8
4,6,11,6,10
5,18,2,14,15
6,15,6,7,2
7,5,11,1,1
8,1,18,10,6
9,12,18,17,5
10,17,14,19,3
11,6,4,17,1
12,2,3,4,7
13,12,8,14,9
14,8,17,17,19
15,6,3,5,13
16,17,17,14,12
17,5,10,18,15
18,2,19,4,15
19,6,16,6,16
20,17,2,12,0
21,15,17,3,16
22,2,4,14,3
23,18,0,4,13
24,3,19,9,7
25,11,8,19,1
26,5,6,12,1
27,4,8,8,7
28,9,19,7,9
29,0,8,6,2
30,3,0,7,15
31,16,11,16,2
32,9,7,3,5
33,15,13,8,1
34,11,1,5,9
35,17,3,17,11
36,9,5,11,7
37,9,0,14,18
38,7,5,19,16
39,14,6,14,1
40,11,19,7,8
41,5,13,11,14
42,9,6,17,15
43,15,9,9,15
44,18,14,18,2
45,0,11,10,8
46,15,11,0,11
47,15,19,13,14
48,7,9,13,5
49,16,19,13,2
50,10,0,19,4
51,0,18,2,15
52,6,10,10,13
53,19,0,11,19
54,5,1,1,12
55,4,5,17,14
56,6,8,1,7
57,5,14,13,10
58,4,9,18,3
59,4,7,0,14
60,18,5,11,18
61,18,1,9,5
62,17,9,10,11
63,2,6,3,10
64,5,7,9,16
65,16,15,11,8
66,8,0,15,7
67,7,10,7,17
68,11,14,15,13
69,16,8,0,9
70,14,5,12,14
71,5,2,11,9
72,3,3,4,3
73,16,2,16,14
74,9,12,2,7
75,15,12,7,3
76,19,1,12,19
77,12,17,17,12
78,3,5,12,15
79,3,18,18,8
