1
Grid:
20,20
....................
....................
....................
....................
....................
....................
....................
....................
....................
....................
....................
....................
....................
....................
....................
....................
....................
....................
....................
....................
Agents:
26
0,3,14,12,14
1,1,2,1,12
2,13,10,1,14
3,12,10,14,14
4,4,16,13,19
5,7,1,10,5
6,15,15,12,16
7,4,18,2,3
8,0,17,18,11
9,5,3,6,9
10,15,4,1,13
11,9,1,11,1
12,13,19,9,7
13,1,9,9,10
14,0,14,16,14
15,4,9,10,15
16,17,4,7,17
17,2,13,16,8
18,7,9,14,9
19,18,18,11,17
20,18,3,15,13
21,9,12,18,17
22,10,18,15,10
23,17,14,17,8
24,19,1,4,15
25,15,19,7,8
