3
Grid:
20,20
....................
....................
....................
....................
....................
....................
....................
....................
....................
....................
....................
....................
....................
....................
....................
....................
....................
....................
....................
....................
Agents:
10
0,3,17,7,15
1,2,4,14,10
2,1,8,15,14
3,1,4,7,9
4,18,5,19,13
5,4,4,7,2
6,18,10,10,0
7,3,12,6,8
8,11,15,19,9
9,15,0,12,13
