2
Grid:
20,20
....................
....................
....................
....................
....................
....................
....................
....................
....................
....................
....................
....................
....................
....................
....................
....................
....................
....................
....................
....................
Agents:
90
0,17,12,9,15
1,12,7,14,7
2,4,9,14,18
3,17,11,10,7
4,7,9,17,7
5,4,18,10,2
6,11,1,5,9
7,19,15,7,14
8,9,13,17,1
9,14,0,5,7
10,5,18,1,2
11,19,4,3,1
12,6,13,15,0
13,4,0,0,12
14,1,16,12,1
15,0,17,19,18
16,14,1,6,3
17,8,15,10,5
18,4,15,6,6
19,15,2,13,3
20,7,5,16,18
21,8,17,4,8
22,13,18,19,16
23,2,4,18,6
24,3,9,1,1
25,7,11,0,10
26,15,7,5,12
27,4,19,9,18
28,13,7,6,19
29,1,10,10,8
30,5,17,1,13
31,9,11,4,2
32,9,7,9,17
33,13,3,16,15
34,11,13,11,1
35,13,0,12,12
36,10,2,4,11
37,11,7,16,7
38,11,19,12,9
39,16,12,19,13
40,8,8,19,8
41,1,6,3,9
42,17,9,10,0
43,2,16,17,8
44,14,4,13,6
45,15,17,18,11
46,8,5,10,18
47,14,12,8,0
48,10,19,1,14
49,17,14,13,0
50,14,2,4,19
51,14,3,0,3
52,8,10,0,7
53,16,14,7,13
54,19,5,8,11
55,2,1,16,11
56,12,4,15,2
57,1,15,0,16
58,18,12,1,19
59,15,3,13,14
60,5,13,6,2
61,13,6,4,17
62,12,18,15,17
63,8,16,5,11
64,14,14,9,14
65,13,19,11,17
66,12,13,15,9
67,0,11,16,3
68,19,0,16,9
69,5,11,13,10
70,8,18,7,12
71,14,7,16,2
72,19,16,8,4
73,0,6,17,12
74,18,2,5,17
75,6,10,0,19
76,18,15,15,18
77,17,10,9,12
78,1,0,13,11
79,16,4,14,8
80,2,7,8,10
81,7,6,3,10
82,15,18,15,3
83,6,3,1,18
84,14,6,18,5
85,18,5,4,14
86,6,16,14,3
87,19,11,16,16
88,12,1,9,2
89,14,9,11,11
