3
Grid:
20,20
....................
....................
....................
....................
....................
....................
....................
....................
....................
....................
....................
....................
....................
....................
....................
....................
....................
....................
....................
....................
Agents:
68
0,18,11,13,3
1,19,3,3,1
2,2,5,7,19
3,12,8,7,18
4,4,1,2,0
5,0,14,13,13
6,15,9,10,19
7,10,1,16,4
8,13,1,8,6
9,0,5,9,14
10,5,2,15,5
11,18,12,13,18
12,7,14,19,7
13,7,9,16,2
14,17,5,11,14
15,4,19,1,8
16,11,0,15,1
17,0,9,18,8
18,15,16,11,9
19,18,0,4,0
20,16,3,13,8
21,12,14,11,7
22,18,8,8,1
23,7,15,4,5
24,11,2,14,14
25,9,14,14,6
26,0,16,11,0
27,13,6,8,5
28,15,7,9,15
29,18,2,5,18
30,10,18,2,11
31,16,18,11,5
32,10,15,13,10
33,18,9,12,11
34,1,3,0,8
35,6,4,19,0
36,6,5,12,16
37,5,14,7,10
38,0,12,0,14
39,1,1,17,12
40,14,2,2,3
41,12,10,14,1
42,19,15,1,4
43,7,13,6,9
44,13,7,19,4
45,18,16,3,6
46,9,18,17,15
47,3,2,0,5
48,14,8,11,4
49,16,5,18,15
50,6,3,14,3
51,11,19,19,1
52,0,8,10,11
53,4,13,17,10
54,6,0,18,14
55,1,7,4,13
56,5,10,14,9
57,7,6,7,5
58,9,13,9,18
59,9,3,11,3
60,6,6,13,11
61,2,4,16,9
62,4,9,2,7
63,7,10,3,5
64,15,0,7,17
65,14,14,10,16
66,7,3,16,5
67,16,7,9,13
