4
Grid:
20,20
....................
....................
....................
....................
....................
....................
....................
....................
....................
....................
....................
....................
....................
....................
....................
....................
....................
....................
....................
....................
Agents:
28
0,8,1,5,4
1,1,14,2,19
2,11,14,16,13
3,11,13,2,1
4,0,13,8,0
5,12,2,8,16
6,3,17,16,7
7,17,11,16,3
8,5,17,11,13
9,10,11,18,4
10,17,7,18,16
11,17,14,3,14
12,6,17,11,19
13,15,15,19,10
14,2,11,10,8
15,0,2,4,1
16,3,0,14,3
17,10,16,8,17
18,8,6,11,12
19,17,4,6,7
20,12,0,18,17
21,4,4,6,4
22,12,6,17,8
23,8,9,2,10
24,16,2,18,11
25,9,0,1,2
26,3,6,16,15
27,8,14,5,9
