4
Grid:
20,20
....................
....................
....................
....................
....................
....................
....................
....................
....................
....................
....................
....................
....................
....................
....................
....................
....................
....................
....................
....................
Agents:
48
0,17,2,17,1
1,7,3,14,12
2,0,17,0,18
3,7,13,4,10
4,17,4,9,7
5,5,17,7,13
6,5,10,4,18
7,0,6,19,8
8,1,1,1,2
9,14,9,17,4
10,17,17,12,14
11,5,2,18,14
12,13,17,0,13
13,18,6,1,3
14,10,3,0,15
15,7,12,3,11
16,17,7,10,16
17,14,18,10,8
18,6,9,5,13
19,4,13,1,14
20,2,15,3,17
21,15,8,7,2
22,17,14,7,1
23,2,5,11,19
24,2,2,17,15
25,13,16,13,8
26,9,0,7,18
27,16,5,13,17
28,9,2,9,10
29,19,0,2,13
30,2,14,10,4
31,16,13,2,12
32,19,18,1,15
33,4,18,19,17
34,12,2,6,18
35,15,5,3,18
36,4,3,11,3
37,15,10,9,6
38,7,5,7,12
39,0,3,4,1
40,4,5,10,9
41,0,5,16,8
42,19,1,2,15
43,17,5,4,14
44,5,9,19,15
45,9,4,4,9
46,9,3,19,5
47,11,8,13,5
