0
Grid:
20,20
....................
....................
....................
....................
....................
....................
....................
....................
....................
....................
....................
....................
....................
....................
....................
....................
....................
....................
....................
....................
Agents:
16
0,18,5,1,5
1,18,16,14,1
2,14,8,6,18
3,10,17,2,18
4,3,9,4,4
5,19,1,4,10
6,8,1,15,11
7,6,16,5,6
8,2,19,15,4
9,2,7,11,1
10,9,18,5,18
11,8,9,7,9
12,18,14,9,13
13,7,12,18,0
14,18,9,6,13
15,15,18,14,4
