2
Grid:
20,20
....................
....................
....................
....................
....................
....................
....................
....................
....................
....................
....................
....................
....................
....................
....................
....................
....................
....................
....................
....................
Agents:
24
0,9,0,13,17
1,7,6,6,6
2,18,5,6,11
3,12,1,18,18
4,3,4,8,4
5,19,9,9,10
6,2,13,6,9
7,8,0,19,6
8,0,17,16,2
9,16,17,1,16
10,2,17,7,12
11,17,11,10,17
12,17,15,16,19
13,7,10,8,12
14,4,11,5,4
15,6,9,12,13
16,9,6,11,6
17,15,7,16,3
18,15,2,9,3
19,4,18,10,7
20,11,2,17,18
21,6,13,0,10
22,1,2,14,7
23,9,15,19,10
