2
Grid:
20,20
....................
....................
....................
....................
....................
....................
....................
....................
....................
....................
....................
....................
....................
....................
....................
....................
....................
....................
....................
....................
Agents:
62
0,7,16,17,16
1,19,3,8,8
2,3,1,11,7
3,4,1,19,16
4,2,7,18,0
5,4,12,9,9
6,0,14,18,13
7,4,5,6,5
8,9,8,10,18
9,7,8,5,12
10,9,19,15,9
11,4,11,14,17
12,10,4,9,17
13,8,7,2,6
14,6,5,16,2
15,17,7,8,14
16,7,0,14,19
17,2,13,14,13
18,14,16,16,16
19,18,6,2,8
20,8,3,3,5
21,12,11,8,6
22,17,11,9,12
23,18,0,9,1
24,0,9,8,11
25,14,11,5,17
26,15,19,18,15
27,5,8,13,2
28,11,8,11,12
29,13,18,18,18
30,13,16,7,15
31,9,16,1,17
32,4,0,3,2
33,11,10,8,17
34,10,12,0,12
35,10,1,5,7
36,0,6,13,14
37,7,13,5,4
38,7,17,14,10
39,11,6,17,2
40,12,8,18,5
41,14,14,14,6
42,1,6,16,19
43,2,19,1,15
44,13,11,8,18
45,9,15,2,0
46,2,1,10,8
47,6,18,19,18
48,8,9,11,15
49,18,1,1,13
50,19,19,19,9
51,0,18,4,17
52,13,4,12,2
53,9,17,17,1
54,5,2,4,18
55,4,16,6,18
56,6,16,4,13
57,8,4,7,16
58,9,11,18,19
59,10,11,11,13
60,12,7,11,16
61,19,18,8,10
