3
Grid:
20,20
....................
....................
....................
....................
....................
....................
....................
....................
....................
....................
....................
....................
....................
....................
....................
....................
....................
....................
....................
....................
Agents:
72
0,19,11,18,6
1,13,10,15,7
2,14,15,4,9
3,3,4,7,3
4,9,9,9,1
5,15,11,8,1
6,7,14,9,11
7,2,2,12,5
8,14,5,13,2
9,3,12,17,4
10,14,12,12,19
11,1,8,12,15
12,11,9,2,3
13,5,14,6,5
14,12,1,14,6
15,17,2,13,4
16,8,2,1,16
17,14,6,17,7
18,12,11,16,3
19,12,8,19,17
20,3,6,12,8
21,0,13,13,11
22,4,10,10,19
23,10,8,7,7
24,15,0,9,5
25,5,16,14,4
26,7,9,6,12
27,8,6,15,5
28,9,5,11,8
29,19,4,2,4
30,9,8,15,1
31,11,8,11,16
32,12,13,16,6
33,2,4,11,15
34,19,15,1,14
35,10,2,13,16
36,13,14,19,9
37,9,7,11,6
38,3,0,7,15
39,18,16,18,4
40,15,1,0,8
41,14,18,7,9
42,13,8,11,10
43,17,6,12,4
44,12,7,0,12
45,18,14,11,0
46,1,11,0,1
47,7,6,13,15
48,9,19,10,16
49,2,13,1,4
50,0,0,9,12
51,14,1,9,17
52,2,18,18,10
53,5,12,17,14
54,9,0,0,17
55,12,10,9,9
56,18,4,3,13
57,10,11,9,3
58,10,6,11,4
59,15,15,15,13
60,13,19,8,17
61,6,11,17,12
62,13,12,1,18
63,7,19,9,10
64,1,13,12,1
65,19,1,12,10
66,18,13,3,6
67,13,15,11,17
68,3,13,0,3
69,2,6,7,16
70,0,11,10,1
71,12,3,9,14
