1
Grid:
20,20
....................
....................
....................
....................
....................
....................
....................
....................
....................
....................
....................
....................
....................
....................
....................
....................
....................
....................
....................
....................
Agents:
28
0,0,12,17,0
1,9,0,2,16
2,16,3,11,8
3,4,10,14,12
4,7,13,8,2
5,13,1,1,18
6,14,4,10,13
7,19,14,5,0
8,3,9,17,10
9,11,2,10,18
10,16,17,6,11
11,3,7,2,6
12,6,7,12,14
13,11,13,0,3
14,14,2,14,16
15,6,2,0,6
16,0,19,8,17
17,12,4,8,11
18,7,5,13,7
19,7,17,19,17
20,8,19,6,14
21,6,18,4,2
22,15,2,6,8
23,18,7,19,3
24,7,2,12,2
25,17,4,17,4
26,17,17,5,1
27,15,12,16,19
