0
Grid:
20,20
....................
....................
....................
....................
....................
....................
....................
....................
....................
....................
....................
....................
....................
....................
....................
....................
....................
....................
....................
....................
Agents:
18
0,19,8,7,4
1,17,7,15,11
2,2,14,13,5
3,2,3,2,5
4,16,17,4,1
5,3,2,5,19
6,4,10,14,2
7,15,8,7,1
8,8,10,1,4
9,9,8,15,10
10,5,2,13,4
11,18,16,14,11
12,11,18,15,9
13,1,13,12,7
14,9,1,12,19
15,14,13,3,2
16,13,16,7,6
17,2,19,8,14
