1
Grid:
20,20
....................
....................
....................
....................
....................
....................
....................
....................
....................
....................
....................
....................
....................
....................
....................
....................
....................
....................
....................
....................
Agents:
30
0,18,15,1,14
1,2,17,2,2
2,11,5,13,4
3,15,2,2,14
4,9,19,15,19
5,9,15,2,11
6,3,1,6,18
7,13,17,6,13
8,3,12,9,19
9,10,8,6,14
10,2,5,14,10
11,10,14,2,18
12,10,9,11,5
13,19,16,10,8
14,6,12,5,15
15,9,5,19,12
16,4,10,16,2
17,8,2,12,3
18,15,13,16,7
19,14,1,17,5
20,9,17,9,18
21,6,11,2,8
22,16,19,13,12
23,8,18,4,2
24,13,0,18,12
25,17,15,2,16
26,4,7,8,4
27,7,2,17,14
28,6,19,1,0
29,15,17,16,12
