3
Grid:
20,20
....................
....................
....................
....................
....................
....................
....................
....................
....................
....................
....................
....................
....................
....................
....................
....................
....................
....................
....................
....................
Agents:
86
0,15,5,15,9
1,10,1,8,15
2,5,16,3,3
3,19,5,12,18
4,0,6,3,12
5,17,13,17,11
6,12,1,14,1
7,10,7,19,13
8,19,0,10,4
9,2,5,8,17
10,13,7,5,9
11,19,3,7,6
12,3,15,0,16
13,19,11,5,0
14,6,1,0,12
15,4,8,11,17
16,4,15,12,10
17,12,11,2,2
18,7,8,14,6
19,12,6,4,13
20,19,6,6,17
21,16,16,9,11
22,19,9,2,14
23,6,8,3,5
24,8,8,4,3
25,6,5,2,7
26,4,3,12,16
27,5,6,3,2
28,17,9,9,15
29,17,7,18,15
30,18,19,17,13
31,1,8,6,16
32,9,17,4,2
33,9,19,14,9
34,8,15,8,8
35,11,3,7,16
36,3,14,11,11
37,8,11,0,3
38,3,18,5,11
39,15,18,1,14
40,4,0,4,10
41,1,4,13,8
42,5,1,3,6
43,10,2,11,19
44,9,12,9,3
45,8,17,0,1
46,14,11,2,11
47,19,8,11,14
48,18,9,19,9
49,9,15,1,12
50,15,2,14,7
51,3,3,6,8
52,1,6,17,14
53,3,2,1,3
54,4,9,7,0
55,15,4,0,17
56,13,17,6,6
57,0,5,6,9
58,6,13,7,19
59,17,14,12,8
60,8,12,4,18
61,14,0,19,19
62,12,13,5,14
63,1,15,12,0
64,2,14,1,13
65,8,2,1,6
66,18,7,13,17
67,1,3,18,6
68,8,7,1,7
69,13,12,14,12
70,6,10,0,15
71,12,14,4,6
72,16,11,19,0
73,15,12,11,3
74,2,4,1,5
75,9,1,2,0
76,14,10,17,4
77,9,0,14,11
78,1,9,14,0
79,15,10,19,16
80,19,12,5,19
81,4,10,13,12
82,0,16,9,12
83,5,3,11,4
84,7,17,15,13
85,17,17,6,2
