0
Grid:
20,20
....................
....................
....................
....................
....................
....................
....................
....................
....................
....................
....................
....................
....................
....................
....................
....................
....................
....................
....................
....................
Agents:
54
0,16,14,13,1
1,13,19,0,18
2,9,0,17,5
3,4,4,5,14
4,5,5,19,0
5,12,0,5,3
6,3,5,11,11
7,14,16,17,2
8,6,0,16,10
9,17,9,11,8
10,14,10,0,17
11,17,19,10,8
12,7,0,2,3
13,10,3,18,19
14,2,0,11,0
15,15,7,17,1
16,7,3,6,1
17,9,18,5,1
18,16,11,3,12
19,15,4,7,9
20,1,2,3,11
21,4,18,3,4
22,9,12,16,15
23,15,13,9,15
24,4,15,1,13
25,1,9,18,13
26,1,13,0,11
27,16,5,4,2
28,17,14,15,0
29,11,9,1,14
30,1,5,15,5
31,9,4,9,5
32,13,0,16,14
33,16,15,10,1
34,19,14,5,7
35,4,12,1,9
36,7,11,7,19
37,6,19,1,1
38,9,15,19,1
39,4,17,6,4
40,18,7,9,11
41,18,6,10,9
42,5,14,7,18
43,6,3,12,19
44,0,6,3,16
45,14,0,19,11
46,0,18,19,14
47,18,14,11,6
48,4,8,0,2
49,5,4,3,17
50,19,17,0,15
51,4,16,13,13
52,1,14,12,8
53,6,2,13,15
