1
Grid:
20,20
....................
....................
....................
....................
....................
....................
....................
....................
....................
....................
....................
....................
....................
....................
....................
....................
....................
....................
....................
....................
Agents:
68
0,13,8,14,9
1,10,12,15,6
2,9,11,0,12
3,17,0,6,14
4,7,16,1,18
5,13,4,18,1
6,7,4,7,0
7,16,12,9,18
8,1,17,18,6
9,9,9,1,17
10,13,6,1,3
11,0,7,6,17
12,4,6,5,15
13,1,4,4,14
14,8,8,11,14
15,16,10,19,11
16,18,3,12,13
17,2,4,18,13
18,15,5,7,17
19,9,0,13,12
20,6,0,3,4
21,15,13,0,2
22,16,9,17,14
23,10,14,7,16
24,3,0,16,9
25,14,1,12,5
26,6,6,16,13
27,8,2,0,14
28,11,19,13,1
29,0,3,19,19
30,6,4,10,6
31,2,12,11,11
32,17,16,8,3
33,8,9,3,19
34,3,13,1,14
35,11,6,17,8
36,10,15,17,10
37,15,7,7,7
38,17,1,8,17
39,16,16,12,16
40,16,15,5,8
41,15,12,7,12
42,17,6,15,15
43,9,13,5,19
44,8,15,6,11
45,13,13,2,3
46,2,6,17,12
47,11,11,17,0
48,3,14,17,2
49,18,13,14,8
50,15,2,0,10
51,12,12,6,10
52,7,2,11,9
53,12,4,2,7
54,1,18,16,4
55,6,9,4,12
56,7,7,13,14
57,16,4,9,12
58,19,1,10,4
59,19,9,12,12
60,5,15,16,18
61,12,17,8,6
62,12,9,15,9
63,15,9,2,16
64,4,3,4,5
65,15,11,6,1
66,17,3,4,9
67,19,13,16,1
