4
Grid:
20,20
....................
....................
....................
....................
....................
....................
....................
....................
....................
....................
....................
....................
....................
....................
....................
....................
....................
....................
....................
....................
Agents:
86
0,1,14,8,15
1,15,10,1,11
2,8,0,2,5
3,19,17,17,18
4,5,0,6,5
5,12,0,10,8
6,17,9,3,8
7,10,0,9,2
8,16,16,18,4
9,11,11,4,10
10,13,16,18,7
11,16,11,8,9
12,18,12,13,15
13,10,17,6,6
14,19,19,2,8
15,15,2,12,10
16,2,6,19,5
17,4,4,2,12
18,8,17,7,18
19,12,4,1,2
20,14,5,15,9
21,8,5,9,16
22,5,9,14,6
23,3,13,15,6
24,0,2,4,2
25,1,4,3,0
26,6,18,14,9
27,10,5,8,0
28,18,3,0,3
29,12,15,10,6
30,9,1,0,18
31,17,5,7,3
32,5,10,10,9
33,17,10,3,2
34,4,5,19,2
35,12,19,2,17
36,4,7,18,19
37,17,8,15,2
38,7,10,1,12
39,6,8,7,0
40,8,16,11,3
41,16,17,6,1
42,17,11,5,14
43,16,3,13,4
44,16,19,15,4
45,6,4,1,1
46,5,16,16,15
47,14,12,3,14
48,8,2,17,15
49,0,14,10,7
50,11,12,18,6
51,9,15,10,2
52,10,2,12,11
53,19,18,16,7
54,17,7,0,19
55,7,12,11,9
56,4,0,12,7
57,7,14,8,11
58,14,14,9,14
59,14,4,3,9
60,18,7,17,3
61,14,7,8,7
62,13,5,2,15
63,19,5,18,9
64,10,12,13,17
65,16,15,4,13
66,7,1,10,18
67,7,15,6,12
68,11,17,17,2
69,2,19,14,19
70,7,8,3,4
71,14,6,15,13
72,0,17,13,0
73,18,4,15,17
74,17,2,17,8
75,5,15,11,19
76,3,11,0,5
77,17,4,14,7
78,7,11,4,11
79,5,3,4,19
80,13,12,2,18
81,2,16,2,0
82,11,1,6,18
83,0,13,17,12
84,18,11,6,4
85,10,3,1,19
