4
Grid:
20,20
....................
....................
....................
....................
....................
....................
....................
....................
....................
....................
....................
....................
....................
....................
....................
....................
....................
....................
....................
....................
Agents:
20
0,18,8,3,11
1,3,15,9,1
2,13,18,16,9
3,13,10,2,18
4,13,9,19,2
5,14,17,7,1
6,2,1,9,18
7,6,19,8,10
8,7,13,11,4
9,11,3,15,18
10,11,14,8,8
11,16,12,5,11
12,19,13,1,16
13,13,6,15,1
14,5,19,2,7
15,17,16,6,2
16,7,0,2,2
17,8,11,8,16
18,17,2,17,14
19,7,12,0,5
