3
Grid:
20,20
....................
....................
....................
....................
....................
....................
....................
....................
....................
....................
....................
....................
....................
....................
....................
....................
....................
....................
....................
....................
Agents:
74
0,2,8,7,19
1,12,6,12,7
2,0,13,13,18
3,17,14,4,15
4,18,7,11,11
5,2,11,11,7
6,3,2,7,17
7,2,3,8,18
8,18,0,2,12
9,18,8,6,5
10,18,18,4,18
11,19,1,11,17
12,14,19,14,9
13,9,14,14,1
14,4,3,15,11
15,8,1,17,4
16,3,7,15,19
17,12,2,4,12
18,0,7,13,10
19,11,10,13,9
20,17,2,0,13
21,10,7,14,12
22,0,16,12,3
23,14,9,19,19
24,19,15,12,16
25,4,10,7,11
26,18,3,5,2
27,8,10,7,6
28,12,0,1,4
29,10,14,12,9
30,8,15,4,10
31,9,19,3,2
32,3,11,4,5
33,8,8,17,3
34,10,15,3,10
35,7,11,17,0
36,1,17,16,5
37,4,19,3,1
38,15,15,15,16
39,3,12,16,16
40,17,13,5,14
41,14,10,16,10
42,15,10,1,13
43,6,13,8,3
44,12,16,13,16
45,8,18,17,8
46,0,19,11,14
47,4,8,0,18
48,6,16,9,5
49,19,3,4,6
50,15,16,1,12
51,8,14,4,4
52,15,4,2,13
53,7,14,13,2
54,4,15,18,5
55,7,1,8,17
56,5,13,15,15
57,15,17,6,2
58,2,17,17,15
59,9,5,16,7
60,19,16,9,11
61,5,0,11,19
62,13,4,12,11
63,12,17,14,13
64,1,1,10,18
65,15,1,15,12
66,5,18,18,8
67,5,1,12,4
68,14,13,2,10
69,11,18,0,1
70,13,11,3,16
71,13,9,8,13
72,14,2,12,5
73,0,4,4,3
