3
Grid:
20,20
....................
....................
....................
....................
....................
....................
....................
....................
....................
....................
....................
....................
....................
....................
....................
....................
....................
....................
....................
....................
Agents:
76
0,2,13,15,4
1,15,13,19,12
2,7,16,9,2
3,4,2,7,18
4,11,0,15,14
5,11,7,3,11
6,14,5,18,7
7,0,9,4,14
8,18,13,11,1
9,18,12,4,13
10,17,16,14,1
11,4,10,10,10
12,1,5,6,5
13,10,17,5,11
14,14,3,14,12
15,1,7,7,2
16,15,5,9,17
17,11,14,12,5
18,12,2,5,2
19,3,1,8,9
20,19,13,3,14
21,11,16,7,5
22,14,7,13,3
23,19,11,4,19
24,4,8,19,3
25,12,0,9,19
26,3,6,14,19
27,16,6,6,15
28,8,5,9,11
29,11,2,0,5
30,6,6,5,16
31,7,8,5,1
32,19,3,11,3
33,12,8,14,15
34,16,15,6,13
35,13,4,15,7
36,4,7,4,6
37,5,18,18,14
38,13,6,10,8
39,10,0,3,6
40,8,4,2,13
41,5,7,16,12
42,10,1,11,18
43,14,12,3,8
44,5,3,2,9
45,17,11,10,9
46,14,10,0,8
47,17,18,1,15
48,10,5,10,15
49,13,12,7,1
50,1,1,2,11
51,9,18,17,1
52,16,8,0,9
53,13,1,1,9
54,18,4,12,14
55,19,9,5,12
56,5,9,1,4
57,19,0,18,12
58,10,4,9,5
59,18,15,5,13
60,0,15,9,0
61,14,14,11,14
62,10,19,8,16
63,15,16,5,3
64,2,4,0,1
65,4,6,1,12
66,19,4,15,12
67,6,18,8,18
68,12,10,8,12
69,10,8,8,1
70,18,1,6,6
71,11,1,13,5
72,2,11,0,18
73,13,0,16,2
74,19,1,19,17
75,7,18,1,5
