1
Grid:
20,20
....................
....................
....................
....................
....................
....................
....................
....................
....................
....................
....................
....................
....................
....................
....................
....................
....................
....................
....................
....................
Agents:
18
0,1,18,3,16
1,19,7,10,6
2,12,13,11,18
3,4,5,13,8
4,18,17,7,19
5,12,0,3,14
6,5,12,16,6
7,1,2,2,14
8,2,9,14,11
9,7,8,13,3
10,5,9,10,15
11,11,17,5,5
12,6,19,15,15
13,6,0,10,10
14,15,1,9,7
15,13,3,17,0
16,16,9,5,2
17,0,7,4,15
