4
Grid:
20,20
....................
....................
....................
....................
....................
....................
....................
....................
....................
....................
....................
....................
....................
....................
....................
....................
....................
....................
....................
....................
Agents:
34
0,16,15,1,13
1,1,17,9,12
2,17,15,12,4
3,11,15,6,17
4,8,18,6,18
5,1,11,15,9
6,7,9,4,6
7,0,9,17,11
8,6,1,4,12
9,4,17,7,2
10,18,6,6,5
11,17,16,4,4
12,12,4,15,10
13,8,10,12,18
14,12,13,7,15
15,17,13,17,9
16,4,5,19,13
17,2,6,11,8
18,4,18,14,17
19,7,0,11,15
20,5,18,9,15
21,11,17,9,16
22,0,6,3,10
23,0,8,18,9
24,14,18,12,10
25,7,3,8,4
26,4,9,2,0
27,18,4,16,1
28,15,5,13,8
29,6,17,12,5
30,5,8,15,11
31,14,13,12,14
32,4,15,15,13
33,17,6,7,6
