0
Grid:
20,20
....................
....................
....................
....................
....................
....................
....................
....................
....................
....................
....................
....................
....................
....................
....................
....................
....................
....................
....................
....................
Agents:
88
0,17,18,9,0
1,2,16,6,11
2,1,8,1,17
3,14,9,4,5
4,7,16,0,7
5,14,6,15,5
6,18,0,13,17
7,6,6,9,4
8,14,2,6,2
9,19,11,18,5
10,12,13,9,12
11,8,17,9,6
12,6,19,15,6
13,10,14,4,13
14,16,14,12,10
15,4,11,10,5
16,9,10,1,5
17,12,10,15,16
18,18,15,12,6
19,16,0,3,6
20,12,19,7,19
21,7,5,12,5
22,1,16,9,10
23,13,10,16,7
24,15,14,12,15
25,1,17,16,12
26,15,4,4,1
27,9,5,7,9
28,9,2,2,17
29,13,12,15,4
30,12,3,6,9
31,17,7,2,4
32,8,15,3,16
33,8,18,11,7
34,2,15,11,8
35,9,0,1,9
36,18,13,8,0
37,0,6,8,6
38,19,9,1,16
39,9,11,2,10
40,15,7,1,6
41,1,13,14,4
42,6,14,8,11
43,2,8,15,1
44,4,19,16,17
45,7,4,11,19
46,7,13,14,7
47,7,17,15,8
48,2,17,3,4
49,8,2,3,14
50,15,19,7,6
51,2,0,17,1
52,15,8,10,16
53,3,4,6,3
54,19,6,10,6
55,13,2,11,14
56,11,1,17,13
57,14,14,17,9
58,12,12,18,11
59,10,2,5,12
60,1,4,12,19
61,12,4,3,18
62,6,2,17,14
63,4,2,2,5
64,1,6,18,13
65,15,15,2,13
66,5,0,11,13
67,17,17,9,1
68,10,18,14,18
69,6,4,10,2
70,10,1,3,8
71,2,7,6,19
72,4,16,3,0
73,5,1,19,12
74,19,10,19,18
75,1,11,3,2
76,1,7,15,3
77,10,16,5,15
78,17,14,18,7
79,1,18,13,9
80,5,12,12,2
81,15,16,8,10
82,14,11,0,13
83,2,19,2,15
84,19,17,17,16
85,17,4,1,1
86,0,14,7,11
87,2,10,0,11
