2
Grid:
20,20
....................
....................
....................
....................
....................
....................
....................
....................
....................
....................
....................
....................
....................
....................
....................
....................
....................
....................
....................
....................
Agents:
58
0,11,15,7,12
1,0,10,4,18
2,11,4,16,15
3,0,8,5,11
4,11,3,17,13
5,1,10,8,9
6,5,5,17,18
7,16,2,15,9
8,11,2,6,11
9,19,14,7,15
10,4,18,15,18
11,2,2,3,18
12,3,7,4,7
13,3,17,15,14
14,14,7,17,5
15,5,12,3,11
16,4,4,2,7
17,3,15,8,19
18,2,11,6,14
19,6,5,10,14
20,15,0,8,10
21,6,18,10,17
22,1,11,5,5
23,17,17,0,10
24,1,16,17,17
25,8,17,2,0
26,11,1,4,5
27,8,8,15,15
28,1,12,13,1
29,4,14,1,17
30,8,14,14,5
31,0,11,3,2
32,18,15,5,15
33,13,0,17,11
34,16,13,8,1
35,18,4,10,5
36,12,3,13,2
37,9,5,4,16
38,16,17,0,18
39,18,7,18,13
40,13,2,3,17
41,7,13,8,4
42,9,13,10,13
43,1,1,15,1
44,11,11,15,16
45,12,9,18,1
46,11,6,3,12
47,19,5,0,2
48,0,3,5,7
49,19,7,6,5
50,8,5,10,1
51,7,9,0,13
52,3,19,11,18
53,18,10,9,9
54,16,18,12,13
55,17,13,16,18
56,8,19,6,7
57,10,3,16,10
