2
Grid:
20,20
....................
....................
....................
....................
....................
....................
....................
....................
....................
....................
....................
....................
....................
....................
....................
....................
....................
....................
....................
....................
Agents:
64
0,13,4,6,6
1,6,8,1,5
2,2,11,2,16
3,8,15,12,10
4,16,3,4,3
5,15,4,8,15
6,8,10,14,7
7,15,16,6,15
8,1,14,2,7
9,16,15,17,16
10,13,10,12,3
11,7,6,5,5
12,13,18,8,17
13,1,2,1,19
14,0,10,9,3
15,0,19,4,17
16,6,9,0,17
17,5,9,5,6
18,17,14,8,3
19,7,16,19,7
20,5,0,15,12
21,13,6,9,1
22,8,16,15,2
23,16,2,17,5
24,11,16,6,19
25,8,0,10,5
26,9,3,19,4
27,17,0,4,10
28,15,3,14,19
29,9,6,9,14
30,15,5,14,17
31,2,16,3,11
32,18,19,11,1
33,8,12,9,8
34,11,12,8,8
35,17,1,6,11
36,5,6,15,9
37,12,6,15,11
38,10,4,1,10
39,6,17,12,19
40,18,4,2,8
41,10,6,5,3
42,0,18,15,4
43,5,4,12,5
44,13,13,5,7
45,5,1,6,0
46,1,19,15,16
47,17,17,6,7
48,7,9,16,13
49,8,3,7,16
50,11,19,13,18
51,19,7,17,6
52,12,12,15,14
53,17,10,0,10
54,13,5,11,17
55,0,17,3,8
56,6,18,6,9
57,5,12,7,13
58,19,9,17,8
59,18,3,15,15
60,16,6,4,19
61,14,6,10,17
62,18,1,13,10
63,6,19,7,1
