4
Grid:
20,20
....................
....................
....................
....................
....................
....................
....................
....................
....................
....................
....................
....................
....................
....................
....................
....................
....................
....................
....................
....................
Agents:
12
0,9,10,14,7
1,11,16,1,12
2,4,10,3,14
3,5,14,17,12
4,10,0,0,19
5,18,16,7,3
6,15,10,13,7
7,17,12,10,4
8,16,16,10,7
9,8,19,9,11
10,3,2,8,16
11,2,18,19,13
