0
Grid:
20,20
....................
....................
....................
....................
....................
....................
....................
....................
....................
....................
....................
....................
....................
....................
....................
....................
....................
....................
....................
....................
Agents:
90
0,13,4,2,14
1,14,11,19,11
2,5,17,19,6
3,9,16,5,17
4,1,0,7,6
5,16,1,9,10
6,14,12,19,4
7,4,15,6,11
8,6,14,2,0
9,0,1,13,11
10,4,14,4,1
11,19,12,11,2
12,4,2,9,6
13,6,7,18,5
14,12,9,0,10
15,18,2,0,6
16,14,8,15,16
17,4,19,13,16
18,5,2,3,2
19,10,0,8,8
20,18,7,18,14
21,8,18,11,17
22,13,0,14,4
23,17,5,5,9
24,1,2,11,18
25,7,0,13,4
26,10,14,19,2
27,19,18,10,16
28,5,1,12,6
29,7,3,3,9
30,10,1,10,18
31,4,11,19,12
32,2,14,19,9
33,7,6,14,11
34,8,5,1,7
35,9,3,4,11
36,3,19,17,4
37,3,16,18,10
38,5,0,15,10
39,18,3,14,14
40,4,1,10,9
41,6,9,18,4
42,2,18,9,11
43,11,0,7,11
44,9,5,4,7
45,14,3,2,18
46,15,7,0,1
47,10,16,6,12
48,3,17,6,14
49,16,19,18,19
50,13,11,4,18
51,17,16,9,9
52,13,3,6,0
53,16,10,10,12
54,10,2,8,13
55,3,4,12,1
56,18,9,7,16
57,15,14,14,9
58,2,7,1,4
59,16,3,19,16
60,10,5,19,17
61,8,16,17,3
62,9,6,14,12
63,13,8,3,11
64,10,12,16,11
65,3,10,13,9
66,15,18,8,0
67,1,1,6,5
68,9,7,10,1
69,11,10,19,8
70,0,10,2,2
71,8,1,16,6
72,1,8,6,8
73,7,13,3,18
74,14,14,19,19
75,5,8,15,17
76,15,0,2,16
77,0,3,11,13
78,13,5,10,6
79,5,4,14,6
80,18,10,14,19
81,17,9,1,19
82,4,17,12,3
83,7,8,2,3
84,0,11,3,4
85,1,4,16,1
86,4,7,14,1
87,3,1,14,3
88,0,6,15,7
89,18,6,12,19
