3
Grid:
20,20
....................
....................
....................
....................
....................
....................
....................
....................
....................
....................
....................
....................
....................
....................
....................
....................
....................
....................
....................
....................
Agents:
58
0,11,8,4,2
1,16,13,5,11
2,16,6,2,14
3,0,7,8,4
4,19,5,11,10
5,14,12,4,16
6,0,10,8,9
7,11,3,8,11
8,12,2,11,4
9,17,6,1,0
10,4,13,8,12
11,4,2,13,9
12,15,1,18,17
13,5,10,1,3
14,12,0,9,1
15,10,7,19,18
16,6,15,12,4
17,0,8,10,18
18,19,15,10,19
19,8,19,13,17
20,6,19,17,3
21,2,16,5,0
22,5,18,1,1
23,19,2,15,7
24,10,12,15,19
25,12,13,5,10
26,7,17,0,10
27,3,13,7,11
28,17,14,6,8
29,15,19,7,8
30,15,7,6,4
31,6,5,3,10
32,9,2,16,15
33,4,16,16,14
34,14,18,10,9
35,13,19,2,15
36,0,19,10,10
37,16,7,15,1
38,10,9,8,18
39,9,18,18,13
40,14,13,9,11
41,7,2,6,2
42,5,5,19,4
43,17,13,10,1
44,18,16,10,15
45,4,19,17,5
46,10,15,18,2
47,10,0,11,9
48,8,17,4,11
49,18,14,6,17
50,14,2,7,16
51,4,4,10,6
52,13,18,6,3
53,18,13,1,10
54,0,6,4,7
55,9,17,13,3
56,12,12,5,14
57,17,18,15,4
