2
Grid:
20,20
....................
....................
....................
....................
....................
....................
....................
....................
....................
....................
....................
....................
....................
....................
....................
....................
....................
....................
....................
....................
Agents:
28
0,9,10,12,17
1,11,6,5,1
2,12,2,19,2
3,9,6,3,12
4,0,3,18,10
5,13,14,11,13
6,6,12,12,9
7,15,8,13,19
8,17,7,17,7
9,18,19,17,12
10,3,19,5,6
11,12,12,13,3
12,1,16,11,0
13,8,5,17,9
14,18,6,15,7
15,1,7,15,5
16,5,13,16,6
17,13,13,3,10
18,19,4,6,5
19,11,11,11,3
20,18,3,8,4
21,11,13,10,4
22,5,2,2,10
23,16,7,2,11
24,17,19,11,15
25,4,14,3,8
26,6,11,10,5
27,14,19,2,7
