4
Grid:
20,20
....................
....................
....................
....................
....................
....................
....................
....................
....................
....................
....................
....................
....................
....................
....................
....................
....................
....................
....................
....................
Agents:
32
0,13,12,4,6
1,13,15,5,0
2,6,6,5,2
3,10,8,3,10
4,19,6,11,13
5,5,4,15,13
6,17,12,15,11
7,2,19,9,8
8,16,4,18,13
9,9,14,8,5
10,15,2,3,4
11,4,16,15,17
12,1,17,11,7
13,13,3,0,17
14,2,2,4,3
15,13,19,19,1
16,15,17,9,15
17,0,9,8,14
18,15,16,0,4
19,17,19,1,10
20,1,14,15,9
21,7,5,6,3
22,19,2,17,16
23,0,0,17,7
24,12,5,12,1
25,19,10,13,19
26,7,17,9,7
27,14,8,6,2
28,12,7,10,16
29,5,17,9,14
30,13,5,19,6
31,9,0,1,17
