2
Grid:
20,20
....................
....................
....................
....................
....................
....................
....................
....................
....................
....................
....................
....................
....................
....................
....................
....................
....................
....................
....................
....................
Agents:
80
0,2,13,1,2
1,3,8,4,10
2,19,18,3,1
3,15,0,14,8
4,2,17,7,15
5,6,15,14,15
6,0,17,16,4
7,12,4,4,1
8,5,17,17,0
9,3,11,16,1
10,7,13,6,6
11,12,7,5,9
12,6,6,10,11
13,1,9,14,3
14,6,4,6,10
15,1,17,1,17
16,19,14,5,13
17,2,6,16,15
18,16,19,4,16
19,17,8,2,0
20,2,8,6,14
21,8,11,9,6
22,10,8,13,1
23,2,15,5,4
24,5,4,15,3
25,6,8,19,10
26,10,11,7,11
27,15,12,19,19
28,11,9,8,9
29,18,13,8,12
30,11,2,12,19
31,14,2,12,2
32,17,18,7,3
33,1,18,15,4
34,13,12,4,8
35,15,8,15,9
36,16,14,7,6
37,9,4,10,17
38,18,15,4,17
39,15,13,4,2
40,7,11,3,12
41,18,16,12,18
42,11,10,18,9
43,4,10,11,11
44,19,7,9,9
45,0,3,17,6
46,17,19,2,11
47,14,6,10,2
48,6,3,5,5
49,1,13,4,11
50,9,18,0,17
51,11,16,3,18
52,2,10,1,4
53,13,16,16,13
54,13,4,5,14
55,5,0,9,2
56,4,17,3,16
57,11,6,9,7
58,14,10,12,9
59,7,2,15,12
60,17,9,12,6
61,10,12,10,19
62,1,3,12,12
63,7,4,2,10
64,6,12,10,9
65,18,7,11,5
66,8,19,6,2
67,17,3,19,15
68,13,15,1,8
69,17,16,10,12
70,15,16,7,8
71,15,6,11,10
72,15,18,8,10
73,1,1,6,0
74,11,18,7,12
75,19,12,11,16
76,0,1,16,6
77,15,9,4,4
78,17,1,16,16
79,10,19,14,1
