0
Grid:
20,20
....................
....................
....................
....................
....................
....................
....................
....................
....................
....................
....................
....................
....................
....................
....................
....................
....................
....................
....................
....................
Agents:
20
0,0,0,8,8
1,2,5,5,13
2,17,19,15,19
3,14,14,6,6
4,14,7,16,0
5,3,18,0,0
6,0,5,19,10
7,17,2,19,5
8,0,9,17,1
9,5,3,15,15
10,2,8,3,3
11,18,9,9,1
12,14,4,15,6
13,6,17,10,2
14,14,5,11,14
15,12,19,4,19
16,18,13,5,12
17,5,14,17,7
18,8,2,16,18
19,2,9,2,8
