2
Grid:
20,20
....................
....................
....................
....................
....................
....................
....................
....................
....................
....................
....................
....................
....................
....................
....................
....................
....................
....................
....................
....................
Agents:
20
0,0,4,3,15
1,1,18,1,16
2,4,16,9,12
3,5,16,17,15
4,8,14,11,19
5,13,6,13,4
6,3,7,10,18
7,5,13,14,0
8,17,6,11,7
9,3,6,12,5
10,15,4,15,3
11,13,10,0,14
12,16,10,1,7
13,9,14,17,18
14,8,5,17,4
15,1,8,6,1
16,10,6,16,3
17,7,19,11,11
18,5,0,18,16
19,17,12,8,16
