3
Grid:
20,20
....................
....................
....................
....................
....................
....................
....................
....................
....................
....................
....................
....................
....................
....................
....................
....................
....................
....................
....................
....................
Agents:
30
0,3,10,15,4
1,19,17,15,5
2,14,14,2,17
3,9,7,2,0
4,11,15,2,3
5,1,17,16,0
6,5,2,11,18
7,7,12,2,6
8,11,3,9,11
9,6,19,15,2
10,9,15,11,10
11,6,3,11,9
12,5,1,7,2
13,17,4,17,3
14,8,3,17,2
15,8,6,16,6
16,11,10,13,11
17,10,1,18,19
18,14,9,19,17
19,10,0,15,11
20,13,19,8,14
21,10,13,4,8
22,1,16,2,15
23,7,17,3,13
24,10,10,10,13
25,19,7,7,8
26,14,8,12,4
27,4,16,3,9
28,12,12,3,18
29,19,8,9,3
