2
Grid:
20,20
....................
....................
....................
....................
....................
....................
....................
....................
....................
....................
....................
....................
....................
....................
....................
....................
....................
....................
....................
....................
Agents:
52
0,4,5,14,19
1,14,11,17,8
2,9,16,4,12
3,15,10,7,12
4,19,11,18,12
5,8,8,8,4
6,13,2,5,7
7,8,11,16,0
8,11,19,0,16
9,10,13,5,13
10,6,2,15,8
11,14,12,10,11
12,18,7,1,0
13,18,2,7,10
14,2,9,16,7
15,16,9,7,7
16,6,17,6,1
17,17,3,5,15
18,8,18,14,0
19,1,0,19,5
20,5,15,14,3
21,10,6,5,6
22,10,0,8,18
23,3,5,6,3
24,0,10,15,3
25,11,5,13,3
26,2,2,11,3
27,10,1,11,0
28,2,13,10,9
29,11,16,6,5
30,9,19,7,17
31,11,3,1,11
32,16,11,1,18
33,14,7,19,8
34,11,12,18,1
35,16,19,0,15
36,2,12,17,10
37,16,12,12,5
38,19,13,14,18
39,1,11,8,9
40,17,10,12,12
41,7,3,3,6
42,6,15,3,13
43,10,5,11,13
44,15,7,15,7
45,9,8,16,11
46,6,11,4,2
47,4,11,11,18
48,11,13,11,8
49,19,19,2,9
50,13,16,14,7
51,5,11,1,3
