1
Grid:
20,20
....................
....................
....................
....................
....................
....................
....................
....................
....................
....................
....................
....................
....................
....................
....................
....................
....................
....................
....................
....................
Agents:
56
0,0,4,3,1
1,5,11,16,1
2,11,8,12,12
3,3,8,6,9
4,15,13,0,0
5,5,13,3,16
6,1,10,11,7
7,3,1,16,18
8,3,14,14,8
9,0,13,13,4
10,17,17,5,6
11,9,18,13,16
12,10,16,5,2
13,7,14,15,3
14,7,8,4,13
15,2,4,2,12
16,16,18,19,3
17,4,11,13,7
18,19,17,5,1
19,6,4,14,10
20,19,12,6,5
21,12,4,9,9
22,17,8,8,6
23,14,0,12,2
24,8,7,14,17
25,12,11,6,7
26,14,11,13,6
27,0,2,14,1
28,14,7,11,16
29,1,14,14,12
30,0,8,7,9
31,0,6,9,17
32,10,1,1,4
33,16,2,14,0
34,6,11,0,19
35,1,6,3,11
36,8,15,9,19
37,14,5,9,4
38,5,5,4,17
39,2,6,6,3
40,6,0,19,9
41,16,10,0,9
42,10,5,13,9
43,17,1,7,1
44,16,12,10,13
45,15,11,14,19
46,3,11,12,10
47,11,6,1,18
48,13,16,13,18
49,11,11,4,10
50,14,17,15,10
51,6,5,12,17
52,3,18,5,12
53,16,15,16,13
54,17,9,2,3
55,7,18,6,13
