3
Grid:
20,20
....................
....................
....................
....................
....................
....................
....................
....................
....................
....................
....................
....................
....................
....................
....................
....................
....................
....................
....................
....................
Agents:
38
0,16,16,15,3
1,16,4,2,2
2,10,14,16,17
3,12,6,8,7
4,3,16,4,18
5,10,3,4,1
6,13,9,1,14
7,10,11,1,18
8,4,4,18,0
9,6,18,3,8
10,16,6,6,3
11,11,11,13,0
12,2,16,13,11
13,13,0,6,1
14,14,8,17,14
15,7,17,3,6
16,2,8,3,19
17,4,7,17,19
18,17,7,2,0
19,12,17,17,6
20,19,0,9,1
21,5,1,19,14
22,2,6,7,5
23,12,15,0,15
24,13,1,1,2
25,6,4,16,14
26,4,12,10,6
27,19,9,15,2
28,5,4,5,14
29,1,14,4,15
30,0,11,0,3
31,12,14,18,2
32,8,13,18,13
33,0,5,18,18
34,4,2,17,5
35,13,17,16,6
36,12,8,9,13
37,19,15,19,7
