2
Grid:
20,20
....................
....................
....................
....................
....................
....................
....................
....................
....................
....................
....................
....................
....................
....................
....................
....................
....................
....................
....................
....................
Agents:
54
0,8,12,3,15
1,14,11,17,15
2,0,6,0,2
3,8,19,14,10
4,12,9,6,1
5,11,2,13,15
6,8,2,3,17
7,11,11,18,10
8,16,9,17,10
9,2,19,10,10
10,7,5,9,15
11,6,17,12,1
12,18,4,19,19
13,12,5,17,2
14,7,11,15,4
15,10,4,7,3
16,4,4,18,3
17,6,2,4,1
18,14,5,16,14
19,17,17,13,4
20,1,11,12,3
21,8,17,18,13
22,19,5,0,6
23,2,0,7,1
24,6,10,13,2
25,4,8,10,0
26,5,11,9,0
27,13,15,15,11
28,13,3,10,1
29,12,1,14,2
30,18,6,12,9
31,16,11,10,15
32,11,4,2,14
33,18,15,19,13
34,7,1,3,18
35,9,1,9,11
36,4,7,4,6
37,2,6,11,10
38,4,0,15,2
39,12,15,14,5
40,19,17,1,7
41,16,3,15,16
42,11,1,1,14
43,4,17,14,11
44,5,1,9,19
45,9,13,12,11
46,4,14,8,17
47,18,8,8,15
48,10,9,0,18
49,1,4,4,8
50,2,11,0,5
51,11,6,18,6
52,0,5,12,8
53,16,18,6,14
