3
Grid:
20,20
....................
....................
....................
....................
....................
....................
....................
....................
....................
....................
....................
....................
....................
....................
....................
....................
....................
....................
....................
....................
Agents:
82
0,6,2,15,9
1,9,10,4,2
2,18,3,8,2
3,5,10,19,5
4,13,4,10,4
5,15,19,7,12
6,18,13,17,14
7,12,3,0,4
8,2,18,10,10
9,10,0,5,15
10,7,2,13,15
11,1,0,0,8
12,5,1,4,5
13,16,15,18,2
14,11,10,12,9
15,17,18,10,11
16,10,4,13,16
17,2,1,6,9
18,18,4,11,13
19,18,16,13,14
20,4,3,19,9
21,4,11,1,5
22,0,14,16,9
23,11,7,1,12
24,17,8,16,12
25,12,19,6,12
26,1,6,12,18
27,14,6,16,4
28,8,8,8,9
29,4,16,3,4
30,6,9,0,12
31,18,2,16,2
32,7,16,2,7
33,8,14,14,18
34,4,18,15,12
35,0,13,5,19
36,15,4,10,2
37,18,9,2,5
38,0,11,2,13
39,10,8,18,7
40,17,2,11,16
41,17,17,19,15
42,16,3,4,13
43,10,15,5,4
44,12,10,11,15
45,19,1,15,7
46,9,14,1,15
47,4,1,3,3
48,5,16,4,1
49,16,7,2,16
50,4,14,13,8
51,18,8,17,1
52,10,10,5,12
53,8,19,6,6
54,7,13,0,0
55,6,18,11,1
56,12,16,8,1
57,5,9,7,19
58,0,5,4,9
59,4,15,15,1
60,17,13,19,13
61,18,19,1,19
62,3,1,7,6
63,19,16,18,12
64,5,13,4,3
65,19,7,9,2
66,6,13,10,13
67,2,6,10,17
68,14,11,2,2
69,2,8,15,14
70,3,0,7,18
71,12,0,4,16
72,16,18,8,6
73,4,9,17,15
74,11,12,6,10
75,8,12,1,6
76,6,1,3,1
77,17,1,18,6
78,9,12,5,2
79,12,4,17,8
80,8,4,17,16
81,10,11,1,3
