4
Grid:
20,20
....................
....................
....................
....................
....................
....................
....................
....................
....................
....................
....................
....................
....................
....................
....................
....................
....................
....................
....................
....................
Agents:
62
0,8,12,6,7
1,10,1,11,17
2,13,1,1,7
3,15,6,15,13
4,16,1,6,15
5,9,17,12,11
6,11,17,4,17
7,8,11,3,11
8,1,1,10,2
9,13,14,8,3
10,16,16,0,19
11,0,13,4,5
12,2,10,9,14
13,15,12,10,14
14,17,6,7,11
15,13,17,16,3
16,6,11,12,15
17,9,11,14,1
18,2,8,12,13
19,16,18,7,5
20,5,1,15,7
21,16,7,11,3
22,2,19,18,5
23,5,16,11,2
24,17,11,8,1
25,10,18,1,2
26,19,16,14,19
27,15,11,19,15
28,19,2,18,1
29,6,3,1,16
30,9,9,5,8
31,7,11,1,18
32,10,19,12,1
33,7,17,11,19
34,9,13,11,4
35,5,15,11,14
36,9,14,1,9
37,10,2,19,4
38,5,18,6,2
39,16,15,2,18
40,17,10,14,15
41,16,17,13,18
42,0,5,7,14
43,8,13,16,9
44,12,2,2,3
45,12,6,17,4
46,19,11,6,12
47,8,5,5,9
48,9,0,17,8
49,2,16,9,9
50,13,4,16,17
51,6,0,0,16
52,11,18,1,11
53,6,17,17,7
54,17,7,6,1
55,8,2,7,1
56,12,12,18,12
57,13,0,5,3
58,3,10,8,5
59,17,3,3,16
60,4,11,6,11
61,3,7,16,12
