3
Grid:
20,20
....................
....................
....................
....................
....................
....................
....................
....................
....................
....................
....................
....................
....................
....................
....................
....................
....................
....................
....................
....................
Agents:
24
0,6,7,12,14
1,4,7,19,3
2,1,18,1,2
3,18,8,7,16
4,18,9,3,1
5,0,16,16,10
6,1,2,15,0
7,14,5,17,8
8,12,0,1,1
9,16,0,16,4
10,1,3,8,5
11,8,11,13,15
12,5,12,14,4
13,10,17,1,11
14,11,5,9,7
15,2,10,6,16
16,15,7,16,2
17,10,7,15,6
18,1,17,11,8
19,2,13,12,17
20,6,0,7,0
21,13,4,10,11
22,10,13,7,14
23,13,16,16,12
