1
Grid:
20,20
....................
....................
....................
....................
....................
....................
....................
....................
....................
....................
....................
....................
....................
....................
....................
....................
....................
....................
....................
....................
Agents:
10
0,5,11,4,15
1,16,14,11,7
2,7,12,19,4
3,5,7,3,4
4,1,13,5,16
5,13,3,0,7
6,6,5,9,6
7,17,4,2,3
8,5,0,17,1
9,6,18,13,17
