3
Grid:
20,20
....................
....................
....................
....................
....................
....................
....................
....................
....................
....................
....................
....................
....................
....................
....................
....................
....................
....................
....................
....................
Agents:
36
0,9,6,4,17
1,5,10,16,17
2,15,3,3,0
3,16,8,17,18
4,4,6,19,4
5,11,7,15,18
6,9,16,18,9
7,18,16,12,11
8,8,18,4,9
9,5,6,5,14
10,12,15,4,4
11,1,13,6,11
12,0,3,7,18
13,10,6,7,1
14,19,12,7,13
15,4,1,16,10
16,10,5,0,9
17,3,19,8,8
18,18,1,3,8
19,14,2,6,16
20,19,18,8,12
21,1,17,16,6
22,9,8,5,2
23,9,14,7,4
24,15,2,6,14
25,14,14,8,5
26,4,11,18,18
27,4,4,2,5
28,3,13,6,8
29,18,18,9,2
30,6,19,2,6
31,2,8,5,19
32,6,12,14,6
33,12,9,9,18
34,19,3,18,3
35,11,8,13,5
