4
Grid:
20,20
....................
....................
....................
....................
....................
....................
....................
....................
....................
....................
....................
....................
....................
....................
....................
....................
....................
....................
....................
....................
Agents:
24
0,12,17,16,12
1,15,13,14,2
2,10,13,12,10
3,3,12,16,0
4,1,2,1,17
5,2,16,19,13
6,11,7,3,11
7,10,8,5,7
8,1,1,18,16
9,9,14,11,6
10,1,18,15,5
11,8,7,3,14
12,14,11,17,14
13,6,11,4,0
14,5,7,4,2
15,11,18,7,7
16,0,0,19,7
17,15,5,7,2
18,16,19,1,19
19,2,13,1,9
20,10,6,19,9
21,9,7,13,15
22,5,6,11,0
23,19,18,4,6
