3
Grid:
20,20
....................
....................
....................
....................
....................
....................
....................
....................
....................
....................
....................
....................
....................
....................
....................
....................
....................
....................
....................
....................
Agents:
48
0,14,18,11,0
1,9,8,9,10
2,2,9,8,4
3,10,18,7,19
4,6,11,16,4
5,9,13,16,13
6,9,14,13,0
7,3,3,1,11
8,6,14,15,6
9,8,10,12,3
10,18,11,0,2
11,17,5,5,16
12,1,8,5,17
13,13,13,11,14
14,4,19,6,11
15,17,8,5,10
16,10,5,7,15
17,16,12,8,12
18,10,1,9,8
19,5,0,14,18
20,5,3,9,1
21,19,8,6,14
22,3,6,0,14
23,15,8,13,9
24,3,9,11,18
25,18,17,5,3
26,19,2,2,8
27,0,3,18,12
28,6,13,14,1
29,15,16,5,2
30,13,7,9,13
31,14,0,13,8
32,2,3,0,12
33,17,11,12,8
34,12,5,4,1
35,5,13,2,4
36,4,18,15,1
37,5,6,11,12
38,17,16,11,13
39,12,6,12,10
40,14,15,4,6
41,18,9,2,19
42,6,17,13,3
43,9,19,7,13
44,6,19,4,7
45,9,4,12,2
46,15,18,6,8
47,3,4,10,16
