4
Grid:
20,20
....................
....................
....................
....................
....................
....................
....................
....................
....................
....................
....................
....................
....................
....................
....................
....................
....................
....................
....................
....................
Agents:
10
0,8,4,1,11
1,1,17,11,17
2,17,17,11,8
3,3,10,7,5
4,12,11,17,9
5,14,12,1,3
6,11,6,8,8
7,6,3,9,11
8,4,19,3,5
9,5,0,4,10
