1
Grid:
20,20
....................
....................
....................
....................
....................
....................
....................
....................
....................
....................
....................
....................
....................
....................
....................
....................
....................
....................
....................
....................
Agents:
22
0,6,2,5,17
1,18,5,5,15
2,17,6,6,1
3,8,3,19,15
4,2,8,4,2
5,12,15,12,19
6,6,7,6,9
7,11,12,17,3
8,4,3,5,16
9,7,4,15,12
10,9,10,15,2
11,18,0,9,0
12,12,18,16,17
13,4,9,9,2
14,19,1,13,3
15,14,13,16,7
16,11,2,13,13
17,5,0,3,12
18,1,6,1,7
19,19,18,13,7
20,15,15,4,8
21,5,1,13,10
