0
Grid:
20,20
....................
....................
....................
....................
....................
....................
....................
....................
....................
....................
....................
....................
....................
....................
....................
....................
....................
....................
....................
....................
Agents:
28
0,2,4,1,2
1,7,1,3,3
2,17,2,11,4
3,17,14,13,0
4,3,9,1,13
5,8,19,16,2
6,13,15,11,14
7,15,9,4,5
8,0,12,12,7
9,10,15,17,6
10,8,3,7,1
11,8,0,10,14
12,19,7,14,14
13,7,11,11,10
14,6,17,11,2
15,6,2,14,7
16,3,16,12,3
17,10,18,18,4
18,15,11,13,2
19,12,0,13,17
20,1,17,0,13
21,1,6,0,15
22,2,1,7,17
23,12,19,14,3
24,8,5,7,16
25,5,8,13,5
26,7,19,14,6
27,15,7,10,16
