4
Grid:
20,20
....................
....................
....................
....................
....................
....................
....................
....................
....................
....................
....................
....................
....................
....................
....................
....................
....................
....................
....................
....................
Agents:
84
0,9,17,17,5
1,19,16,0,3
2,16,12,0,4
3,2,19,15,17
4,7,2,0,12
5,16,16,0,17
6,16,3,12,14
7,0,4,2,14
8,2,1,8,16
9,7,16,17,8
10,7,17,19,19
11,1,11,17,3
12,14,9,9,15
13,19,4,11,13
14,18,10,14,18
15,10,15,2,6
16,3,16,17,17
17,9,16,6,10
18,6,13,18,17
19,0,8,7,15
20,1,6,11,4
21,4,18,9,8
22,1,12,18,6
23,2,16,1,13
24,10,0,7,0
25,12,16,14,16
26,13,12,9,13
27,15,8,5,2
28,2,7,10,2
29,13,18,3,1
30,1,17,10,9
31,11,1,7,7
32,12,0,12,5
33,14,3,11,19
34,17,8,13,3
35,12,10,5,0
36,15,19,4,19
37,15,15,0,8
38,6,15,10,3
39,8,6,5,11
40,1,1,7,8
41,19,10,1,11
42,2,6,13,7
43,1,18,17,13
44,11,2,15,1
45,4,2,6,5
46,7,4,19,2
47,14,2,5,9
48,5,1,15,3
49,18,18,1,6
50,19,2,4,9
51,0,14,0,18
52,16,0,14,11
53,19,6,13,15
54,16,19,10,10
55,17,0,16,15
56,18,6,6,17
57,16,17,8,7
58,16,10,2,1
59,11,11,1,16
60,0,3,10,15
61,9,7,7,14
62,8,3,0,5
63,2,17,5,6
64,2,0,11,2
65,5,9,9,12
66,19,0,14,14
67,16,5,18,5
68,5,8,2,4
69,4,19,9,9
70,4,0,4,15
71,5,17,0,14
72,16,7,2,16
73,2,5,15,16
74,19,17,6,14
75,18,13,9,1
76,18,17,9,14
77,0,7,10,0
78,17,2,11,12
79,3,10,0,1
80,7,8,14,13
81,7,3,10,13
82,4,7,11,6
83,11,5,10,12
