2
Grid:
20,20
....................
....................
....................
....................
....................
....................
....................
....................
....................
....................
....................
....................
....................
....................
....................
....................
....................
....................
....................
....................
Agents:
30
0,16,10,3,19
1,15,17,10,9
2,3,13,13,15
3,12,6,1,5
4,0,0,10,17
5,11,16,11,9
6,2,4,3,18
7,6,14,16,9
8,1,0,10,13
9,13,14,5,14
10,0,7,19,18
11,3,11,13,2
12,12,16,5,16
13,3,15,5,8
14,6,15,18,8
15,9,8,12,3
16,4,15,15,11
17,16,3,11,2
18,7,17,19,12
19,14,15,11,5
20,14,9,19,3
21,9,2,17,0
22,8,3,1,14
23,10,17,10,2
24,5,11,6,7
25,17,8,14,18
26,6,4,3,5
27,4,6,10,19
28,10,16,10,0
29,0,5,2,4
