0
Grid:
20,20
....................
....................
....................
....................
....................
....................
....................
....................
....................
....................
....................
....................
....................
....................
....................
....................
....................
....................
....................
....................
Agents:
72
0,4,5,9,11
1,0,8,17,10
2,4,17,13,6
3,18,12,1,18
4,9,18,19,15
5,4,10,0,18
6,3,14,3,17
7,7,6,13,4
8,15,3,14,7
9,8,7,7,12
10,13,13,10,12
11,0,6,3,4
12,4,13,18,8
13,5,9,10,9
14,13,14,12,13
15,17,8,7,7
16,15,12,12,10
17,8,14,8,4
18,16,0,10,15
19,9,1,15,15
20,13,15,7,17
21,2,3,4,17
22,1,11,4,1
23,19,14,2,13
24,14,7,18,12
25,2,0,14,10
26,4,7,6,16
27,13,10,15,0
28,5,14,0,17
29,4,11,17,1
30,12,8,3,7
31,18,14,13,19
32,0,16,15,18
33,15,10,0,8
34,5,12,17,14
35,9,15,11,18
36,14,6,2,10
37,13,17,5,11
38,11,16,11,8
39,4,12,15,8
40,14,10,8,1
41,15,6,16,7
42,11,17,9,14
43,3,8,14,18
44,19,17,2,16
45,9,2,16,2
46,15,18,7,9
47,8,5,5,15
48,16,7,13,0
49,2,5,10,0
50,16,8,15,11
51,17,6,0,0
52,5,17,1,7
53,19,8,0,5
54,9,11,3,16
55,16,2,17,18
56,12,12,12,14
57,12,6,10,19
58,11,7,5,3
59,3,7,13,8
60,19,16,16,6
61,18,8,7,11
62,1,3,16,1
63,14,19,12,7
64,16,5,9,6
65,0,14,12,16
66,8,4,4,10
67,11,6,10,8
68,14,4,15,12
69,18,1,3,0
70,12,3,10,4
71,1,6,11,5
