4
Grid:
20,20
....................
....................
....................
....................
....................
....................
....................
....................
....................
....................
....................
....................
....................
....................
....................
....................
....................
....................
....................
....................
Agents:
82
0,11,13,5,19
1,18,18,15,6
2,19,13,18,12
3,8,5,16,9
4,0,7,2,2
5,19,3,17,1
6,4,15,18,1
7,4,9,9,14
8,6,10,1,5
9,14,7,6,3
10,19,7,10,4
11,2,13,7,13
12,9,6,16,3
13,10,5,4,10
14,9,0,12,19
15,19,18,12,15
16,6,2,3,19
17,15,1,8,17
18,0,6,7,5
19,2,5,7,6
20,8,11,12,13
21,13,9,13,0
22,11,6,9,3
23,17,3,10,16
24,13,3,13,19
25,9,18,2,17
26,17,4,5,6
27,8,12,2,9
28,2,3,12,17
29,16,0,13,16
30,8,16,11,11
31,3,5,16,14
32,8,1,19,16
33,14,5,12,18
34,9,7,8,4
35,4,14,15,1
36,18,11,13,2
37,0,19,3,12
38,14,3,4,15
39,8,6,10,6
40,6,15,11,3
41,13,1,7,2
42,0,2,6,8
43,12,9,9,7
44,13,7,11,15
45,3,19,16,12
46,9,8,12,5
47,3,17,15,19
48,6,6,13,4
49,18,15,2,3
50,8,8,0,11
51,13,2,3,13
52,5,19,12,10
53,5,8,14,10
54,15,10,6,18
55,13,12,1,7
56,2,2,2,11
57,4,5,3,18
58,9,4,4,5
59,12,1,3,6
60,7,2,8,5
61,13,8,1,11
62,5,12,8,1
63,17,18,12,8
64,2,11,3,14
65,7,17,7,3
66,17,12,18,5
67,4,4,2,1
68,9,5,14,8
69,4,19,10,2
70,15,11,14,11
71,1,13,15,5
72,5,4,17,11
73,16,11,7,10
74,18,8,12,1
75,11,2,7,16
76,14,9,19,2
77,12,15,17,13
78,9,10,18,16
79,8,17,14,13
80,12,18,9,11
81,0,5,12,16
