0
Grid:
20,20
....................
....................
....................
....................
....................
....................
....................
....................
....................
....................
....................
....................
....................
....................
....................
....................
....................
....................
....................
....................
Agents:
68
0,14,0,11,2
1,7,18,19,8
2,16,9,19,14
3,17,14,14,6
4,12,13,1,2
5,1,12,12,13
6,10,0,3,18
7,0,18,10,11
8,12,6,12,5
9,10,5,17,16
10,15,6,19,3
11,2,13,12,11
12,9,14,14,13
13,0,6,1,11
14,15,2,15,10
15,1,8,0,16
16,2,8,14,12
17,7,1,9,14
18,3,17,7,6
19,12,2,19,18
20,15,10,10,7
21,12,0,13,12
22,6,17,2,16
23,11,5,18,2
24,16,7,4,7
25,5,19,1,7
26,19,15,9,18
27,16,8,10,17
28,8,2,7,9
29,8,10,15,12
30,18,9,1,6
31,9,2,9,1
32,13,19,19,15
33,14,14,10,6
34,14,7,6,18
35,9,4,9,3
36,14,2,2,6
37,6,12,7,2
38,2,15,6,12
39,9,7,7,13
40,17,2,15,7
41,8,7,12,7
42,11,19,15,4
43,3,9,6,19
44,8,9,5,13
45,14,5,17,9
46,12,3,18,14
47,8,12,5,6
48,7,8,8,13
49,11,17,11,4
50,12,10,14,3
51,4,11,7,4
52,6,11,18,12
53,13,15,10,18
54,7,16,15,18
55,19,12,8,19
56,0,10,3,14
57,11,9,12,16
58,4,2,4,12
59,11,13,17,13
60,15,5,6,5
61,5,4,16,6
62,13,4,6,15
63,12,11,7,8
64,13,14,2,18
65,4,13,9,8
66,3,12,6,10
67,15,7,19,13
