2
Grid:
20,20
....................
....................
....................
....................
....................
....................
....................
....................
....................
....................
....................
....................
....................
....................
....................
....................
....................
....................
....................
....................
Agents:
78
0,14,14,5,5
1,1,10,10,13
2,19,14,0,10
3,7,16,11,13
4,4,11,17,5
5,8,1,11,4
6,17,1,10,2
7,14,10,11,18
8,19,9,13,13
9,16,16,10,10
10,10,17,8,8
11,15,1,16,7
12,2,4,0,18
13,16,11,6,17
14,17,10,10,9
15,19,3,8,15
16,9,3,5,18
17,4,17,14,11
18,2,0,13,11
19,12,11,14,17
20,12,1,17,11
21,18,19,17,1
22,9,8,15,4
23,0,14,3,16
24,8,10,16,1
25,15,7,5,10
26,4,16,13,14
27,18,0,4,5
28,7,14,7,1
29,18,15,3,17
30,19,13,16,8
31,11,5,1,14
32,12,13,7,17
33,17,16,5,14
34,8,18,15,0
35,16,4,5,11
36,4,8,2,1
37,19,15,5,2
38,19,11,19,8
39,14,7,0,3
40,10,2,8,4
41,2,8,1,12
42,7,1,13,10
43,18,7,11,8
44,19,1,3,7
45,12,18,6,6
46,12,16,9,1
47,11,4,15,14
48,6,9,15,17
49,3,16,12,6
50,17,2,3,2
51,0,15,10,15
52,19,10,1,3
53,5,17,13,1
54,10,3,3,1
55,15,9,9,6
56,16,6,2,18
57,5,18,10,7
58,12,8,6,8
59,6,14,14,3
60,8,3,16,3
61,13,18,15,12
62,15,13,9,8
63,14,16,3,19
64,9,16,1,2
65,0,16,15,2
66,18,2,13,12
67,13,4,11,7
68,19,7,6,0
69,0,1,7,3
70,7,0,4,10
71,9,2,6,13
72,14,17,17,12
73,14,19,14,7
74,1,17,0,5
75,8,0,5,6
76,19,0,2,10
77,5,8,17,6
