4
Grid:
20,20
....................
....................
....................
....................
....................
....................
....................
....................
....................
....................
....................
....................
....................
....................
....................
....................
....................
....................
....................
....................
Agents:
100
0,11,15,17,2
1,6,10,9,7
2,5,3,9,13
3,18,13,15,5
4,7,12,10,19
5,6,13,13,4
6,12,10,15,12
7,1,6,17,13
8,15,17,14,6
9,0,10,16,0
10,11,13,4,3
11,3,6,6,13
12,18,5,2,1
13,17,14,13,2
14,1,13,16,8
15,10,7,6,16
16,1,17,9,18
17,10,3,18,16
18,17,15,7,10
19,8,8,10,5
20,3,7,14,1
21,3,11,3,13
22,15,16,5,6
23,12,17,17,14
24,8,12,10,2
25,17,9,7,15
26,9,18,16,6
27,11,0,15,2
28,4,13,18,11
29,16,13,0,17
30,10,13,4,17
31,2,5,19,8
32,8,4,19,10
33,15,12,5,12
34,19,4,13,17
35,2,3,5,13
36,9,15,3,4
37,9,1,11,9
38,12,0,10,11
39,5,9,12,17
40,15,0,17,18
41,18,3,1,2
42,5,10,4,0
43,11,17,1,11
44,10,14,13,1
45,12,9,19,1
46,16,9,12,1
47,8,10,12,3
48,7,8,13,5
49,1,16,16,9
50,13,13,14,17
51,7,6,6,2
52,9,16,14,9
53,16,4,2,19
54,0,15,5,17
55,7,1,16,14
56,17,1,0,5
57,6,5,0,4
58,19,5,11,17
59,1,1,0,1
60,14,7,17,11
61,11,19,15,18
62,19,13,7,17
63,18,19,19,12
64,13,4,3,16
65,18,9,4,15
66,16,2,14,15
67,13,12,19,18
68,13,9,5,15
69,13,6,3,2
70,7,7,19,4
71,14,16,8,13
72,2,15,13,19
73,12,7,12,13
74,3,2,12,15
75,8,16,6,1
76,14,11,10,8
77,19,19,12,12
78,14,9,17,3
79,16,3,5,18
80,16,18,4,1
81,4,14,12,0
82,7,14,11,10
83,11,9,5,10
84,11,14,17,6
85,13,15,2,17
86,17,3,9,8
87,0,11,15,10
88,15,11,8,5
89,15,2,15,7
90,14,4,11,5
91,3,14,3,8
92,17,4,1,6
93,0,16,12,18
94,17,18,9,1
95,19,3,10,0
96,10,17,13,8
97,19,8,13,14
98,10,18,9,11
99,4,0,15,8
