4
Grid:
20,20
....................
....................
....................
....................
....................
....................
....................
....................
....................
....................
....................
....................
....................
....................
....................
....................
....................
....................
....................
....................
Agents:
56
0,10,0,1,0
1,15,11,18,10
2,8,6,13,10
3,6,12,13,15
4,15,19,4,5
5,1,3,8,12
6,17,12,2,8
7,18,10,1,18
8,4,12,4,1
9,16,8,11,16
10,11,8,19,11
11,15,18,15,8
12,6,10,7,2
13,7,19,2,2
14,2,9,6,3
15,9,4,16,17
16,1,6,3,2
17,12,4,17,13
18,19,16,17,7
19,15,14,15,3
20,2,10,9,4
21,11,18,1,14
22,18,8,19,18
23,17,18,8,5
24,7,18,17,18
25,8,14,1,7
26,15,1,13,16
27,4,17,18,15
28,5,17,0,1
29,18,7,13,12
30,9,5,11,9
31,3,12,1,17
32,13,12,10,13
33,10,11,14,3
34,18,0,5,10
35,12,19,15,17
36,12,16,12,9
37,5,5,6,18
38,6,7,11,18
39,2,4,4,10
40,2,18,2,3
41,0,15,10,10
42,8,0,12,13
43,2,14,19,5
44,18,1,3,17
45,17,8,7,17
46,6,19,3,14
47,4,5,10,19
48,18,5,1,4
49,0,6,10,4
50,5,8,5,6
51,1,19,3,10
52,11,17,2,12
53,5,19,0,18
54,3,5,0,11
55,4,10,3,12
