2
Grid:
20,20
....................
....................
....................
....................
....................
....................
....................
....................
....................
....................
....................
....................
....................
....................
....................
....................
....................
....................
....................
....................
Agents:
56
0,17,15,8,10
1,2,1,1,16
2,10,2,19,14
3,11,2,5,15
4,18,9,12,7
5,10,11,17,3
6,4,8,0,14
7,12,3,0,4
8,16,14,10,11
9,15,18,10,1
10,14,10,11,3
11,6,1,0,10
12,15,15,12,16
13,18,8,12,11
14,9,15,3,19
15,0,7,13,14
16,1,17,9,15
17,2,8,9,6
18,13,9,16,19
19,4,3,7,13
20,17,18,6,10
21,18,4,4,5
22,19,9,17,6
23,17,19,4,12
24,14,3,16,11
25,6,19,2,6
26,1,12,15,6
27,15,9,14,7
28,6,15,3,10
29,16,10,4,3
30,3,10,10,8
31,19,14,11,9
32,11,17,15,12
33,7,14,9,10
34,0,6,4,6
35,13,11,2,14
36,12,7,18,7
37,2,10,18,19
38,16,16,16,4
39,3,18,17,17
40,13,5,4,7
41,8,0,4,16
42,5,8,14,19
43,13,14,18,14
44,19,7,2,9
45,19,4,8,5
46,13,2,6,1
47,2,3,3,15
48,19,6,16,5
49,3,0,6,0
50,6,9,14,15
51,19,8,7,4
52,7,16,19,19
53,19,19,2,3
54,6,5,12,12
55,16,13,10,13
