2
Grid:
20,20
....................
....................
....................
....................
....................
....................
....................
....................
....................
....................
....................
....................
....................
....................
....................
....................
....................
....................
....................
....................
Agents:
66
0,10,5,9,6
1,14,12,17,16
2,13,9,19,2
3,11,16,8,6
4,18,0,16,0
5,19,7,5,18
6,18,13,1,4
7,11,14,15,10
8,18,16,17,2
9,9,3,19,16
10,14,9,13,14
11,8,4,8,16
12,16,18,18,14
13,10,0,17,14
14,3,14,3,2
15,0,10,12,15
16,0,19,3,13
17,3,8,19,5
18,18,7,9,16
19,19,0,4,3
20,18,10,6,14
21,8,7,15,18
22,9,0,18,11
23,4,1,0,18
24,18,6,1,10
25,8,1,1,1
26,16,9,2,18
27,16,15,14,3
28,19,10,7,19
29,13,3,15,12
30,19,9,19,7
31,7,18,16,14
32,10,3,15,15
33,15,10,2,8
34,16,8,16,18
35,4,4,5,7
36,10,11,16,5
37,15,1,10,0
38,11,3,14,0
39,10,18,0,9
40,11,2,1,18
41,11,8,13,13
42,11,4,6,9
43,1,7,6,15
44,16,14,18,2
45,17,18,7,2
46,19,5,3,0
47,17,6,18,0
48,4,14,7,14
49,5,10,17,10
50,1,3,2,19
51,10,4,9,1
52,13,6,1,19
53,0,17,11,1
54,13,0,9,5
55,6,8,17,19
56,11,7,17,7
57,18,12,10,2
58,6,16,12,19
59,8,15,14,6
60,14,17,8,13
61,10,9,4,14
62,3,4,7,4
63,18,15,9,3
64,13,1,10,18
65,12,8,16,15
