1
Grid:
20,20
....................
....................
....................
....................
....................
....................
....................
....................
....................
....................
....................
....................
....................
....................
....................
....................
....................
....................
....................
....................
Agents:
98
0,19,4,15,19
1,19,12,4,15
2,2,1,15,6
3,11,6,1,8
4,0,11,15,14
5,13,14,0,13
6,2,4,19,2
7,18,16,5,10
8,1,3,4,0
9,2,15,14,9
10,12,16,9,15
11,1,13,5,12
12,8,15,18,14
13,5,18,5,2
14,3,1,18,0
15,0,4,5,14
16,17,7,11,7
17,0,0,8,17
18,17,1,2,4
19,2,14,1,17
20,4,1,16,15
21,18,0,17,2
22,3,8,11,11
23,12,17,3,11
24,8,8,17,12
25,2,3,2,12
26,8,2,5,1
27,2,5,1,11
28,3,7,6,17
29,15,12,8,5
30,2,19,10,16
31,10,9,16,1
32,17,14,3,13
33,4,18,1,7
34,19,0,12,16
35,1,8,18,7
36,10,10,1,0
37,18,1,13,9
38,10,19,17,11
39,2,7,17,8
40,10,15,8,19
41,18,17,11,3
42,0,15,18,10
43,19,17,13,6
44,17,11,4,1
45,17,15,10,0
46,18,12,14,4
47,18,18,16,4
48,9,13,18,5
49,11,17,18,16
50,13,9,4,5
51,1,15,16,17
52,15,4,2,14
53,4,7,18,12
54,1,6,12,11
55,0,13,16,13
56,8,1,6,13
57,15,7,8,3
58,1,7,11,12
59,9,17,2,18
60,11,19,2,2
61,8,4,18,4
62,14,1,6,19
63,6,15,1,5
64,15,5,2,6
65,4,2,8,15
66,13,15,8,13
67,15,13,2,8
68,11,10,4,17
69,10,12,15,17
70,5,10,0,14
71,2,6,2,7
72,0,16,13,15
73,5,14,4,6
74,5,5,10,11
75,9,19,18,8
76,16,19,5,18
77,13,0,11,8
78,0,5,14,14
79,17,3,6,10
80,17,12,12,0
81,13,5,4,12
82,11,9,4,4
83,14,19,17,17
84,6,19,1,13
85,11,18,3,18
86,2,8,7,16
87,12,5,6,16
88,15,19,4,3
89,19,10,13,0
90,17,8,1,9
91,16,11,9,18
92,17,10,7,7
93,12,13,11,15
94,12,3,16,10
95,9,10,8,0
96,7,5,11,9
97,3,13,7,3
