4
Grid:
20,20
....................
....................
....................
....................
....................
....................
....................
....................
....................
....................
....................
....................
....................
....................
....................
....................
....................
....................
....................
....................
Agents:
30
0,5,12,7,11
1,15,14,11,2
2,18,7,4,12
3,8,7,0,15
4,12,14,4,14
5,13,13,13,19
6,3,11,7,9
7,11,6,17,17
8,3,3,6,12
9,11,3,2,15
10,1,5,18,10
11,19,17,11,7
12,6,9,3,15
13,5,17,11,8
14,5,9,9,3
15,1,4,10,19
16,6,3,17,10
17,13,0,10,9
18,8,17,1,2
19,11,0,5,5
20,15,13,19,9
21,10,9,7,2
22,14,11,17,1
23,4,1,14,11
24,9,9,8,18
25,18,16,9,9
26,16,0,3,17
27,12,17,0,9
28,7,8,0,18
29,1,11,13,2
