4
Grid:
20,20
....................
....................
....................
....................
....................
....................
....................
....................
....................
....................
....................
....................
....................
....................
....................
....................
....................
....................
....................
....................
Agents:
40
0,6,7,1,0
1,0,3,15,12
2,9,11,7,16
3,16,1,12,12
4,9,0,14,10
5,18,19,15,15
6,13,18,10,17
7,16,12,4,9
8,4,13,15,8
9,3,3,16,3
10,13,16,3,8
11,1,13,17,5
12,7,10,5,5
13,6,3,17,2
14,0,18,18,17
15,12,0,11,13
16,14,9,1,11
17,11,3,3,16
18,1,9,16,14
19,11,5,6,18
20,16,13,19,5
21,10,3,2,5
22,16,6,8,5
23,11,10,2,2
24,14,13,16,17
25,7,12,3,12
26,16,9,5,4
27,6,6,16,12
28,15,19,13,3
29,1,10,18,9
30,7,18,11,2
31,4,4,0,5
32,6,12,5,13
33,11,15,14,11
34,1,18,3,10
35,7,19,5,8
36,5,18,13,5
37,17,1,6,15
38,14,14,5,10
39,11,9,9,3
