2
Grid:
20,20
....................
....................
....................
....................
....................
....................
....................
....................
....................
....................
....................
....................
....................
....................
....................
....................
....................
....................
....................
....................
Agents:
36
0,2,3,11,11
1,0,11,5,11
2,10,19,15,11
3,5,18,18,14
4,17,12,15,0
5,9,10,3,14
6,17,17,16,12
7,17,19,3,6
8,1,8,11,4
9,7,3,9,15
10,0,10,10,16
11,15,15,13,19
12,1,1,4,1
13,7,16,5,16
14,2,16,2,0
15,3,17,10,13
16,2,10,19,7
17,15,4,9,11
18,18,15,8,0
19,18,8,18,2
20,7,0,6,7
21,14,0,14,0
22,16,12,11,12
23,2,1,10,8
24,19,15,14,9
25,15,12,12,11
26,7,4,4,0
27,9,8,13,10
28,11,8,9,4
29,15,0,3,2
30,9,11,0,17
31,7,7,8,2
32,1,13,1,14
33,1,6,3,0
34,9,19,5,6
35,5,8,11,17
