1
Grid:
20,20
....................
....................
....................
....................
....................
....................
....................
....................
....................
....................
....................
....................
....................
....................
....................
....................
....................
....................
....................
....................
Agents:
64
0,13,18,19,14
1,6,0,0,10
2,15,4,13,6
3,6,1,19,6
4,4,19,15,5
5,5,19,19,3
6,6,5,11,0
7,13,14,6,10
8,13,1,8,16
9,10,17,15,9
10,6,14,14,16
11,8,1,12,4
12,2,1,14,3
13,5,17,5,17
14,11,17,12,18
15,15,7,6,1
16,18,16,0,7
17,1,10,5,13
18,15,11,6,15
19,18,3,6,17
20,9,14,9,14
21,8,12,4,5
22,11,4,6,2
23,3,8,2,9
24,12,5,10,1
25,10,8,12,8
26,17,16,16,17
27,11,11,14,19
28,11,13,10,18
29,2,4,0,5
30,14,9,0,12
31,9,6,12,7
32,4,17,16,12
33,1,9,3,7
34,4,2,8,3
35,19,2,2,15
36,2,6,5,6
37,7,12,4,11
38,6,15,5,10
39,18,17,11,8
40,5,5,14,2
41,7,6,9,12
42,10,1,13,17
43,4,9,8,7
44,18,1,8,13
45,8,14,11,19
46,9,0,10,0
47,4,1,11,17
48,8,13,5,2
49,3,13,10,4
50,3,9,9,0
51,6,7,18,17
52,5,10,5,14
53,8,18,12,12
54,5,16,13,5
55,3,4,8,5
56,6,16,17,7
57,4,3,13,4
58,19,17,1,5
59,7,19,17,6
60,5,15,0,14
61,13,8,13,8
62,17,7,2,2
63,8,4,8,15
