2
Grid:
20,20
....................
....................
....................
....................
....................
....................
....................
....................
....................
....................
....................
....................
....................
....................
....................
....................
....................
....................
....................
....................
Agents:
46
0,4,19,9,3
1,7,1,1,18
2,7,4,2,17
3,12,9,14,19
4,9,4,3,16
5,13,4,7,15
6,12,0,2,2
7,15,19,2,8
8,2,15,3,2
9,15,2,18,3
10,16,17,4,16
11,18,1,11,14
12,6,1,7,8
13,1,7,19,9
14,17,5,13,5
15,7,17,12,18
16,3,1,12,1
17,14,6,12,4
18,6,13,16,1
19,8,2,5,18
20,4,18,13,15
21,17,8,15,0
22,5,12,2,10
23,12,14,16,17
24,6,12,6,3
25,16,5,13,7
26,18,0,15,14
27,2,10,9,1
28,3,6,16,14
29,18,11,9,9
30,7,2,13,11
31,6,7,8,0
32,17,15,17,11
33,17,13,6,14
34,5,16,3,10
35,19,18,8,15
36,0,10,6,16
37,15,14,15,8
38,8,7,7,18
39,0,5,10,15
40,9,1,10,14
41,18,2,12,11
42,19,4,8,12
43,2,0,3,13
44,15,17,16,18
45,14,1,19,17
