1
Grid:
20,20
....................
....................
....................
....................
....................
....................
....................
....................
....................
....................
....................
....................
....................
....................
....................
....................
....................
....................
....................
....................
Agents:
20
0,2,14,7,5
1,1,12,3,9
2,2,3,8,11
3,3,1,13,7
4,4,6,4,2
5,2,5,8,15
6,16,7,3,19
7,7,19,14,4
8,10,11,5,10
9,17,10,7,3
10,13,1,0,2
11,2,13,9,9
12,14,19,18,7
13,11,7,14,6
14,12,14,5,8
15,7,3,14,17
16,10,15,18,19
17,13,4,8,17
18,19,19,7,8
19,12,11,18,2
