0
Grid:
32,32
................................
................................
................................
................................
................................
................................
................................
................................
................................
................................
................................
................................
................................
................................
................................
................................
................................
................................
................................
................................
................................
................................
................................
................................
................................
................................
................................
................................
................................
................................
................................
................................
Agents:
36
0,6,23,10,3
1,12,5,11,3
2,13,29,2,21
3,11,26,1,7
4,1,24,21,7
5,9,17,23,18
6,15,30,2,1
7,30,2,29,7
8,30,21,19,16
9,1,9,1,16
10,3,19,2,8
11,29,23,7,17
12,30,9,26,15
13,31,25,4,26
14,7,14,7,6
15,0,13,14,9
16,4,14,2,4
17,30,8,28,25
18,13,18,0,23
19,14,24,14,6
20,12,10,21,17
21,19,27,10,10
22,19,13,3,9
23,30,24,21,14
24,16,31,5,5
25,14,30,21,31
26,12,28,1,21
27,19,24,10,21
28,8,22,18,7
29,30,1,7,23
30,26,7,27,27
31,17,27,29,29
32,16,1,26,3
33,25,16,25,9
34,4,6,21,16
35,17,11,22,7
