2
Grid:
32,32
................................
................................
................................
................................
................................
................................
................................
................................
................................
................................
................................
................................
................................
................................
................................
................................
................................
................................
................................
................................
................................
................................
................................
................................
................................
................................
................................
................................
................................
................................
................................
................................
Agents:
122
0,2,11,25,10
1,20,13,7,20
2,24,22,26,21
3,12,8,9,15
4,1,25,11,23
5,29,22,26,18
6,5,6,14,9
7,18,28,15,17
8,8,14,2,19
9,11,15,10,14
10,18,4,11,10
11,8,25,22,29
12,5,8,1,1
13,16,7,21,27
14,15,31,6,13
15,7,5,27,13
16,7,8,11,26
17,13,4,19,12
18,21,8,10,27
19,26,27,12,7
20,20,5,6,28
21,14,31,14,31
22,12,31,24,13
23,14,3,20,19
24,20,0,15,13
25,10,13,7,11
26,10,21,8,1
27,21,29,15,1
28,3,26,28,0
29,7,15,21,22
30,5,5,1,2
31,25,1,8,21
32,18,23,7,26
33,15,28,20,12
34,25,13,3,12
35,7,31,28,3
36,19,16,24,11
37,26,12,22,22
38,22,9,8,5
39,13,6,22,16
40,19,14,11,14
41,21,25,27,4
42,26,18,20,15
43,18,15,15,22
44,1,26,25,3
45,0,10,11,21
46,21,15,16,11
47,12,12,1,20
48,13,20,8,0
49,15,17,30,15
50,9,6,24,7
51,25,10,13,28
52,25,26,31,30
53,26,9,24,4
54,7,26,29,8
55,13,1,23,28
56,22,23,20,9
57,18,10,18,30
58,12,24,9,4
59,29,29,12,3
60,10,10,11,0
61,11,12,26,2
62,30,9,1,29
63,26,11,2,30
64,31,9,17,19
65,28,24,18,14
66,22,8,13,20
67,4,12,17,18
68,21,10,4,5
69,31,0,29,5
70,23,8,28,23
71,7,7,13,1
72,13,31,24,2
73,20,30,4,22
74,28,2,16,24
75,0,20,3,1
76,23,18,11,12
77,7,30,14,17
78,12,16,26,0
79,31,15,2,17
80,10,30,9,26
81,29,20,23,26
82,10,14,3,28
83,19,5,15,24
84,20,2,26,15
85,25,28,22,9
86,5,1,25,12
87,3,4,21,13
88,31,31,21,18
89,20,28,17,21
90,14,29,16,26
91,9,7,3,20
92,1,4,13,18
93,0,5,9,14
94,17,8,1,22
95,30,14,5,16
96,1,8,10,15
97,9,24,19,14
98,21,6,27,29
99,11,22,7,25
100,13,30,28,21
101,12,5,2,29
102,27,22,18,23
103,13,12,15,27
104,0,12,28,14
105,20,21,9,30
106,19,6,5,11
107,13,13,26,5
108,20,12,2,15
109,3,10,22,6
110,26,29,24,27
111,3,25,18,28
112,26,6,12,13
113,17,23,28,7
114,15,11,4,3
115,24,27,4,30
116,10,26,10,5
117,27,17,2,12
118,17,31,28,10
119,7,17,23,25
120,21,19,10,1
121,4,14,28,25
