1
Grid:
32,32
................................
................................
................................
................................
................................
................................
................................
................................
................................
................................
................................
................................
................................
................................
................................
................................
................................
................................
................................
................................
................................
................................
................................
................................
................................
................................
................................
................................
................................
................................
................................
................................
Agents:
100
0,9,19,30,9
1,25,3,6,16
2,2,11,26,18
3,18,8,25,16
4,25,20,15,21
5,20,8,19,26
6,21,11,18,29
7,2,27,23,21
8,3,4,6,9
9,28,15,29,5
10,7,0,3,30
11,11,15,18,16
12,8,23,6,23
13,28,26,16,9
14,26,28,29,30
15,10,12,17,22
16,16,17,28,20
17,6,16,8,31
18,0,3,21,7
19,27,21,7,2
20,0,12,28,28
21,3,26,30,1
22,17,3,23,27
23,10,29,18,17
24,28,6,0,13
25,27,31,1,12
26,9,10,23,24
27,7,10,7,27
28,27,11,2,18
29,15,24,11,16
30,13,28,14,23
31,9,7,4,29
32,23,4,8,2
33,4,17,15,29
34,8,7,14,7
35,15,27,8,8
36,29,17,29,7
37,29,4,22,23
38,12,30,30,14
39,30,19,0,2
40,1,11,12,12
41,3,6,31,23
42,31,29,28,10
43,8,21,4,23
44,8,16,31,14
45,5,7,6,29
46,30,7,14,15
47,16,9,5,10
48,12,6,30,28
49,24,10,17,25
50,11,28,16,18
51,23,1,25,30
52,26,22,23,3
53,11,21,28,13
54,12,23,9,12
55,30,16,24,10
56,26,26,0,20
57,27,30,22,18
58,4,6,22,16
59,8,5,1,27
60,23,24,6,17
61,1,7,14,3
62,28,21,25,4
63,0,19,9,11
64,24,5,28,8
65,5,19,4,17
66,8,4,27,22
67,19,1,27,29
68,11,8,0,7
69,18,18,22,22
70,8,17,31,31
71,18,20,4,7
72,13,4,27,25
73,11,18,19,10
74,5,26,10,27
75,1,18,3,21
76,1,5,31,27
77,4,31,0,27
78,25,21,7,9
79,21,25,1,20
80,30,24,2,4
81,10,6,1,18
82,17,22,11,26
83,10,3,12,2
84,6,27,21,14
85,20,21,2,9
86,28,5,2,7
87,5,12,1,14
88,25,24,20,19
89,10,14,16,11
90,14,29,21,9
91,3,19,27,21
92,17,2,15,26
93,31,20,13,21
94,1,24,31,26
95,15,28,26,12
96,29,15,8,14
97,18,25,22,30
98,10,7,17,11
99,18,21,6,19
