9
Grid:
32,32
................................
................................
................................
................................
................................
................................
................................
................................
................................
................................
................................
................................
................................
................................
................................
................................
................................
................................
................................
................................
................................
................................
................................
................................
................................
................................
................................
................................
................................
................................
................................
................................
Agents:
88
0,18,27,7,27
1,2,28,1,25
2,1,10,17,15
3,6,22,26,8
4,28,28,7,11
5,28,6,8,12
6,19,27,18,6
7,17,28,8,8
8,27,0,1,17
9,12,16,5,6
10,8,15,30,29
11,25,0,3,20
12,8,16,4,0
13,14,14,0,26
14,1,27,4,26
15,27,11,19,17
16,18,8,12,12
17,17,12,21,0
18,9,4,31,2
19,26,1,21,19
20,2,22,12,22
21,3,30,9,1
22,12,20,25,7
23,22,13,14,26
24,0,23,26,18
25,3,26,25,2
26,14,0,13,6
27,26,3,23,4
28,1,1,11,22
29,20,16,18,5
30,27,23,25,21
31,20,1,8,23
32,0,16,22,7
33,19,11,19,31
34,10,4,29,27
35,18,22,20,12
36,5,11,3,23
37,13,17,5,29
38,11,27,0,5
39,20,20,15,16
40,14,9,10,28
41,23,1,21,25
42,29,17,3,9
43,13,14,29,23
44,10,7,6,19
45,16,10,21,3
46,5,10,17,13
47,1,2,19,3
48,29,27,6,17
49,0,11,7,7
50,2,27,24,5
51,5,12,22,30
52,21,3,5,16
53,18,9,25,15
54,23,6,5,14
55,13,31,30,28
56,21,25,16,8
57,9,11,3,28
58,9,31,18,9
59,18,1,23,12
60,29,28,10,13
61,25,10,2,24
62,6,27,22,31
63,5,3,5,21
64,15,9,31,20
65,29,24,29,2
66,19,15,13,9
67,31,18,7,4
68,4,11,24,8
69,11,26,31,27
70,31,3,29,5
71,22,4,9,27
72,26,16,21,27
73,20,12,3,15
74,1,22,26,3
75,25,30,10,10
76,9,30,29,7
77,13,6,13,21
78,2,26,28,9
79,6,25,29,26
80,29,15,25,23
81,25,14,1,12
82,9,21,19,28
83,11,5,11,12
84,26,22,18,27
85,6,30,31,4
86,19,24,27,1
87,2,25,13,14
