5
Grid:
32,32
................................
................................
................................
................................
................................
................................
................................
................................
................................
................................
................................
................................
................................
................................
................................
................................
................................
................................
................................
................................
................................
................................
................................
................................
................................
................................
................................
................................
................................
................................
................................
................................
Agents:
100
0,27,11,21,13
1,10,28,9,11
2,3,21,29,23
3,31,19,27,30
4,19,15,1,1
5,31,25,21,7
6,8,25,21,18
7,17,30,7,19
8,23,29,21,4
9,18,24,24,7
10,28,30,18,10
11,0,3,16,8
12,23,5,27,31
13,2,25,26,26
14,25,20,1,11
15,24,9,0,7
16,11,10,27,6
17,12,18,8,13
18,22,25,27,17
19,8,24,31,7
20,21,21,11,15
21,9,5,26,1
22,27,6,25,24
23,7,20,22,10
24,19,11,9,25
25,24,11,27,21
26,10,27,10,11
27,0,29,23,1
28,10,6,25,22
29,5,29,20,9
30,19,6,21,30
31,26,31,31,12
32,23,22,13,24
33,13,30,18,8
34,12,31,21,28
35,7,30,18,30
36,20,26,7,1
37,3,7,17,5
38,7,17,15,13
39,29,14,5,24
40,5,13,30,15
41,28,12,0,25
42,30,16,25,5
43,9,15,3,8
44,7,15,18,31
45,20,11,4,10
46,5,15,25,25
47,27,10,28,11
48,14,5,5,0
49,8,20,31,21
50,4,25,19,26
51,23,16,0,21
52,23,25,17,6
53,30,19,16,1
54,31,5,16,17
55,0,13,7,14
56,2,10,22,21
57,20,29,15,16
58,23,23,16,27
59,10,9,29,2
60,20,20,16,31
61,12,9,21,2
62,12,2,22,3
63,24,20,27,23
64,5,17,5,3
65,8,2,2,5
66,21,14,2,25
67,24,15,6,6
68,5,23,9,9
69,16,0,3,0
70,12,0,0,29
71,14,13,30,3
72,7,4,1,19
73,13,26,29,0
74,21,10,26,13
75,15,13,10,13
76,27,3,18,7
77,13,31,30,1
78,3,28,13,16
79,31,14,9,18
80,4,0,19,19
81,20,8,21,1
82,4,4,20,5
83,23,31,16,19
84,6,10,4,17
85,29,20,25,18
86,5,30,11,0
87,1,8,24,2
88,21,29,28,22
89,30,27,15,28
90,21,27,9,17
91,19,7,5,25
92,19,21,19,25
93,2,5,0,13
94,19,20,24,14
95,1,0,27,4
96,9,7,6,30
97,15,5,23,23
98,22,16,19,21
99,18,28,31,5
