7
Grid:
32,32
................................
................................
................................
................................
................................
................................
................................
................................
................................
................................
................................
................................
................................
................................
................................
................................
................................
................................
................................
................................
................................
................................
................................
................................
................................
................................
................................
................................
................................
................................
................................
................................
Agents:
122
0,28,17,22,16
1,4,8,2,27
2,28,3,26,1
3,10,2,26,26
4,20,23,3,23
5,13,14,28,10
6,9,20,27,6
7,5,15,16,11
8,24,28,19,26
9,26,28,15,29
10,11,1,6,17
11,5,14,29,30
12,6,0,9,19
13,5,21,14,24
14,4,25,31,8
15,16,17,23,8
16,29,7,4,1
17,26,1,9,5
18,2,20,9,23
19,10,9,29,8
20,3,22,17,23
21,14,19,22,29
22,27,13,19,29
23,11,27,25,24
24,18,9,19,16
25,19,22,17,25
26,0,6,19,15
27,14,26,2,13
28,11,21,4,20
29,1,27,31,14
30,29,21,6,6
31,30,27,2,9
32,6,28,17,17
33,17,1,8,30
34,26,4,29,4
35,12,3,29,20
36,18,17,21,27
37,24,21,11,3
38,19,18,3,3
39,18,24,30,17
40,21,10,25,26
41,3,26,14,8
42,5,26,26,12
43,17,22,10,20
44,24,31,31,22
45,21,12,26,20
46,18,14,0,20
47,11,14,14,7
48,23,19,0,27
49,12,31,2,26
50,28,9,18,15
51,1,13,5,15
52,28,15,31,3
53,3,14,18,3
54,14,25,21,9
55,7,25,5,18
56,3,9,20,22
57,6,19,3,20
58,17,3,17,29
59,10,26,17,0
60,9,26,16,14
61,14,0,15,10
62,17,4,4,6
63,5,9,5,19
64,29,31,18,6
65,5,19,28,30
66,28,11,30,10
67,8,22,5,23
68,29,22,24,13
69,22,2,2,4
70,8,30,13,9
71,24,27,7,16
72,9,9,17,21
73,7,24,14,10
74,29,20,19,4
75,30,0,0,3
76,20,1,28,1
77,31,7,17,16
78,30,28,25,22
79,30,31,24,25
80,9,4,27,3
81,28,7,23,22
82,20,15,8,15
83,12,27,20,16
84,10,27,1,22
85,6,31,16,20
86,22,8,30,20
87,18,10,15,18
88,1,19,5,11
89,23,7,16,1
90,29,13,1,21
91,11,9,12,15
92,1,5,21,6
93,31,26,11,16
94,23,1,9,14
95,23,23,0,19
96,25,3,20,26
97,2,16,28,27
98,28,12,0,17
99,13,2,16,26
100,13,30,18,31
101,10,12,25,17
102,15,20,9,29
103,5,11,27,19
104,4,22,17,4
105,24,18,1,5
106,6,15,28,28
107,15,9,5,5
108,4,5,27,8
109,7,30,11,26
110,15,15,9,0
111,8,17,27,29
112,12,30,17,8
113,11,17,25,18
114,0,9,12,11
115,27,2,4,13
116,27,18,29,1
117,11,23,17,10
118,27,11,29,24
119,28,1,11,5
120,21,29,12,13
121,10,15,14,25
