5
Grid:
32,32
................................
................................
................................
................................
................................
................................
................................
................................
................................
................................
................................
................................
................................
................................
................................
................................
................................
................................
................................
................................
................................
................................
................................
................................
................................
................................
................................
................................
................................
................................
................................
................................
Agents:
90
0,13,28,10,21
1,27,8,17,18
2,1,31,25,9
3,27,19,18,13
4,19,18,23,26
5,10,3,5,12
6,11,21,18,21
7,12,3,4,20
8,6,22,19,5
9,28,28,6,22
10,12,11,20,18
11,30,12,28,21
12,12,24,18,23
13,16,11,11,20
14,27,3,31,13
15,20,24,11,3
16,23,16,27,19
17,24,3,17,17
18,26,7,27,12
19,23,23,12,12
20,20,1,1,12
21,11,14,20,7
22,1,16,19,22
23,7,17,23,28
24,14,13,7,11
25,6,26,14,5
26,1,24,24,23
27,15,15,31,11
28,9,21,31,1
29,19,3,4,9
30,2,8,29,15
31,23,6,11,13
32,14,19,15,24
33,30,27,20,25
34,27,20,28,6
35,4,19,30,5
36,0,11,19,1
37,0,16,13,21
38,10,27,7,17
39,16,30,3,12
40,28,13,31,7
41,29,26,23,5
42,23,31,30,18
43,1,9,9,6
44,25,5,14,23
45,20,20,21,1
46,21,12,26,22
47,10,4,6,27
48,31,14,6,5
49,18,12,3,22
50,6,11,9,26
51,17,17,14,26
52,21,14,16,16
53,23,3,31,25
54,14,25,21,22
55,11,23,10,10
56,19,4,15,8
57,11,9,23,11
58,9,19,25,5
59,27,30,6,30
60,26,1,7,28
61,9,22,19,16
62,31,16,21,3
63,30,20,25,16
64,1,27,13,9
65,16,27,8,24
66,8,4,10,2
67,23,17,0,29
68,28,12,26,19
69,5,9,4,16
70,8,29,25,27
71,26,0,19,2
72,26,28,27,26
73,0,17,19,4
74,1,0,7,22
75,27,11,29,7
76,19,19,29,26
77,17,5,8,11
78,2,26,30,15
79,15,3,21,9
80,2,19,6,26
81,8,15,14,27
82,12,25,21,2
83,13,29,15,0
84,14,17,14,30
85,22,29,28,11
86,6,8,26,25
87,28,2,18,6
88,15,12,29,5
89,18,0,12,31
