7
Grid:
32,32
................................
................................
................................
................................
................................
................................
................................
................................
................................
................................
................................
................................
................................
................................
................................
................................
................................
................................
................................
................................
................................
................................
................................
................................
................................
................................
................................
................................
................................
................................
................................
................................
Agents:
102
0,17,12,22,14
1,31,9,26,29
2,18,6,6,27
3,20,14,23,5
4,4,4,16,23
5,17,15,3,17
6,5,27,7,8
7,20,28,16,5
8,29,5,4,26
9,8,0,27,24
10,21,10,21,15
11,14,20,4,23
12,13,11,1,25
13,4,13,29,31
14,12,25,27,7
15,28,15,6,14
16,31,16,24,20
17,26,31,18,19
18,9,10,23,24
19,21,9,7,1
20,13,13,15,31
21,10,29,25,25
22,19,27,21,21
23,29,28,15,28
24,20,16,23,28
25,11,12,22,9
26,16,19,0,4
27,18,7,26,30
28,30,11,21,6
29,27,6,5,29
30,2,7,10,12
31,2,10,6,4
32,7,1,2,9
33,16,21,17,23
34,1,21,0,19
35,19,18,7,10
36,15,30,16,0
37,0,16,9,22
38,1,17,14,10
39,14,8,6,11
40,24,28,27,28
41,14,16,30,6
42,31,11,10,4
43,29,19,31,20
44,1,29,13,27
45,14,14,25,18
46,7,6,15,12
47,11,31,25,24
48,21,17,15,9
49,11,8,3,30
50,28,24,25,19
51,28,17,21,20
52,1,10,10,16
53,6,13,28,12
54,9,9,2,11
55,24,25,31,1
56,15,5,4,13
57,28,23,27,19
58,2,4,16,20
59,23,14,25,11
60,20,21,11,14
61,3,0,7,23
62,22,12,2,24
63,28,0,0,6
64,26,15,11,16
65,6,6,29,18
66,14,25,5,31
67,31,21,0,24
68,19,14,28,17
69,10,18,21,16
70,12,19,11,10
71,20,5,24,9
72,22,14,23,13
73,23,5,30,21
74,3,30,6,26
75,15,7,18,26
76,16,12,14,6
77,10,7,8,4
78,21,27,9,6
79,26,21,14,26
80,14,5,25,22
81,18,25,6,6
82,3,18,4,11
83,10,21,30,20
84,3,20,20,13
85,25,5,1,16
86,1,0,0,21
87,1,30,22,6
88,20,23,30,9
89,0,30,14,19
90,21,2,17,19
91,14,24,19,18
92,0,24,19,6
93,19,21,21,25
94,4,6,21,30
95,1,26,19,25
96,1,3,10,7
97,3,1,24,13
98,31,28,21,11
99,27,27,31,27
100,13,10,19,11
101,10,10,29,8
