1
Grid:
32,32
................................
................................
................................
................................
................................
................................
................................
................................
................................
................................
................................
................................
................................
................................
................................
................................
................................
................................
................................
................................
................................
................................
................................
................................
................................
................................
................................
................................
................................
................................
................................
................................
Agents:
88
0,15,2,27,1
1,19,19,8,17
2,5,10,30,1
3,30,16,15,11
4,17,29,16,15
5,29,5,28,24
6,4,4,14,18
7,9,4,11,9
8,29,25,20,9
9,8,31,11,12
10,16,8,6,9
11,0,14,9,31
12,4,17,9,0
13,6,5,5,24
14,10,2,14,5
15,10,24,3,30
16,25,12,31,29
17,21,0,6,5
18,26,26,0,29
19,30,24,16,10
20,17,30,28,7
21,15,23,25,17
22,14,16,24,4
23,9,10,2,8
24,8,8,20,12
25,20,29,30,8
26,9,12,4,29
27,28,6,22,16
28,2,4,5,4
29,15,19,15,2
30,3,24,22,25
31,5,14,0,12
32,19,4,3,25
33,12,23,14,13
34,15,8,18,21
35,9,2,1,14
36,27,16,0,13
37,13,18,18,10
38,24,8,11,6
39,0,19,14,10
40,7,28,30,14
41,29,2,18,18
42,14,12,4,31
43,15,12,14,28
44,16,14,26,20
45,30,22,18,31
46,10,10,6,4
47,20,25,16,13
48,24,0,12,29
49,4,9,16,29
50,3,17,11,27
51,26,0,8,1
52,31,17,27,23
53,2,25,26,28
54,30,10,1,4
55,13,26,11,11
56,3,27,24,14
57,11,6,6,22
58,27,3,13,22
59,0,6,8,20
60,21,31,19,16
61,7,0,1,31
62,10,19,11,23
63,24,16,9,9
64,27,20,12,4
65,25,23,5,17
66,3,23,26,8
67,16,21,8,25
68,1,29,20,21
69,3,28,21,30
70,10,21,30,16
71,14,5,28,15
72,0,3,18,12
73,18,15,7,11
74,30,14,15,8
75,30,21,18,14
76,0,30,31,31
77,19,3,17,2
78,10,26,5,27
79,21,11,1,21
80,25,17,27,31
81,17,21,3,27
82,23,12,5,13
83,11,21,15,28
84,5,29,10,17
85,27,0,10,13
86,17,2,4,15
87,31,6,15,18
