1
Grid:
32,32
................................
................................
................................
................................
................................
................................
................................
................................
................................
................................
................................
................................
................................
................................
................................
................................
................................
................................
................................
................................
................................
................................
................................
................................
................................
................................
................................
................................
................................
................................
................................
................................
Agents:
114
0,20,9,9,31
1,11,4,1,3
2,7,18,13,24
3,22,16,17,23
4,4,0,17,19
5,26,16,24,13
6,20,4,2,30
7,14,6,21,15
8,19,25,22,3
9,14,11,20,28
10,2,31,16,27
11,28,27,30,23
12,31,20,19,4
13,31,5,0,18
14,31,8,20,2
15,20,31,28,8
16,4,28,23,2
17,0,25,3,10
18,2,1,26,0
19,9,24,19,7
20,0,2,6,18
21,13,2,1,24
22,31,16,9,11
23,0,23,8,7
24,13,16,25,25
25,20,24,16,16
26,0,17,24,29
27,9,20,8,19
28,12,16,21,10
29,5,18,26,3
30,19,17,6,10
31,16,28,17,21
32,11,26,13,3
33,11,23,30,29
34,3,21,17,26
35,4,18,10,1
36,15,22,5,30
37,11,0,26,4
38,18,25,29,30
39,27,15,20,26
40,20,7,28,23
41,23,14,30,25
42,19,27,0,10
43,31,19,1,23
44,19,11,30,10
45,12,18,4,26
46,28,23,16,14
47,4,14,21,3
48,17,16,10,12
49,22,5,22,21
50,5,8,0,14
51,19,23,29,3
52,12,2,25,27
53,9,10,22,0
54,5,9,13,7
55,1,18,22,14
56,21,22,16,8
57,29,11,14,3
58,25,2,18,8
59,9,15,13,8
60,27,23,19,22
61,4,23,28,21
62,8,17,26,27
63,21,24,0,20
64,17,28,16,30
65,14,2,23,20
66,3,22,24,5
67,10,11,22,19
68,1,16,18,10
69,18,20,17,0
70,13,10,23,9
71,10,25,12,16
72,29,6,5,14
73,25,24,21,17
74,21,15,27,4
75,7,7,3,26
76,10,13,27,24
77,4,27,11,1
78,15,26,28,12
79,13,17,14,7
80,24,9,30,4
81,26,31,12,22
82,15,31,1,28
83,23,25,10,25
84,0,24,15,1
85,9,25,25,3
86,13,15,15,12
87,20,15,6,2
88,30,24,3,21
89,7,31,15,15
90,27,28,12,1
91,11,28,0,21
92,7,24,12,30
93,16,7,25,10
94,3,0,2,5
95,27,4,19,21
96,16,10,26,20
97,10,29,21,8
98,26,7,0,11
99,1,27,5,11
100,14,14,5,12
101,9,3,22,26
102,3,10,19,19
103,14,31,16,20
104,5,29,29,18
105,18,0,26,11
106,2,26,17,7
107,4,19,30,7
108,19,15,3,4
109,10,31,24,10
110,8,25,20,0
111,21,29,10,17
112,10,5,30,30
113,9,2,6,21
