2
Grid:
32,32
................................
................................
................................
................................
................................
................................
................................
................................
................................
................................
................................
................................
................................
................................
................................
................................
................................
................................
................................
................................
................................
................................
................................
................................
................................
................................
................................
................................
................................
................................
................................
................................
Agents:
74
0,15,4,23,0
1,11,1,1,13
2,30,30,14,0
3,6,27,23,20
4,10,11,1,16
5,26,19,30,21
6,5,26,18,14
7,13,18,19,8
8,21,28,17,9
9,9,8,12,12
10,29,3,5,25
11,26,24,11,4
12,22,10,4,2
13,8,12,23,2
14,8,10,29,12
15,12,12,3,18
16,27,27,2,29
17,14,3,17,5
18,5,15,28,12
19,19,4,2,23
20,21,29,24,28
21,3,8,5,7
22,27,31,27,20
23,30,14,27,30
24,21,9,21,7
25,30,7,4,24
26,7,7,17,10
27,6,6,6,6
28,7,27,5,2
29,19,29,7,14
30,2,16,19,28
31,6,25,1,0
32,30,10,24,12
33,12,10,12,4
34,7,10,16,3
35,22,26,30,14
36,20,24,12,30
37,13,29,23,29
38,21,14,21,5
39,15,8,20,31
40,14,26,12,15
41,21,3,20,27
42,13,19,11,30
43,20,6,8,26
44,28,4,5,31
45,3,10,2,18
46,27,21,21,13
47,1,5,17,20
48,9,17,3,19
49,19,19,29,22
50,6,10,13,16
51,18,4,29,19
52,18,15,29,21
53,25,9,11,12
54,17,25,29,30
55,12,11,8,1
56,27,3,6,5
57,11,11,8,4
58,22,5,8,0
59,13,3,3,25
60,7,12,9,21
61,22,8,12,21
62,4,29,30,15
63,21,26,7,0
64,20,10,16,20
65,16,9,25,0
66,0,4,30,9
67,19,9,19,0
68,29,16,8,21
69,9,19,27,27
70,30,29,26,21
71,27,13,31,5
72,5,2,18,18
73,3,5,8,31
