9
Grid:
32,32
................................
................................
................................
................................
................................
................................
................................
................................
................................
................................
................................
................................
................................
................................
................................
................................
................................
................................
................................
................................
................................
................................
................................
................................
................................
................................
................................
................................
................................
................................
................................
................................
Agents:
70
0,0,21,5,21
1,27,8,14,27
2,1,5,11,11
3,4,9,23,3
4,8,4,1,1
5,1,1,15,5
6,26,2,31,9
7,7,5,6,26
8,12,15,0,7
9,4,23,9,21
10,20,24,28,0
11,22,12,4,31
12,15,19,24,25
13,16,7,10,1
14,25,6,5,14
15,2,20,17,12
16,23,12,16,9
17,19,24,24,23
18,6,3,7,21
19,7,24,17,10
20,4,0,6,11
21,16,17,4,10
22,18,24,3,26
23,4,7,4,17
24,14,31,11,13
25,17,18,24,24
26,6,19,6,29
27,10,8,25,19
28,31,15,23,0
29,24,13,9,6
30,21,28,8,21
31,16,1,3,12
32,1,12,27,27
33,10,14,12,30
34,15,15,27,8
35,30,8,25,9
36,7,11,22,1
37,19,20,5,20
38,8,5,7,5
39,25,23,1,5
40,14,8,21,26
41,25,25,5,9
42,20,16,25,15
43,14,4,26,19
44,1,11,21,19
45,25,22,1,31
46,10,25,0,9
47,3,7,18,27
48,15,14,3,19
49,16,5,22,6
50,14,22,1,8
51,24,31,25,10
52,1,9,10,28
53,11,26,11,12
54,31,21,12,2
55,31,25,27,30
56,22,1,9,28
57,31,12,14,25
58,3,22,30,5
59,12,17,2,2
60,30,5,14,8
61,13,4,20,14
62,21,7,17,16
63,30,13,7,27
64,8,11,27,20
65,4,26,31,18
66,20,19,10,22
67,8,24,1,17
68,16,25,29,5
69,24,11,2,10
