4
Grid:
32,32
................................
................................
................................
................................
................................
................................
................................
................................
................................
................................
................................
................................
................................
................................
................................
................................
................................
................................
................................
................................
................................
................................
................................
................................
................................
................................
................................
................................
................................
................................
................................
................................
Agents:
106
0,14,3,9,14
1,23,0,27,5
2,3,26,13,9
3,13,11,16,2
4,15,11,28,7
5,22,24,10,30
6,17,16,15,29
7,15,9,26,22
8,25,6,10,25
9,9,0,15,21
10,9,6,17,12
11,21,1,1,11
12,16,24,6,5
13,0,0,1,8
14,16,15,28,22
15,14,19,25,7
16,23,28,8,16
17,28,7,27,1
18,1,11,17,7
19,14,24,18,16
20,21,6,9,24
21,27,22,0,22
22,15,17,5,13
23,15,3,27,4
24,15,18,7,29
25,20,24,28,16
26,11,22,5,27
27,26,8,25,2
28,13,21,14,3
29,15,10,19,8
30,26,13,6,4
31,27,0,17,18
32,29,2,13,4
33,1,21,23,3
34,19,8,15,23
35,8,14,9,1
36,23,17,7,22
37,10,3,14,1
38,10,31,2,28
39,18,30,5,3
40,8,28,5,1
41,17,29,19,25
42,27,21,12,2
43,8,0,29,16
44,2,19,7,12
45,25,11,15,3
46,27,3,14,6
47,30,8,26,20
48,10,26,15,1
49,24,12,12,23
50,16,26,31,7
51,16,7,2,15
52,9,5,9,9
53,0,26,4,11
54,12,23,3,5
55,30,14,2,18
56,3,17,7,20
57,2,29,24,12
58,27,29,20,6
59,5,8,18,22
60,26,1,29,28
61,18,31,12,9
62,14,29,16,6
63,18,20,8,26
64,19,1,17,28
65,24,15,15,16
66,6,5,19,21
67,14,13,18,2
68,12,10,16,15
69,20,21,19,6
70,20,14,0,15
71,19,11,23,28
72,21,11,14,2
73,7,10,30,6
74,12,12,6,6
75,21,16,5,8
76,18,14,12,16
77,8,16,20,9
78,24,11,24,0
79,19,12,10,21
80,6,10,9,3
81,7,30,31,18
82,2,21,13,30
83,16,17,23,6
84,8,15,26,1
85,13,6,17,1
86,21,7,1,25
87,19,18,3,10
88,20,11,14,26
89,26,22,16,18
90,19,31,28,24
91,5,28,3,19
92,17,8,11,4
93,1,8,13,29
94,7,8,14,20
95,13,7,1,15
96,4,9,28,5
97,8,11,10,8
98,15,27,31,9
99,4,6,9,30
100,29,5,8,23
101,0,1,30,21
102,6,21,22,29
103,22,11,20,25
104,25,20,4,14
105,22,18,27,20
