8
Grid:
32,32
................................
................................
................................
................................
................................
................................
................................
................................
................................
................................
................................
................................
................................
................................
................................
................................
................................
................................
................................
................................
................................
................................
................................
................................
................................
................................
................................
................................
................................
................................
................................
................................
Agents:
42
0,13,29,30,14
1,18,12,24,26
2,21,1,8,2
3,18,10,17,6
4,2,15,26,24
5,12,2,18,30
6,4,5,5,0
7,5,19,6,17
8,9,10,18,13
9,8,21,31,15
10,24,1,27,16
11,10,30,1,22
12,25,12,26,28
13,13,27,31,8
14,22,9,27,11
15,28,16,28,6
16,27,23,27,3
17,2,12,22,26
18,20,19,7,23
19,19,31,10,15
20,26,3,28,10
21,16,24,15,19
22,27,7,6,6
23,6,5,0,24
24,29,9,8,7
25,20,0,15,1
26,19,7,10,19
27,20,12,27,15
28,19,19,16,25
29,18,8,2,17
30,20,23,9,27
31,19,24,30,12
32,19,28,19,6
33,7,12,15,28
34,3,24,19,30
35,30,21,14,18
36,23,9,6,19
37,26,21,28,8
38,16,17,0,23
39,3,18,30,26
40,6,7,20,20
41,29,13,24,7
