2
Grid:
32,32
................................
................................
................................
................................
................................
................................
................................
................................
................................
................................
................................
................................
................................
................................
................................
................................
................................
................................
................................
................................
................................
................................
................................
................................
................................
................................
................................
................................
................................
................................
................................
................................
Agents:
44
0,27,6,12,7
1,11,7,15,11
2,1,2,28,12
3,4,22,1,21
4,13,16,16,8
5,15,8,14,24
6,15,31,1,8
7,24,30,23,5
8,24,0,27,13
9,10,3,28,16
10,17,21,14,10
11,16,3,0,31
12,5,28,28,30
13,9,3,5,15
14,20,0,13,15
15,29,28,30,20
16,2,14,0,20
17,28,17,0,13
18,27,7,25,13
19,0,8,19,12
20,8,26,10,25
21,19,24,12,27
22,18,31,17,3
23,28,22,11,2
24,31,19,13,13
25,21,7,6,19
26,12,10,10,5
27,31,5,7,5
28,22,8,14,11
29,2,5,12,24
30,1,13,3,18
31,19,18,9,13
32,5,1,17,6
33,3,6,5,1
34,2,16,16,22
35,31,2,4,1
36,26,23,2,14
37,2,24,8,21
38,16,6,27,3
39,4,0,9,17
40,10,21,28,8
41,16,24,14,6
42,15,22,14,2
43,27,19,29,25
