8
Grid:
32,32
................................
................................
................................
................................
................................
................................
................................
................................
................................
................................
................................
................................
................................
................................
................................
................................
................................
................................
................................
................................
................................
................................
................................
................................
................................
................................
................................
................................
................................
................................
................................
................................
Agents:
106
0,22,3,20,11
1,9,17,16,12
2,20,26,28,30
3,27,4,26,20
4,18,29,1,22
5,2,28,6,13
6,22,29,16,15
7,22,23,1,27
8,22,9,13,2
9,21,10,19,22
10,5,23,15,5
11,11,8,20,14
12,17,5,9,13
13,3,4,7,2
14,2,9,19,16
15,5,14,22,20
16,29,29,1,4
17,25,13,31,6
18,6,7,8,30
19,6,12,22,23
20,7,12,9,15
21,23,26,24,9
22,1,7,18,10
23,5,19,18,30
24,8,6,6,10
25,29,1,2,5
26,5,0,26,5
27,30,30,8,4
28,23,0,17,27
29,0,14,10,27
30,23,20,25,13
31,30,24,30,26
32,3,8,27,6
33,17,15,18,17
34,2,8,25,5
35,2,25,25,20
36,31,16,7,20
37,7,9,12,3
38,0,16,26,6
39,27,28,23,22
40,12,3,19,3
41,8,29,3,1
42,30,27,10,5
43,22,5,13,11
44,6,24,1,1
45,22,16,21,3
46,9,13,2,0
47,3,12,12,31
48,8,12,11,15
49,15,0,15,17
50,20,13,2,25
51,30,29,5,21
52,29,5,21,24
53,30,6,9,5
54,25,23,25,23
55,14,5,8,3
56,27,6,24,10
57,29,19,14,10
58,11,1,12,29
59,25,8,26,30
60,17,11,0,12
61,8,10,2,20
62,18,18,17,1
63,16,17,23,13
64,13,26,24,8
65,0,19,30,10
66,1,27,24,3
67,7,30,7,5
68,4,11,14,11
69,31,25,4,18
70,28,15,16,28
71,12,15,12,13
72,10,16,11,10
73,20,3,7,11
74,16,15,6,2
75,19,6,14,18
76,14,9,0,5
77,4,20,22,9
78,10,11,1,23
79,21,12,18,21
80,25,30,19,7
81,22,26,11,19
82,4,0,24,23
83,30,31,4,0
84,14,31,22,14
85,1,31,3,8
86,11,2,28,0
87,30,25,20,29
88,0,2,23,28
89,29,12,23,2
90,1,30,13,27
91,24,25,23,6
92,0,26,27,29
93,12,30,8,11
94,25,16,30,19
95,0,20,31,17
96,4,16,3,20
97,22,13,3,14
98,24,15,5,23
99,11,20,2,24
100,4,17,9,25
101,27,12,10,14
102,19,8,14,23
103,14,8,16,23
104,11,27,19,1
105,5,29,7,25
