2
Grid:
32,32
................................
................................
................................
................................
................................
................................
................................
................................
................................
................................
................................
................................
................................
................................
................................
................................
................................
................................
................................
................................
................................
................................
................................
................................
................................
................................
................................
................................
................................
................................
................................
................................
Agents:
70
0,7,11,6,27
1,17,19,5,19
2,0,12,2,26
3,4,28,9,2
4,12,0,28,17
5,29,7,1,17
6,23,24,7,9
7,11,8,1,26
8,21,31,13,8
9,3,24,6,23
10,10,23,25,16
11,1,11,12,31
12,24,15,12,17
13,27,27,22,24
14,1,29,9,3
15,25,6,5,28
16,19,9,13,6
17,3,9,11,13
18,20,10,5,4
19,2,11,4,10
20,6,22,3,3
21,12,24,24,10
22,14,15,30,7
23,10,17,26,10
24,3,27,8,28
25,28,30,10,28
26,28,27,16,23
27,8,15,1,14
28,10,6,29,6
29,27,16,10,9
30,17,9,0,15
31,26,15,27,22
32,7,23,9,31
33,20,13,16,1
34,20,2,17,20
35,20,11,24,26
36,29,24,15,27
37,18,19,16,3
38,11,9,6,5
39,28,8,21,18
40,4,10,21,25
41,23,6,17,4
42,0,26,27,5
43,9,24,8,30
44,0,19,13,4
45,30,14,4,27
46,14,17,24,22
47,26,29,0,25
48,27,28,25,26
49,17,23,27,27
50,27,29,25,10
51,28,1,18,28
52,6,16,17,22
53,0,4,22,19
54,8,20,11,31
55,3,0,23,2
56,9,18,30,4
57,12,6,16,11
58,18,20,16,28
59,14,12,15,9
60,13,28,19,28
61,3,6,1,24
62,29,12,4,31
63,29,20,11,16
64,23,15,0,20
65,24,5,10,20
66,13,7,27,26
67,13,22,0,5
68,31,15,8,18
69,26,4,29,5
