9
Grid:
32,32
................................
................................
................................
................................
................................
................................
................................
................................
................................
................................
................................
................................
................................
................................
................................
................................
................................
................................
................................
................................
................................
................................
................................
................................
................................
................................
................................
................................
................................
................................
................................
................................
Agents:
120
0,4,17,15,7
1,21,22,4,12
2,4,6,0,8
3,23,11,6,1
4,22,1,17,6
5,20,25,17,11
6,24,28,31,11
7,17,13,22,13
8,5,13,1,20
9,22,14,11,0
10,27,0,22,9
11,5,4,14,21
12,6,23,21,19
13,6,13,29,11
14,31,27,3,5
15,0,16,22,8
16,8,11,15,31
17,28,26,15,16
18,10,26,28,1
19,27,26,15,9
20,1,15,18,31
21,1,30,6,31
22,26,20,27,2
23,12,23,28,13
24,4,23,25,24
25,23,4,21,10
26,2,25,14,24
27,17,4,12,18
28,11,16,2,3
29,15,12,21,17
30,0,10,20,26
31,12,27,8,8
32,1,4,6,8
33,16,12,31,28
34,31,22,10,12
35,2,11,31,24
36,17,27,5,17
37,13,12,31,16
38,30,7,3,30
39,10,17,20,5
40,11,15,19,26
41,8,8,26,21
42,3,27,13,27
43,13,14,7,15
44,25,24,12,30
45,14,26,6,18
46,10,15,28,17
47,26,23,12,11
48,3,6,11,24
49,29,22,19,11
50,4,31,7,29
51,24,14,29,17
52,20,12,5,10
53,19,7,21,23
54,11,5,14,12
55,6,30,12,5
56,0,17,13,6
57,1,3,14,27
58,23,5,11,22
59,18,6,27,27
60,7,8,19,5
61,1,2,12,6
62,1,21,7,10
63,9,24,14,23
64,10,20,2,7
65,13,11,14,19
66,22,25,28,26
67,19,23,30,24
68,8,6,17,1
69,3,20,21,14
70,19,10,2,0
71,19,11,4,23
72,14,9,25,3
73,21,31,5,11
74,14,23,19,28
75,31,2,14,4
76,13,17,18,27
77,6,11,22,7
78,6,22,7,22
79,28,13,11,26
80,25,18,27,16
81,16,21,26,28
82,26,7,18,23
83,16,0,15,24
84,29,15,16,22
85,30,30,26,11
86,19,29,29,27
87,21,21,31,20
88,19,24,5,4
89,0,9,18,29
90,10,19,24,13
91,20,11,27,7
92,30,5,9,1
93,0,12,19,20
94,24,5,9,27
95,16,1,11,30
96,26,25,1,31
97,14,14,17,10
98,15,14,20,14
99,25,16,17,16
100,3,14,8,15
101,30,8,29,2
102,22,21,19,18
103,28,14,15,20
104,21,18,29,15
105,20,8,17,19
106,20,5,31,15
107,15,17,22,22
108,12,20,9,8
109,26,26,4,11
110,9,18,10,30
111,26,27,20,3
112,25,4,19,22
113,8,15,25,26
114,7,10,22,20
115,17,22,17,17
116,26,18,0,5
117,23,6,24,21
118,2,10,2,23
119,3,21,1,22
