6
Grid:
32,32
................................
................................
................................
................................
................................
................................
................................
................................
................................
................................
................................
................................
................................
................................
................................
................................
................................
................................
................................
................................
................................
................................
................................
................................
................................
................................
................................
................................
................................
................................
................................
................................
Agents:
24
0,11,26,3,15
1,28,11,30,13
2,5,24,14,30
3,20,0,15,11
4,13,6,24,23
5,19,18,21,0
6,30,4,26,4
7,0,12,1,5
8,8,16,19,29
9,17,13,22,3
10,11,12,27,19
11,6,24,13,30
12,24,7,1,0
13,30,22,22,15
14,27,17,19,3
15,7,1,18,3
16,1,0,11,27
17,21,7,24,12
18,17,23,24,16
19,28,18,19,14
20,28,24,23,27
21,4,22,9,2
22,10,4,18,1
23,13,15,0,20
