0
Grid:
32,32
................................
................................
................................
................................
................................
................................
................................
................................
................................
................................
................................
................................
................................
................................
................................
................................
................................
................................
................................
................................
................................
................................
................................
................................
................................
................................
................................
................................
................................
................................
................................
................................
Agents:
118
0,4,20,28,13
1,4,23,24,18
2,26,5,31,7
3,31,13,27,17
4,29,6,6,10
5,5,12,25,29
6,3,3,7,22
7,29,23,7,31
8,13,30,1,26
9,28,19,5,9
10,6,7,17,1
11,9,11,26,20
12,26,10,21,9
13,28,21,23,16
14,27,24,12,20
15,15,10,27,5
16,31,23,20,11
17,30,28,19,19
18,27,16,17,31
19,8,31,17,7
20,28,4,20,28
21,5,20,7,24
22,29,30,29,18
23,4,26,25,17
24,25,6,23,7
25,13,14,23,25
26,8,20,4,4
27,21,29,31,12
28,10,25,30,11
29,28,15,8,9
30,8,9,30,7
31,18,4,12,28
32,22,27,3,8
33,13,11,21,3
34,4,1,27,31
35,28,28,1,13
36,22,28,23,9
37,23,1,11,22
38,1,21,11,1
39,13,28,12,24
40,5,2,18,16
41,28,20,22,17
42,11,1,24,25
43,1,10,10,25
44,1,1,10,15
45,17,1,0,15
46,19,24,19,18
47,22,18,12,29
48,29,2,9,15
49,17,25,18,8
50,21,24,24,27
51,10,16,14,24
52,24,12,6,15
53,29,19,6,28
54,27,21,15,19
55,11,0,31,31
56,10,5,28,0
57,24,21,5,13
58,25,2,18,1
59,10,3,9,9
60,15,26,17,23
61,8,29,16,17
62,5,5,16,7
63,16,0,13,21
64,23,11,7,29
65,11,12,28,3
66,13,3,20,14
67,9,26,26,13
68,8,21,16,29
69,12,14,1,17
70,6,28,28,27
71,22,19,15,0
72,14,16,29,15
73,4,19,8,1
74,8,8,27,12
75,8,14,10,18
76,14,18,12,2
77,8,16,28,26
78,8,27,22,14
79,6,24,5,14
80,2,26,30,9
81,29,31,15,30
82,24,9,7,15
83,20,30,23,12
84,13,4,4,12
85,21,27,29,4
86,4,21,11,8
87,14,20,10,31
88,0,29,6,25
89,24,15,8,15
90,3,28,0,9
91,29,27,29,13
92,27,25,31,27
93,17,12,29,31
94,11,11,14,12
95,30,22,6,26
96,29,16,1,0
97,24,27,19,8
98,30,9,15,21
99,27,3,0,3
100,24,19,18,0
101,21,21,17,26
102,12,19,25,25
103,12,17,12,19
104,24,5,9,27
105,2,14,27,23
106,31,28,26,5
107,14,27,29,2
108,12,0,7,12
109,22,1,25,20
110,15,17,24,23
111,20,13,8,29
112,23,29,17,3
113,28,5,24,21
114,30,14,1,25
115,19,0,12,25
116,3,10,4,27
117,6,5,27,29
