7
Grid:
32,32
................................
................................
................................
................................
................................
................................
................................
................................
................................
................................
................................
................................
................................
................................
................................
................................
................................
................................
................................
................................
................................
................................
................................
................................
................................
................................
................................
................................
................................
................................
................................
................................
Agents:
52
0,5,5,28,26
1,23,29,24,14
2,13,24,22,17
3,16,4,7,29
4,23,3,6,25
5,27,15,31,21
6,7,29,20,21
7,27,31,14,22
8,16,1,9,3
9,23,31,0,11
10,29,13,22,24
11,26,8,12,0
12,6,28,10,10
13,27,3,1,7
14,28,28,3,23
15,11,7,16,8
16,17,2,29,12
17,7,5,12,28
18,5,7,10,12
19,19,13,3,30
20,6,26,16,3
21,19,29,6,18
22,16,15,27,8
23,6,12,15,9
24,26,0,27,25
25,8,29,29,24
26,19,7,12,15
27,18,24,12,18
28,11,15,25,23
29,23,16,8,17
30,28,12,21,16
31,8,26,8,1
32,24,20,2,1
33,30,4,19,26
34,22,21,12,31
35,25,8,30,13
36,13,9,1,13
37,24,3,5,19
38,25,29,7,6
39,24,23,19,5
40,22,14,8,31
41,9,27,24,21
42,19,14,19,20
43,19,9,5,28
44,15,14,12,9
45,26,21,6,14
46,16,3,23,25
47,17,25,3,12
48,18,25,29,17
49,4,27,16,6
50,22,4,26,27
51,6,0,12,22
