5
Grid:
32,32
................................
................................
................................
................................
................................
................................
................................
................................
................................
................................
................................
................................
................................
................................
................................
................................
................................
................................
................................
................................
................................
................................
................................
................................
................................
................................
................................
................................
................................
................................
................................
................................
Agents:
22
0,24,29,21,29
1,1,9,18,19
2,3,2,21,19
3,22,8,4,12
4,13,30,26,1
5,12,4,8,24
6,30,29,12,7
7,1,10,1,26
8,27,0,10,25
9,30,22,6,3
10,6,28,27,12
11,25,19,30,25
12,23,3,30,16
13,28,13,8,5
14,24,30,20,11
15,20,25,7,10
16,24,4,3,30
17,9,2,14,4
18,31,5,13,28
19,9,13,31,31
20,4,20,12,16
21,23,23,13,25
