8
Grid:
32,32
................................
................................
................................
................................
................................
................................
................................
................................
................................
................................
................................
................................
................................
................................
................................
................................
................................
................................
................................
................................
................................
................................
................................
................................
................................
................................
................................
................................
................................
................................
................................
................................
Agents:
98
0,28,11,13,1
1,20,15,19,7
2,9,24,3,23
3,0,9,22,18
4,30,21,8,16
5,31,24,10,0
6,13,19,26,10
7,7,1,14,7
8,6,5,22,17
9,11,10,26,0
10,20,4,22,21
11,2,8,0,14
12,26,31,9,18
13,0,21,29,23
14,2,23,9,11
15,28,29,7,21
16,3,14,10,24
17,2,14,25,14
18,27,4,26,11
19,31,15,31,10
20,21,27,14,16
21,28,4,2,20
22,2,10,21,15
23,11,14,22,23
24,0,7,5,25
25,28,2,27,1
26,20,7,18,3
27,16,24,2,5
28,9,12,14,8
29,20,10,19,11
30,23,11,1,29
31,6,6,16,13
32,25,2,29,20
33,20,30,7,28
34,5,1,1,28
35,5,27,4,7
36,20,24,15,29
37,7,29,20,7
38,5,16,18,22
39,19,18,8,24
40,20,27,22,14
41,27,25,18,0
42,8,28,30,6
43,30,9,31,21
44,5,15,21,9
45,15,21,18,20
46,23,9,21,4
47,21,22,9,15
48,11,31,16,25
49,22,12,12,1
50,29,8,27,22
51,1,26,14,12
52,28,25,13,5
53,18,23,15,14
54,17,11,11,26
55,6,4,9,13
56,22,5,29,6
57,10,0,20,30
58,26,23,2,19
59,19,22,23,20
60,17,16,13,25
61,4,11,6,19
62,3,17,30,24
63,18,6,25,2
64,26,6,26,30
65,21,12,3,3
66,25,1,30,22
67,28,14,24,7
68,10,6,18,15
69,24,25,16,21
70,8,11,11,5
71,30,18,12,28
72,18,9,0,21
73,5,30,3,28
74,12,21,29,1
75,20,11,24,12
76,8,12,2,27
77,21,7,20,25
78,20,31,22,31
79,25,0,1,31
80,10,15,30,7
81,16,11,28,23
82,17,9,8,6
83,3,11,15,28
84,13,25,23,13
85,15,25,23,12
86,13,6,27,11
87,18,17,17,23
88,6,7,10,28
89,0,27,12,11
90,23,13,10,25
91,24,16,2,6
92,18,24,3,26
93,0,8,12,30
94,1,14,27,26
95,2,7,25,26
96,24,1,23,31
97,6,25,2,17
