5
Grid:
32,32
................................
................................
................................
................................
................................
................................
................................
................................
................................
................................
................................
................................
................................
................................
................................
................................
................................
................................
................................
................................
................................
................................
................................
................................
................................
................................
................................
................................
................................
................................
................................
................................
Agents:
52
0,28,12,26,18
1,1,15,4,0
2,21,12,14,0
3,8,1,18,26
4,28,19,16,5
5,4,28,0,18
6,0,1,18,28
7,29,23,4,13
8,24,15,10,20
9,5,7,31,2
10,4,0,3,30
11,30,14,0,6
12,4,13,6,1
13,3,18,18,21
14,25,12,16,16
15,25,10,11,7
16,0,5,17,17
17,30,22,27,24
18,29,6,24,5
19,13,23,14,18
20,11,28,19,23
21,17,9,1,3
22,12,19,4,23
23,27,11,28,18
24,30,25,4,1
25,22,15,20,5
26,7,25,25,26
27,9,28,11,2
28,14,18,0,5
29,10,7,7,21
30,9,22,26,28
31,8,15,27,12
32,26,25,21,23
33,28,26,18,15
34,2,6,28,5
35,25,17,3,16
36,2,13,10,11
37,28,7,19,3
38,15,20,9,14
39,1,17,22,30
40,18,24,15,10
41,19,0,25,11
42,21,10,28,15
43,3,6,22,29
44,28,2,21,29
45,8,10,7,3
46,27,5,10,27
47,14,20,17,9
48,20,1,27,14
49,15,18,14,13
50,23,1,8,20
51,8,23,6,18
