6
Grid:
32,32
................................
................................
................................
................................
................................
................................
................................
................................
................................
................................
................................
................................
................................
................................
................................
................................
................................
................................
................................
................................
................................
................................
................................
................................
................................
................................
................................
................................
................................
................................
................................
................................
Agents:
44
0,4,26,12,19
1,18,21,6,28
2,31,30,27,16
3,4,29,17,16
4,5,15,21,8
5,29,25,3,19
6,3,16,11,21
7,20,22,16,15
8,26,26,4,22
9,13,26,10,0
10,11,29,15,25
11,28,31,22,21
12,11,31,3,1
13,4,23,16,2
14,13,4,2,14
15,8,23,21,3
16,28,0,24,21
17,25,29,20,17
18,16,2,26,2
19,5,25,6,10
20,15,4,4,7
21,2,12,3,10
22,0,11,3,12
23,28,13,26,25
24,2,4,16,4
25,7,30,6,5
26,6,7,12,31
27,29,19,28,5
28,9,31,4,29
29,25,12,26,10
30,16,1,9,26
31,6,5,14,23
32,29,2,8,9
33,23,23,0,6
34,6,23,31,19
35,21,19,1,11
36,10,7,3,6
37,26,16,25,22
38,31,0,12,29
39,3,23,24,23
40,20,9,28,2
41,28,9,27,9
42,19,4,10,17
43,26,17,21,26
