6
Grid:
32,32
................................
................................
................................
................................
................................
................................
................................
................................
................................
................................
................................
................................
................................
................................
................................
................................
................................
................................
................................
................................
................................
................................
................................
................................
................................
................................
................................
................................
................................
................................
................................
................................
Agents:
72
0,25,8,31,13
1,19,1,9,6
2,10,0,0,20
3,26,20,3,1
4,19,5,13,14
5,29,5,21,27
6,22,23,16,24
7,6,12,11,23
8,1,1,22,27
9,24,31,26,28
10,22,18,16,17
11,8,26,12,5
12,13,13,18,1
13,6,2,21,10
14,3,13,3,22
15,29,21,26,22
16,6,15,15,16
17,23,29,20,28
18,19,16,9,21
19,11,10,12,8
20,7,1,0,8
21,25,24,16,3
22,19,12,10,22
23,14,19,17,7
24,5,7,0,31
25,20,28,14,7
26,9,31,17,0
27,0,7,25,0
28,31,24,5,12
29,19,28,14,28
30,17,6,13,13
31,8,8,26,31
32,30,7,11,22
33,0,8,26,1
34,25,16,1,28
35,22,13,3,24
36,23,20,27,13
37,24,16,19,10
38,6,1,7,0
39,30,19,25,23
40,29,28,11,12
41,25,0,11,3
42,11,7,17,30
43,14,15,21,1
44,30,26,21,13
45,29,14,3,19
46,16,15,21,24
47,16,19,20,7
48,15,10,21,3
49,14,7,4,0
50,18,28,17,16
51,13,4,15,30
52,6,27,11,29
53,7,12,11,14
54,18,18,8,21
55,29,6,26,2
56,12,7,31,21
57,29,23,19,24
58,10,30,1,19
59,19,7,22,29
60,29,7,17,8
61,4,4,24,8
62,0,27,26,14
63,19,23,25,19
64,0,0,4,11
65,14,21,28,24
66,26,15,30,20
67,31,2,17,24
68,1,14,8,27
69,8,10,3,3
70,17,10,27,12
71,20,27,5,16
