6
Grid:
32,32
................................
................................
................................
................................
................................
................................
................................
................................
................................
................................
................................
................................
................................
................................
................................
................................
................................
................................
................................
................................
................................
................................
................................
................................
................................
................................
................................
................................
................................
................................
................................
................................
Agents:
124
0,26,17,7,13
1,22,17,20,31
2,19,18,5,5
3,30,20,7,19
4,2,26,4,24
5,17,31,21,6
6,5,8,16,10
7,7,8,12,5
8,4,1,26,30
9,8,4,17,30
10,1,13,12,7
11,24,20,8,4
12,19,11,3,20
13,5,2,15,9
14,6,10,7,11
15,17,21,22,31
16,4,9,11,21
17,16,28,19,11
18,26,25,30,5
19,10,29,10,13
20,2,30,19,26
21,11,18,11,1
22,22,18,29,15
23,12,11,24,25
24,13,2,0,27
25,27,7,7,17
26,28,17,27,21
27,22,12,8,0
28,25,2,17,2
29,30,8,13,24
30,13,28,27,0
31,14,23,31,4
32,9,28,20,22
33,27,27,30,6
34,23,11,18,0
35,14,11,31,24
36,22,10,27,12
37,2,3,2,22
38,1,5,8,6
39,29,0,16,29
40,31,26,1,1
41,21,3,16,14
42,15,9,15,12
43,25,18,20,11
44,19,3,25,27
45,2,24,29,14
46,26,2,20,10
47,16,6,28,17
48,15,20,0,26
49,9,26,28,13
50,23,16,12,1
51,19,1,29,11
52,19,15,26,1
53,17,17,16,15
54,15,19,12,22
55,11,20,25,12
56,4,30,15,16
57,9,18,5,6
58,8,31,21,18
59,3,8,14,9
60,8,19,29,26
61,9,21,4,22
62,17,19,26,28
63,26,27,23,13
64,19,13,19,0
65,27,2,27,16
66,8,14,28,15
67,7,19,29,0
68,15,31,4,2
69,24,7,21,12
70,3,31,30,2
71,24,14,0,24
72,19,27,13,21
73,25,29,7,28
74,31,4,7,25
75,11,10,14,5
76,23,15,20,0
77,7,31,23,5
78,24,29,15,22
79,30,29,11,3
80,23,19,4,9
81,31,29,29,13
82,24,2,19,20
83,21,26,13,8
84,11,19,26,27
85,27,9,4,11
86,7,27,8,25
87,27,26,2,17
88,2,21,3,26
89,26,28,1,5
90,28,14,5,0
91,1,17,2,20
92,11,25,8,3
93,7,7,3,31
94,0,26,23,18
95,15,15,4,23
96,21,17,4,7
97,6,31,13,25
98,18,11,23,6
99,9,1,27,24
100,3,27,2,28
101,10,30,19,23
102,4,29,9,18
103,3,26,14,3
104,22,16,31,19
105,22,28,22,0
106,24,9,13,2
107,9,12,26,8
108,11,21,20,28
109,8,0,15,1
110,5,16,7,3
111,15,27,26,11
112,10,16,20,6
113,5,0,18,29
114,13,15,0,30
115,15,8,28,18
116,3,29,26,9
117,22,23,28,12
118,23,21,27,23
119,25,15,0,13
120,30,13,19,1
121,26,9,11,9
122,12,14,9,25
123,19,0,5,25
