0
Grid:
32,32
................................
................................
................................
................................
................................
................................
................................
................................
................................
................................
................................
................................
................................
................................
................................
................................
................................
................................
................................
................................
................................
................................
................................
................................
................................
................................
................................
................................
................................
................................
................................
................................
Agents:
56
0,17,23,2,12
1,0,13,13,25
2,16,7,10,20
3,7,3,31,9
4,18,14,27,30
5,20,19,27,17
6,27,15,6,10
7,23,5,14,1
8,13,7,16,21
9,9,22,9,24
10,21,30,3,21
11,5,13,4,10
12,10,8,9,25
13,19,23,13,17
14,4,15,16,27
15,14,8,9,23
16,21,6,12,6
17,6,3,11,13
18,0,17,29,10
19,7,16,16,3
20,19,15,10,21
21,6,2,19,9
22,25,15,16,7
23,6,7,25,2
24,22,1,2,15
25,2,26,20,2
26,3,13,19,15
27,29,18,14,21
28,18,19,7,19
29,2,8,15,9
30,20,16,14,16
31,31,3,4,3
32,31,11,25,28
33,29,20,10,12
34,9,19,11,11
35,5,27,31,20
36,31,24,17,19
37,2,6,29,21
38,24,3,26,25
39,19,27,14,8
40,2,11,27,14
41,0,3,22,13
42,13,20,20,7
43,5,8,5,27
44,9,20,11,27
45,17,12,18,30
46,15,31,6,9
47,28,3,9,19
48,15,2,22,29
49,2,13,23,14
50,17,17,16,14
51,29,2,2,21
52,27,6,5,25
53,26,10,4,27
54,10,23,21,14
55,25,14,6,26
