1
Grid:
32,32
................................
................................
................................
................................
................................
................................
................................
................................
................................
................................
................................
................................
................................
................................
................................
................................
................................
................................
................................
................................
................................
................................
................................
................................
................................
................................
................................
................................
................................
................................
................................
................................
Agents:
16
0,16,19,28,8
1,24,16,23,6
2,18,18,2,13
3,13,22,26,8
4,2,21,28,13
5,10,7,2,30
6,27,25,19,15
7,22,14,10,16
8,11,24,18,11
9,23,5,12,31
10,9,27,0,13
11,9,26,14,3
12,3,21,3,26
13,11,21,14,10
14,11,17,9,7
15,1,15,30,18
