5
Grid:
32,32
................................
................................
................................
................................
................................
................................
................................
................................
................................
................................
................................
................................
................................
................................
................................
................................
................................
................................
................................
................................
................................
................................
................................
................................
................................
................................
................................
................................
................................
................................
................................
................................
Agents:
66
0,8,28,5,15
1,15,29,5,18
2,11,31,18,22
3,3,9,26,0
4,6,19,31,26
5,0,23,26,28
6,2,11,21,11
7,27,3,2,23
8,30,17,11,28
9,9,10,17,3
10,23,28,23,12
11,9,7,21,14
12,5,25,10,13
13,14,3,19,25
14,6,10,21,23
15,27,26,8,24
16,24,19,22,23
17,10,30,28,22
18,29,17,25,0
19,5,0,21,16
20,24,20,30,12
21,13,27,3,3
22,2,0,19,18
23,13,29,21,30
24,15,26,6,12
25,0,19,16,25
26,0,3,15,15
27,23,11,22,2
28,18,8,27,30
29,24,17,19,23
30,17,0,25,31
31,3,27,6,14
32,23,5,25,27
33,31,15,26,17
34,1,29,3,7
35,5,13,23,8
36,11,8,1,6
37,17,2,29,13
38,15,13,7,26
39,4,4,6,22
40,11,16,23,15
41,19,12,17,24
42,10,8,0,14
43,26,21,23,13
44,27,30,3,4
45,11,21,25,10
46,15,24,15,0
47,17,17,28,8
48,4,28,16,24
49,1,30,23,25
50,28,18,21,3
51,20,19,0,17
52,8,23,17,27
53,18,20,17,12
54,28,4,19,13
55,3,20,30,24
56,6,0,26,23
57,12,22,5,31
58,17,15,17,31
59,11,10,8,15
60,20,2,2,24
61,18,16,8,13
62,20,23,4,20
63,24,24,7,3
64,17,29,6,4
65,9,8,5,28
