8
Grid:
32,32
................................
................................
................................
................................
................................
................................
................................
................................
................................
................................
................................
................................
................................
................................
................................
................................
................................
................................
................................
................................
................................
................................
................................
................................
................................
................................
................................
................................
................................
................................
................................
................................
Agents:
82
0,10,14,8,9
1,9,22,25,27
2,15,6,4,5
3,7,4,22,12
4,15,26,3,17
5,13,26,23,1
6,10,27,12,15
7,21,9,23,28
8,11,7,27,0
9,4,9,30,6
10,20,21,20,27
11,22,9,18,17
12,27,12,19,18
13,10,28,30,17
14,18,1,10,3
15,26,25,21,12
16,9,8,31,19
17,19,15,25,25
18,27,16,4,12
19,2,4,25,12
20,9,13,3,2
21,2,11,9,13
22,10,3,24,6
23,21,18,9,24
24,16,28,28,19
25,30,30,25,2
26,4,10,1,4
27,13,21,18,19
28,23,31,1,21
29,27,2,5,30
30,28,10,12,2
31,18,14,26,10
32,31,20,20,11
33,16,2,0,29
34,8,6,8,13
35,5,0,17,22
36,31,6,10,7
37,19,11,17,19
38,30,23,16,27
39,23,23,27,19
40,12,21,15,27
41,3,28,4,28
42,21,31,20,19
43,26,30,11,31
44,24,27,18,23
45,7,30,12,28
46,26,20,12,7
47,11,22,28,1
48,18,18,5,4
49,10,10,22,3
50,15,3,29,11
51,24,3,21,4
52,10,6,21,28
53,2,12,17,28
54,1,4,24,31
55,11,4,0,18
56,30,29,18,24
57,10,2,15,26
58,30,17,18,12
59,8,9,25,16
60,13,18,5,2
61,5,5,31,8
62,24,0,28,7
63,12,30,11,28
64,31,7,5,24
65,4,4,22,8
66,13,2,6,17
67,6,0,14,11
68,3,17,7,23
69,20,19,6,23
70,28,11,8,4
71,26,16,10,0
72,20,2,13,23
73,0,29,21,24
74,9,9,8,23
75,23,1,28,16
76,10,0,4,13
77,28,28,18,18
78,29,18,14,16
79,11,10,24,11
80,26,3,3,22
81,13,25,2,29
