9
Grid:
32,32
................................
................................
................................
................................
................................
................................
................................
................................
................................
................................
................................
................................
................................
................................
................................
................................
................................
................................
................................
................................
................................
................................
................................
................................
................................
................................
................................
................................
................................
................................
................................
................................
Agents:
110
0,25,20,31,31
1,23,2,10,8
2,4,9,15,11
3,0,27,7,26
4,9,18,9,29
5,23,18,21,26
6,16,27,14,0
7,3,22,18,17
8,31,13,15,17
9,6,12,8,21
10,5,9,25,17
11,8,4,5,10
12,8,14,0,11
13,21,28,28,12
14,7,28,7,27
15,9,21,17,19
16,31,9,16,22
17,30,5,22,12
18,22,28,14,3
19,2,22,16,9
20,0,5,7,19
21,26,27,1,19
22,14,23,29,17
23,21,29,19,5
24,21,2,5,19
25,15,24,10,29
26,9,16,29,13
27,20,27,19,31
28,26,0,29,24
29,1,18,1,0
30,5,13,26,13
31,10,26,30,12
32,8,26,23,15
33,28,25,28,9
34,23,25,15,2
35,22,9,14,8
36,9,14,17,27
37,9,26,27,1
38,1,13,27,14
39,21,16,14,22
40,24,24,24,7
41,6,4,26,0
42,13,17,15,14
43,12,14,18,5
44,20,3,14,23
45,10,22,16,16
46,27,15,20,20
47,17,18,28,13
48,27,31,3,31
49,18,20,16,24
50,27,28,24,16
51,5,27,19,18
52,12,5,30,15
53,14,26,26,24
54,7,26,19,24
55,26,13,15,5
56,10,16,1,6
57,6,5,14,21
58,13,23,2,14
59,13,14,30,11
60,4,20,21,2
61,15,31,14,31
62,14,25,14,28
63,29,22,18,30
64,31,1,10,1
65,20,28,0,8
66,18,11,9,8
67,24,8,15,15
68,3,18,3,3
69,6,26,13,27
70,8,29,3,17
71,12,10,24,9
72,21,4,31,19
73,12,21,6,20
74,18,26,2,21
75,6,13,14,9
76,23,17,20,24
77,12,12,18,0
78,23,20,14,27
79,29,17,24,4
80,26,24,27,0
81,18,9,6,0
82,28,29,25,27
83,26,26,28,25
84,7,9,18,20
85,11,18,30,26
86,19,3,29,26
87,4,25,1,22
88,9,9,2,8
89,15,0,10,22
90,25,7,21,0
91,5,0,16,8
92,31,11,21,23
93,16,14,4,19
94,21,21,19,21
95,0,15,9,27
96,10,2,19,1
97,14,24,13,17
98,9,17,12,2
99,9,13,27,5
100,6,11,5,21
101,6,25,20,23
102,24,19,23,14
103,16,3,21,4
104,7,16,21,7
105,15,20,1,3
106,24,26,29,22
107,27,0,21,30
108,20,5,30,2
109,6,18,27,12
