5
Grid:
32,32
................................
................................
................................
................................
................................
................................
................................
................................
................................
................................
................................
................................
................................
................................
................................
................................
................................
................................
................................
................................
................................
................................
................................
................................
................................
................................
................................
................................
................................
................................
................................
................................
Agents:
82
0,13,3,5,24
1,16,11,12,25
2,22,16,6,9
3,28,12,4,6
4,17,4,2,19
5,19,12,11,29
6,8,28,27,14
7,1,6,29,21
8,4,8,21,18
9,25,12,21,6
10,23,0,5,7
11,21,16,6,0
12,19,4,23,14
13,0,13,9,13
14,9,23,4,19
15,1,8,3,15
16,25,23,11,1
17,26,4,21,31
18,28,22,9,8
19,30,19,1,26
20,2,9,11,12
21,24,4,29,31
22,3,22,26,15
23,6,3,9,1
24,11,17,29,1
25,27,2,11,24
26,12,16,0,5
27,31,13,22,7
28,14,31,18,7
29,23,17,11,13
30,15,14,30,12
31,3,26,15,6
32,3,10,11,18
33,19,16,28,27
34,1,28,16,19
35,10,14,24,20
36,10,6,19,9
37,9,14,5,6
38,8,16,7,19
39,13,28,7,28
40,30,28,24,26
41,2,23,4,3
42,28,30,25,27
43,28,8,13,7
44,24,13,12,3
45,22,28,4,17
46,30,13,21,29
47,3,20,20,2
48,5,30,0,22
49,0,24,9,16
50,2,21,16,2
51,2,14,16,31
52,7,12,13,15
53,24,6,20,19
54,7,17,18,10
55,4,29,24,2
56,18,27,10,18
57,18,19,8,10
58,11,12,20,25
59,29,4,22,2
60,14,11,11,9
61,24,20,1,25
62,6,13,12,14
63,15,28,8,22
64,8,10,15,22
65,16,20,25,19
66,25,8,8,14
67,26,19,28,8
68,15,15,8,24
69,6,21,16,29
70,0,7,27,1
71,8,24,12,16
72,9,3,29,18
73,26,16,27,3
74,8,25,31,20
75,0,28,3,11
76,29,13,20,27
77,7,26,30,29
78,29,27,25,5
79,3,17,16,15
80,8,26,12,27
81,13,30,31,26
