8
Grid:
32,32
................................
................................
................................
................................
................................
................................
................................
................................
................................
................................
................................
................................
................................
................................
................................
................................
................................
................................
................................
................................
................................
................................
................................
................................
................................
................................
................................
................................
................................
................................
................................
................................
Agents:
68
0,18,19,24,22
1,11,13,17,22
2,1,29,16,29
3,29,0,16,9
4,9,25,20,25
5,24,27,26,27
6,30,1,1,14
7,9,29,30,27
8,9,11,24,19
9,21,12,28,31
10,25,21,29,31
11,8,1,25,31
12,21,19,21,31
13,19,27,4,25
14,12,21,18,29
15,17,23,10,30
16,24,18,9,10
17,3,16,28,18
18,22,20,27,11
19,24,1,5,19
20,30,9,30,22
21,0,12,6,3
22,13,12,27,0
23,1,16,9,23
24,30,8,10,24
25,22,11,2,30
26,2,1,31,30
27,0,29,14,21
28,11,9,20,10
29,23,13,17,27
30,9,2,29,18
31,19,20,7,29
32,7,0,4,17
33,2,12,30,24
34,29,25,10,16
35,6,20,16,2
36,14,16,6,14
37,20,27,13,5
38,20,9,20,24
39,18,2,12,23
40,28,4,30,15
41,30,6,14,19
42,20,22,1,12
43,17,6,13,3
44,4,12,26,31
45,29,11,10,4
46,23,28,25,6
47,5,12,10,20
48,9,21,28,19
49,19,5,10,14
50,1,2,15,22
51,24,15,27,12
52,19,15,25,14
53,8,15,22,1
54,20,14,0,5
55,27,7,9,4
56,5,15,12,1
57,22,0,23,25
58,12,12,24,9
59,26,22,23,22
60,20,26,13,10
61,23,7,13,31
62,27,17,26,7
63,27,8,31,7
64,22,7,4,1
65,0,28,24,29
66,15,22,2,13
67,2,28,6,5
