9
Grid:
32,32
................................
................................
................................
................................
................................
................................
................................
................................
................................
................................
................................
................................
................................
................................
................................
................................
................................
................................
................................
................................
................................
................................
................................
................................
................................
................................
................................
................................
................................
................................
................................
................................
Agents:
36
0,6,28,10,0
1,14,29,8,28
2,7,8,29,29
3,2,5,20,13
4,24,29,15,11
5,3,15,2,13
6,15,10,4,23
7,30,6,21,14
8,27,26,18,31
9,6,21,22,25
10,28,25,4,2
11,31,22,28,30
12,20,26,10,1
13,29,29,24,24
14,5,9,17,21
15,22,27,3,16
16,28,28,24,12
17,10,3,31,22
18,4,14,7,20
19,19,28,30,0
20,4,31,4,19
21,8,27,30,18
22,22,9,1,10
23,27,3,10,10
24,9,28,28,11
25,25,7,25,17
26,11,17,14,19
27,8,13,11,4
28,28,24,4,16
29,10,4,3,25
30,0,15,19,17
31,19,18,5,2
32,31,26,3,23
33,1,12,14,18
34,7,9,26,19
35,17,28,8,4
