3
Grid:
32,32
................................
................................
................................
................................
................................
................................
................................
................................
................................
................................
................................
................................
................................
................................
................................
................................
................................
................................
................................
................................
................................
................................
................................
................................
................................
................................
................................
................................
................................
................................
................................
................................
Agents:
34
0,25,4,30,21
1,20,29,7,29
2,1,10,14,7
3,10,15,6,10
4,16,30,30,16
5,14,11,6,25
6,22,22,22,27
7,27,30,14,3
8,16,21,14,11
9,31,31,7,14
10,0,18,13,20
11,3,7,2,15
12,30,0,10,25
13,22,23,26,9
14,20,28,12,1
15,30,2,12,24
16,27,3,13,23
17,28,1,4,13
18,11,2,31,31
19,26,2,18,17
20,5,11,8,6
21,14,25,27,21
22,25,16,24,28
23,18,22,4,27
24,23,1,30,23
25,21,26,18,13
26,15,25,14,26
27,22,6,2,2
28,0,13,5,31
29,31,0,15,12
30,20,19,29,19
31,27,20,2,20
32,31,12,8,21
33,16,19,25,23
