6
Grid:
32,32
................................
................................
................................
................................
................................
................................
................................
................................
................................
................................
................................
................................
................................
................................
................................
................................
................................
................................
................................
................................
................................
................................
................................
................................
................................
................................
................................
................................
................................
................................
................................
................................
Agents:
70
0,7,31,21,15
1,12,16,27,0
2,17,26,21,0
3,7,26,4,24
4,30,22,30,23
5,30,18,16,20
6,19,0,15,11
7,6,1,5,25
8,13,25,18,25
9,14,11,29,27
10,8,3,2,9
11,12,11,20,28
12,14,30,31,24
13,16,1,4,17
14,3,21,17,25
15,27,26,28,4
16,13,28,14,15
17,18,27,7,31
18,8,16,19,15
19,27,13,14,2
20,0,0,2,13
21,1,3,12,6
22,31,15,26,15
23,0,27,15,9
24,23,1,18,9
25,14,18,24,12
26,4,18,0,29
27,17,4,10,29
28,1,18,15,5
29,9,5,24,18
30,23,8,5,31
31,26,4,3,20
32,5,22,6,17
33,25,29,5,11
34,29,1,5,1
35,10,7,14,21
36,1,9,31,18
37,12,30,9,15
38,29,20,20,19
39,10,2,1,8
40,7,9,12,13
41,22,26,17,19
42,10,13,2,24
43,8,7,15,31
44,14,9,4,10
45,3,26,3,2
46,9,24,15,16
47,8,27,29,3
48,10,10,25,6
49,13,12,1,22
50,7,17,16,30
51,20,2,22,3
52,2,10,19,30
53,20,3,3,16
54,20,21,2,3
55,27,20,30,9
56,1,17,27,3
57,13,10,1,18
58,11,0,9,4
59,2,17,22,12
60,14,19,19,23
61,30,15,26,17
62,30,8,13,16
63,0,17,0,4
64,20,19,12,17
65,7,30,13,31
66,26,21,22,18
67,18,0,5,15
68,10,30,20,12
69,19,11,24,6
