2
Grid:
32,32
................................
................................
................................
................................
................................
................................
................................
................................
................................
................................
................................
................................
................................
................................
................................
................................
................................
................................
................................
................................
................................
................................
................................
................................
................................
................................
................................
................................
................................
................................
................................
................................
Agents:
78
0,8,1,4,24
1,3,0,30,3
2,7,13,0,29
3,15,10,6,7
4,3,12,12,13
5,28,19,7,3
6,12,17,21,10
7,12,19,16,22
8,28,3,22,1
9,18,23,8,12
10,27,4,16,12
11,17,28,18,12
12,11,6,26,25
13,1,8,22,8
14,26,25,25,20
15,21,17,19,28
16,9,16,20,15
17,12,5,20,3
18,3,10,14,27
19,18,0,13,21
20,30,18,22,23
21,5,1,23,19
22,25,31,1,26
23,18,20,12,28
24,6,18,7,13
25,21,6,27,29
26,30,1,14,22
27,10,3,7,28
28,16,6,14,16
29,21,0,21,29
30,15,9,5,23
31,23,11,24,19
32,10,27,17,13
33,4,6,20,1
34,15,18,6,9
35,17,17,12,8
36,24,9,9,13
37,30,15,15,10
38,3,11,1,27
39,20,13,23,6
40,2,8,24,26
41,3,15,5,6
42,19,7,10,5
43,6,8,16,20
44,20,29,29,27
45,20,23,22,25
46,3,28,27,2
47,10,13,4,11
48,21,22,13,29
49,15,31,8,4
50,2,2,13,0
51,21,12,19,7
52,5,0,10,22
53,2,9,7,9
54,11,29,25,29
55,23,2,18,4
56,20,27,21,17
57,18,18,20,26
58,29,31,2,4
59,28,0,4,0
60,5,2,28,29
61,5,21,3,4
62,22,29,13,9
63,30,3,21,23
64,6,0,26,22
65,25,7,23,27
66,31,5,19,17
67,3,19,27,17
68,26,11,1,22
69,5,22,0,8
70,19,28,22,13
71,21,2,18,29
72,22,19,15,18
73,2,19,26,8
74,12,15,18,27
75,15,8,13,16
76,27,2,1,29
77,26,13,4,14
