4
Grid:
32,32
................................
................................
................................
................................
................................
................................
................................
................................
................................
................................
................................
................................
................................
................................
................................
................................
................................
................................
................................
................................
................................
................................
................................
................................
................................
................................
................................
................................
................................
................................
................................
................................
Agents:
24
0,28,8,30,10
1,0,17,24,27
2,31,31,13,15
3,21,26,8,9
4,14,30,24,25
5,1,24,26,29
6,4,31,4,30
7,29,20,13,22
8,10,18,2,21
9,12,17,21,11
10,10,11,23,12
11,9,4,30,17
12,17,0,31,27
13,29,31,9,4
14,27,12,21,18
15,7,0,17,15
16,8,4,3,28
17,15,6,2,2
18,0,11,10,26
19,3,18,10,11
20,8,11,9,7
21,6,10,29,5
22,7,11,2,20
23,24,1,5,3
