5
Grid:
32,32
................................
................................
................................
................................
................................
................................
................................
................................
................................
................................
................................
................................
................................
................................
................................
................................
................................
................................
................................
................................
................................
................................
................................
................................
................................
................................
................................
................................
................................
................................
................................
................................
Agents:
118
0,17,1,27,24
1,0,27,17,30
2,8,0,4,19
3,28,1,22,16
4,23,31,6,27
5,24,17,24,31
6,28,18,19,11
7,11,21,11,28
8,4,25,25,31
9,2,18,15,20
10,5,29,17,0
11,26,10,24,12
12,1,20,14,21
13,8,5,29,20
14,27,17,24,8
15,24,7,7,27
16,10,9,26,22
17,9,23,22,19
18,31,27,11,2
19,26,5,14,16
20,20,4,31,11
21,27,13,3,8
22,9,4,10,12
23,27,14,25,2
24,11,5,10,15
25,2,25,9,1
26,6,3,7,22
27,6,22,20,17
28,25,20,31,30
29,24,22,6,14
30,6,5,27,12
31,7,16,6,11
32,6,19,6,1
33,9,19,10,19
34,21,9,12,22
35,31,28,1,5
36,29,1,4,13
37,2,13,3,1
38,1,28,16,0
39,24,26,9,4
40,26,22,23,21
41,14,30,8,14
42,1,7,14,10
43,7,21,27,26
44,16,9,10,8
45,1,6,7,12
46,12,29,30,13
47,29,21,11,3
48,6,24,22,14
49,29,8,4,22
50,4,23,3,28
51,15,24,21,8
52,26,9,17,11
53,5,0,1,17
54,17,25,28,29
55,20,29,31,2
56,28,30,25,11
57,28,16,5,2
58,22,8,20,0
59,15,31,0,17
60,11,20,22,11
61,3,12,26,26
62,8,25,11,12
63,15,0,4,18
64,7,9,5,15
65,30,15,26,15
66,21,2,7,20
67,2,7,12,17
68,3,22,30,8
69,21,4,22,1
70,9,14,11,11
71,1,12,10,30
72,30,30,27,7
73,9,30,8,26
74,19,2,14,25
75,16,0,0,7
76,25,4,0,20
77,28,5,30,19
78,18,11,2,22
79,30,12,20,5
80,9,25,28,15
81,9,0,26,8
82,3,23,22,12
83,28,3,26,6
84,17,12,1,6
85,23,3,14,3
86,15,1,7,29
87,31,22,6,22
88,14,9,26,11
89,31,0,1,13
90,18,5,11,9
91,14,3,2,6
92,5,3,9,3
93,30,29,25,7
94,11,30,10,22
95,4,9,16,9
96,5,28,15,16
97,5,7,28,12
98,2,30,28,30
99,26,18,8,2
100,1,25,8,6
101,30,7,12,3
102,11,12,25,14
103,17,23,9,10
104,5,5,5,16
105,22,9,26,18
106,25,3,6,0
107,11,6,5,18
108,26,31,10,6
109,24,31,23,31
110,23,19,17,24
111,8,13,28,16
112,29,18,30,23
113,28,23,26,19
114,19,16,15,9
115,14,12,12,9
116,30,25,31,20
117,6,7,20,12
