6
Grid:
32,32
................................
................................
................................
................................
................................
................................
................................
................................
................................
................................
................................
................................
................................
................................
................................
................................
................................
................................
................................
................................
................................
................................
................................
................................
................................
................................
................................
................................
................................
................................
................................
................................
Agents:
56
0,25,4,22,3
1,11,18,28,23
2,12,23,24,8
3,6,29,6,5
4,14,14,3,19
5,16,12,4,13
6,28,6,11,15
7,21,23,27,1
8,19,17,17,24
9,3,25,28,9
10,14,11,14,11
11,4,29,9,11
12,0,19,16,16
13,29,26,6,26
14,7,1,11,20
15,31,9,20,14
16,15,21,29,6
17,26,21,20,2
18,1,7,30,6
19,9,0,14,8
20,31,20,0,29
21,28,16,23,5
22,10,18,5,14
23,7,7,16,1
24,1,5,16,25
25,22,23,15,30
26,6,19,11,13
27,30,13,7,30
28,31,14,6,31
29,18,24,13,3
30,26,11,4,3
31,22,12,25,7
32,14,7,23,0
33,29,6,12,14
34,11,31,3,2
35,22,11,29,11
36,7,3,14,28
37,26,26,10,27
38,15,20,22,0
39,18,13,2,10
40,12,21,12,16
41,24,1,20,18
42,11,8,16,4
43,3,28,26,14
44,23,13,17,30
45,22,19,25,28
46,21,17,5,24
47,29,16,23,24
48,2,3,0,17
49,21,0,7,19
50,28,2,13,8
51,15,10,25,6
52,15,3,1,3
53,24,4,31,0
54,30,10,20,24
55,27,4,11,25
