7
Grid:
32,32
................................
................................
................................
................................
................................
................................
................................
................................
................................
................................
................................
................................
................................
................................
................................
................................
................................
................................
................................
................................
................................
................................
................................
................................
................................
................................
................................
................................
................................
................................
................................
................................
Agents:
116
0,13,6,15,29
1,31,4,10,21
2,8,14,31,1
3,9,25,31,5
4,19,1,13,21
5,14,19,5,24
6,5,26,3,22
7,5,7,8,23
8,0,9,8,10
9,11,17,26,30
10,13,23,12,17
11,4,29,8,19
12,31,7,15,25
13,27,26,31,22
14,24,12,12,8
15,29,7,10,30
16,17,13,18,15
17,18,17,23,20
18,31,26,7,17
19,29,21,24,30
20,22,18,3,11
21,27,13,28,15
22,0,3,1,25
23,12,25,13,5
24,20,25,18,2
25,15,29,2,23
26,9,26,2,14
27,23,21,6,7
28,1,1,1,26
29,5,1,27,9
30,19,15,23,21
31,1,6,18,14
32,4,7,17,1
33,1,23,27,7
34,7,19,24,21
35,8,6,4,23
36,11,21,5,19
37,26,26,10,14
38,28,23,21,31
39,29,27,15,1
40,27,2,27,14
41,5,30,28,30
42,29,31,11,2
43,29,22,22,28
44,21,29,18,19
45,15,30,19,3
46,20,28,5,14
47,2,7,8,18
48,17,20,6,12
49,1,20,22,17
50,17,1,11,20
51,17,8,6,28
52,31,29,15,12
53,24,10,14,30
54,4,9,3,4
55,6,16,20,10
56,10,2,16,19
57,8,4,20,27
58,9,10,25,27
59,2,10,25,17
60,3,9,17,4
61,18,14,13,9
62,18,19,20,11
63,8,7,23,8
64,13,3,9,15
65,26,6,9,25
66,17,3,16,23
67,13,21,10,12
68,14,9,6,2
69,23,23,15,0
70,4,5,11,28
71,26,10,29,24
72,28,15,0,21
73,12,5,2,27
74,15,22,4,21
75,18,6,28,2
76,22,2,2,29
77,1,11,14,13
78,20,17,25,19
79,28,0,28,25
80,15,31,2,25
81,31,6,14,2
82,21,18,9,18
83,22,0,21,12
84,19,10,17,21
85,6,30,9,28
86,15,7,2,15
87,24,0,8,25
88,23,25,6,5
89,26,8,14,4
90,19,4,13,1
91,20,10,17,25
92,6,5,15,14
93,30,11,15,28
94,8,11,17,24
95,2,19,25,3
96,8,25,17,10
97,27,22,1,30
98,19,21,28,17
99,25,25,13,28
100,15,15,12,7
101,3,8,28,20
102,0,30,1,28
103,24,14,21,4
104,10,0,8,7
105,20,27,23,22
106,22,20,26,5
107,13,11,1,10
108,11,20,15,19
109,0,16,24,27
110,24,7,20,1
111,7,18,20,25
112,22,21,8,1
113,12,2,3,24
114,13,1,23,29
115,31,1,19,6
