4
Grid:
32,32
................................
................................
................................
................................
................................
................................
................................
................................
................................
................................
................................
................................
................................
................................
................................
................................
................................
................................
................................
................................
................................
................................
................................
................................
................................
................................
................................
................................
................................
................................
................................
................................
Agents:
62
0,17,2,20,17
1,5,24,8,9
2,8,31,6,29
3,7,11,19,19
4,19,2,17,12
5,0,19,29,13
6,27,9,22,23
7,29,9,2,23
8,5,6,28,19
9,5,21,27,8
10,2,21,23,29
11,21,17,12,25
12,12,25,29,8
13,13,11,12,8
14,22,23,30,11
15,0,21,8,30
16,28,2,3,18
17,20,3,3,16
18,28,18,3,2
19,5,16,20,25
20,7,9,11,9
21,16,19,28,15
22,13,23,27,14
23,19,29,20,0
24,16,20,8,3
25,21,20,20,12
26,26,22,25,1
27,20,28,24,11
28,13,19,21,13
29,12,14,1,17
30,17,27,9,26
31,21,27,24,8
32,1,11,5,10
33,22,24,29,6
34,20,26,18,0
35,12,19,15,20
36,1,21,15,23
37,13,24,2,0
38,5,1,2,8
39,4,20,6,9
40,6,16,8,7
41,26,2,14,28
42,2,11,16,9
43,26,6,9,29
44,14,24,26,19
45,21,9,29,2
46,5,22,30,12
47,30,11,7,29
48,20,21,9,18
49,1,26,24,20
50,9,22,21,5
51,7,1,22,12
52,19,5,11,31
53,8,27,18,28
54,23,11,6,21
55,15,24,24,26
56,8,1,1,24
57,24,21,30,23
58,16,16,16,16
59,10,27,30,7
60,4,3,17,0
61,13,10,17,7
