9
Grid:
32,32
................................
................................
................................
................................
................................
................................
................................
................................
................................
................................
................................
................................
................................
................................
................................
................................
................................
................................
................................
................................
................................
................................
................................
................................
................................
................................
................................
................................
................................
................................
................................
................................
Agents:
86
0,9,29,10,4
1,21,9,13,22
2,25,23,29,16
3,15,27,18,12
4,6,11,8,25
5,19,10,15,8
6,27,1,12,28
7,6,22,25,27
8,19,14,26,5
9,20,23,19,27
10,29,5,0,20
11,10,5,16,20
12,4,30,17,2
13,29,26,13,21
14,3,7,11,0
15,13,18,20,24
16,29,24,24,10
17,18,9,27,29
18,10,1,11,31
19,0,30,17,21
20,17,9,5,3
21,25,14,22,29
22,8,23,21,30
23,30,7,3,3
24,22,0,31,27
25,17,0,17,19
26,7,4,5,18
27,19,16,28,13
28,4,27,19,7
29,25,21,7,31
30,23,30,18,26
31,30,0,12,26
32,13,2,3,28
33,15,28,6,1
34,12,18,26,8
35,14,21,29,5
36,5,19,2,6
37,12,27,3,4
38,26,2,8,12
39,21,6,21,21
40,28,27,5,21
41,17,13,16,27
42,1,29,29,29
43,17,14,27,19
44,22,25,16,18
45,28,4,18,27
46,4,28,29,12
47,18,26,21,5
48,16,10,7,16
49,19,6,31,4
50,7,1,14,25
51,27,4,18,21
52,17,27,11,14
53,26,19,13,14
54,23,23,15,12
55,22,2,28,23
56,24,27,14,2
57,13,16,11,22
58,30,16,9,27
59,17,1,16,14
60,6,18,24,2
61,21,10,19,3
62,16,9,23,19
63,1,17,30,31
64,11,15,1,29
65,15,15,10,20
66,30,26,29,30
67,0,12,31,8
68,27,6,0,5
69,2,30,5,9
70,22,30,26,19
71,3,26,5,5
72,30,17,2,30
73,4,22,11,28
74,13,31,12,17
75,11,3,16,1
76,20,6,15,16
77,27,8,23,9
78,15,7,23,27
79,10,16,3,5
80,17,5,23,10
81,12,6,17,30
82,19,22,26,15
83,20,29,30,19
84,27,0,3,23
85,20,24,21,14
