4
Grid:
32,32
................................
................................
................................
................................
................................
................................
................................
................................
................................
................................
................................
................................
................................
................................
................................
................................
................................
................................
................................
................................
................................
................................
................................
................................
................................
................................
................................
................................
................................
................................
................................
................................
Agents:
68
0,12,4,15,16
1,6,0,24,28
2,0,7,24,11
3,16,13,18,27
4,26,27,17,15
5,26,23,10,12
6,8,31,22,5
7,18,8,10,28
8,16,26,28,3
9,4,3,30,20
10,17,6,10,17
11,12,24,14,13
12,4,30,11,8
13,27,23,27,20
14,5,15,14,10
15,29,9,25,27
16,3,31,19,17
17,16,25,15,24
18,18,9,28,26
19,17,13,15,6
20,23,0,7,18
21,10,5,18,31
22,29,6,29,1
23,10,20,8,27
24,14,26,13,1
25,30,22,24,15
26,26,7,6,9
27,25,5,10,3
28,24,13,23,23
29,28,1,3,14
30,12,25,20,6
31,8,11,15,2
32,30,16,10,18
33,20,8,24,8
34,15,24,0,19
35,21,6,18,14
36,9,22,8,10
37,12,16,26,8
38,28,6,15,14
39,27,29,3,16
40,20,7,13,3
41,8,10,0,5
42,16,7,21,3
43,15,28,11,0
44,6,10,19,20
45,0,4,12,17
46,13,15,12,30
47,1,30,12,22
48,24,31,21,4
49,7,12,9,22
50,18,1,18,30
51,4,22,12,8
52,5,24,4,11
53,13,3,2,1
54,26,8,23,1
55,8,18,20,25
56,17,30,20,30
57,13,5,4,15
58,16,29,2,18
59,1,24,10,1
60,2,5,12,4
61,24,16,12,10
62,25,25,16,5
63,21,13,11,26
64,24,29,27,22
65,30,15,27,1
66,11,18,11,20
67,2,18,26,28
