6
Grid:
32,32
................................
................................
................................
................................
................................
................................
................................
................................
................................
................................
................................
................................
................................
................................
................................
................................
................................
................................
................................
................................
................................
................................
................................
................................
................................
................................
................................
................................
................................
................................
................................
................................
Agents:
84
0,29,25,6,1
1,6,8,25,23
2,25,2,17,3
3,12,0,25,24
4,19,10,4,15
5,24,4,25,1
6,26,22,15,29
7,26,2,2,2
8,26,15,19,4
9,7,24,22,16
10,13,14,0,18
11,22,11,9,29
12,2,13,27,14
13,18,20,1,2
14,12,10,20,17
15,3,28,12,16
16,8,30,3,12
17,3,14,5,28
18,13,29,6,3
19,27,10,15,9
20,27,25,24,26
21,25,4,17,28
22,13,16,10,16
23,24,17,19,2
24,15,11,26,28
25,4,0,4,7
26,5,15,15,6
27,2,26,10,1
28,5,12,12,31
29,15,24,6,26
30,19,9,30,19
31,6,27,8,29
32,28,28,10,28
33,18,12,5,13
34,20,28,4,24
35,18,13,15,28
36,28,3,1,22
37,19,29,20,25
38,18,30,31,25
39,31,1,24,30
40,28,27,28,22
41,26,23,23,2
42,24,7,24,6
43,25,20,26,6
44,12,18,30,22
45,24,16,20,9
46,9,3,4,23
47,22,18,20,11
48,8,17,12,15
49,29,12,6,30
50,28,19,31,6
51,25,22,14,16
52,4,2,11,29
53,27,4,15,26
54,8,7,31,9
55,13,13,12,30
56,28,24,29,31
57,14,14,29,16
58,3,20,14,12
59,2,30,5,6
60,31,2,24,10
61,4,1,11,14
62,4,24,17,1
63,10,20,11,20
64,22,13,18,19
65,4,15,8,24
66,30,7,25,12
67,30,2,26,30
68,3,22,27,17
69,9,17,15,27
70,3,27,18,31
71,7,30,6,31
72,3,4,16,11
73,26,19,8,12
74,14,30,11,19
75,12,26,10,13
76,18,11,9,22
77,21,27,13,16
78,26,20,19,6
79,16,31,28,7
80,9,12,25,29
81,26,6,19,17
82,16,0,6,10
83,17,12,26,3
