2
Grid:
32,32
................................
................................
................................
................................
................................
................................
................................
................................
................................
................................
................................
................................
................................
................................
................................
................................
................................
................................
................................
................................
................................
................................
................................
................................
................................
................................
................................
................................
................................
................................
................................
................................
Agents:
94
0,14,30,3,30
1,30,7,28,4
2,10,11,8,11
3,2,12,21,5
4,21,30,9,18
5,4,11,21,11
6,5,11,29,27
7,23,28,25,8
8,25,1,28,30
9,14,13,31,28
10,28,22,22,31
11,25,6,24,12
12,28,28,30,6
13,6,15,8,16
14,13,24,2,7
15,26,7,24,21
16,21,28,19,3
17,7,29,27,6
18,8,10,22,14
19,10,9,16,27
20,16,22,31,20
21,13,12,27,19
22,23,12,6,15
23,5,0,31,1
24,11,0,9,28
25,3,26,22,28
26,29,24,7,27
27,27,24,11,30
28,4,24,28,26
29,11,14,17,3
30,4,18,4,20
31,30,29,14,18
32,4,28,12,24
33,21,8,4,3
34,4,25,16,9
35,19,15,20,20
36,23,4,3,13
37,28,6,16,6
38,8,13,19,12
39,15,15,4,27
40,22,6,18,20
41,3,13,23,1
42,20,0,18,22
43,9,29,11,11
44,1,15,0,24
45,25,16,10,3
46,31,28,24,16
47,5,30,20,30
48,24,15,6,21
49,8,26,5,21
50,23,29,26,10
51,28,18,15,23
52,13,20,3,29
53,2,24,27,18
54,28,20,6,27
55,15,22,31,3
56,8,28,3,7
57,23,30,11,15
58,15,17,11,8
59,8,3,16,11
60,18,24,23,2
61,7,21,7,31
62,31,2,30,24
63,16,27,24,20
64,31,30,19,8
65,14,25,29,16
66,5,20,11,12
67,23,25,25,28
68,9,17,11,22
69,0,0,17,12
70,29,16,22,24
71,1,13,6,6
72,0,3,2,12
73,7,2,22,26
74,4,6,23,17
75,14,7,29,13
76,7,4,19,27
77,7,30,3,27
78,22,7,31,10
79,18,10,8,1
80,4,7,30,28
81,25,30,30,22
82,6,21,29,12
83,16,20,28,11
84,4,29,8,14
85,20,30,18,0
86,16,8,16,14
87,6,2,24,17
88,22,25,16,2
89,20,28,1,2
90,27,13,28,19
91,15,6,26,0
92,18,1,21,15
93,3,2,12,20
