8
Grid:
32,32
................................
................................
................................
................................
................................
................................
................................
................................
................................
................................
................................
................................
................................
................................
................................
................................
................................
................................
................................
................................
................................
................................
................................
................................
................................
................................
................................
................................
................................
................................
................................
................................
Agents:
90
0,5,14,11,2
1,9,7,20,14
2,15,3,14,21
3,20,2,7,16
4,20,1,6,16
5,27,14,9,0
6,28,10,22,28
7,6,2,11,4
8,10,0,3,13
9,3,31,3,24
10,20,13,0,27
11,25,8,18,18
12,31,1,7,24
13,27,16,23,4
14,15,18,21,29
15,6,25,5,16
16,2,27,18,9
17,7,23,28,30
18,17,7,26,16
19,16,6,8,23
20,0,26,27,12
21,11,27,26,12
22,9,22,15,15
23,17,1,18,19
24,25,3,16,20
25,30,16,5,20
26,25,31,0,10
27,26,24,16,21
28,20,0,2,28
29,8,13,9,20
30,7,4,7,19
31,18,1,12,21
32,26,1,8,7
33,11,0,11,20
34,2,14,24,2
35,17,3,14,8
36,16,29,8,14
37,30,26,0,21
38,1,29,26,20
39,31,9,24,10
40,15,26,2,2
41,23,12,1,3
42,20,22,26,10
43,0,3,6,7
44,1,15,29,19
45,3,16,30,5
46,31,2,28,22
47,31,28,23,2
48,7,9,16,28
49,0,7,10,24
50,10,17,0,19
51,31,10,18,6
52,18,27,4,12
53,0,27,16,15
54,0,0,24,3
55,22,22,12,24
56,1,30,9,12
57,29,13,12,7
58,12,6,16,11
59,13,4,1,13
60,31,19,21,13
61,3,13,4,9
62,30,1,22,31
63,18,23,19,7
64,29,23,22,9
65,30,30,26,31
66,27,13,6,11
67,25,25,21,26
68,21,4,3,29
69,2,0,31,19
70,24,12,8,17
71,14,0,29,30
72,4,17,23,30
73,15,1,25,28
74,28,28,8,22
75,17,11,17,14
76,30,17,2,10
77,23,18,28,23
78,29,31,24,8
79,13,30,20,21
80,25,10,17,0
81,0,31,12,19
82,18,31,11,27
83,12,20,14,2
84,15,27,13,1
85,5,30,7,3
86,26,31,3,17
87,9,12,29,31
88,17,17,3,11
89,27,1,11,30
