5
Grid:
32,32
................................
................................
................................
................................
................................
................................
................................
................................
................................
................................
................................
................................
................................
................................
................................
................................
................................
................................
................................
................................
................................
................................
................................
................................
................................
................................
................................
................................
................................
................................
................................
................................
Agents:
76
0,29,21,1,1
1,5,24,2,17
2,12,11,24,20
3,22,24,2,27
4,6,19,16,1
5,10,3,15,6
6,19,23,1,8
7,20,9,25,8
8,17,26,7,10
9,30,22,28,17
10,9,15,1,26
11,5,3,13,6
12,26,26,27,2
13,28,5,5,0
14,12,20,20,7
15,13,29,28,5
16,5,30,12,16
17,0,14,17,3
18,27,11,19,9
19,9,10,24,2
20,0,6,27,3
21,2,28,20,13
22,12,27,13,18
23,15,15,6,17
24,10,20,10,22
25,17,20,2,24
26,21,14,5,21
27,16,1,30,9
28,29,18,3,27
29,15,16,12,20
30,11,18,16,15
31,6,12,31,10
32,29,20,31,13
33,23,5,16,7
34,14,5,26,5
35,15,26,6,16
36,12,30,31,27
37,14,31,24,23
38,0,30,7,23
39,13,1,7,8
40,22,29,3,8
41,10,25,21,6
42,12,16,28,20
43,9,18,19,6
44,29,25,4,30
45,14,24,24,13
46,20,24,28,26
47,31,14,0,10
48,0,21,28,19
49,30,23,15,17
50,4,9,24,19
51,1,4,14,23
52,4,23,3,11
53,8,22,13,27
54,0,17,12,30
55,4,13,11,24
56,26,14,25,28
57,7,12,16,16
58,0,13,22,13
59,11,5,23,7
60,8,20,8,8
61,22,23,9,16
62,5,19,14,19
63,30,31,27,30
64,30,10,30,6
65,29,13,23,4
66,28,6,7,9
67,21,21,9,24
68,8,18,14,14
69,17,12,19,31
70,25,16,30,17
71,20,6,4,13
72,30,17,18,28
73,7,19,13,7
74,21,17,18,17
75,1,12,5,11
