3
Grid:
32,32
................................
................................
................................
................................
................................
................................
................................
................................
................................
................................
................................
................................
................................
................................
................................
................................
................................
................................
................................
................................
................................
................................
................................
................................
................................
................................
................................
................................
................................
................................
................................
................................
Agents:
48
0,24,4,8,28
1,20,7,0,17
2,7,15,29,28
3,30,27,12,21
4,17,9,19,7
5,11,8,6,1
6,0,3,8,14
7,29,15,2,13
8,0,7,3,30
9,18,22,17,14
10,27,30,10,0
11,12,11,6,10
12,31,29,19,11
13,8,31,18,0
14,24,16,21,20
15,29,23,30,5
16,31,23,8,2
17,25,12,25,28
18,24,7,24,19
19,14,5,21,12
20,6,21,21,26
21,26,19,11,5
22,8,9,26,31
23,25,16,4,27
24,27,21,22,0
25,8,7,12,0
26,25,3,24,23
27,23,26,29,26
28,24,8,8,10
29,7,10,23,28
30,6,30,30,23
31,3,0,21,27
32,11,19,17,27
33,9,9,22,7
34,10,16,4,1
35,23,25,3,0
36,25,13,31,3
37,16,6,22,18
38,3,24,30,12
39,3,22,31,25
40,3,2,6,14
41,8,22,27,30
42,29,27,27,24
43,0,31,20,13
44,19,15,19,12
45,31,3,9,3
46,30,8,15,7
47,17,25,18,31
