3
Grid:
32,32
................................
................................
................................
................................
................................
................................
................................
................................
................................
................................
................................
................................
................................
................................
................................
................................
................................
................................
................................
................................
................................
................................
................................
................................
................................
................................
................................
................................
................................
................................
................................
................................
Agents:
106
0,16,23,18,11
1,25,3,24,12
2,24,14,12,16
3,17,2,15,26
4,10,6,18,12
5,18,16,11,9
6,8,5,19,3
7,9,0,31,13
8,14,10,16,23
9,27,23,5,11
10,21,0,22,1
11,9,27,6,12
12,30,7,25,24
13,16,15,29,10
14,4,18,3,15
15,26,11,16,15
16,20,10,24,19
17,19,26,3,17
18,10,12,18,20
19,12,28,0,31
20,3,26,4,12
21,27,3,31,0
22,0,14,25,12
23,0,29,11,3
24,27,15,2,25
25,0,30,23,15
26,19,1,13,9
27,22,15,16,19
28,13,29,23,17
29,4,17,18,19
30,29,1,4,3
31,29,24,5,25
32,11,7,31,2
33,27,29,26,7
34,17,14,13,4
35,21,1,1,2
36,29,30,14,5
37,5,6,18,25
38,27,16,28,0
39,6,18,26,4
40,19,21,3,30
41,17,28,31,24
42,23,19,15,25
43,20,3,2,3
44,13,12,16,4
45,8,27,6,19
46,30,1,1,30
47,29,2,9,4
48,23,24,30,14
49,18,3,31,26
50,11,12,11,20
51,25,30,22,26
52,0,20,3,20
53,14,27,26,19
54,10,7,12,28
55,1,19,27,29
56,10,11,21,7
57,13,8,27,12
58,6,15,0,27
59,16,8,31,17
60,8,14,8,28
61,1,8,21,16
62,25,1,23,18
63,31,18,17,1
64,14,3,22,3
65,30,3,14,7
66,6,6,29,1
67,27,18,28,11
68,27,2,10,25
69,4,24,13,16
70,25,6,14,18
71,11,20,29,3
72,17,19,18,24
73,19,20,10,13
74,27,8,24,20
75,7,10,31,27
76,26,29,8,6
77,11,16,9,3
78,5,31,10,22
79,21,27,14,14
80,24,29,29,11
81,21,7,22,30
82,4,7,16,2
83,12,20,19,5
84,19,14,17,23
85,3,16,27,26
86,20,26,10,0
87,29,4,13,26
88,16,12,14,22
89,30,8,24,5
90,7,5,9,12
91,28,19,5,23
92,8,8,8,27
93,27,10,16,22
94,13,28,30,6
95,13,9,5,14
96,25,18,9,17
97,14,13,31,16
98,31,10,23,16
99,14,12,29,7
100,7,7,26,25
101,21,25,19,27
102,6,10,5,27
103,9,16,13,12
104,19,0,18,9
105,14,8,7,28
