3
Grid:
32,32
................................
................................
................................
................................
................................
................................
................................
................................
................................
................................
................................
................................
................................
................................
................................
................................
................................
................................
................................
................................
................................
................................
................................
................................
................................
................................
................................
................................
................................
................................
................................
................................
Agents:
42
0,22,12,17,2
1,21,7,28,4
2,6,16,0,10
3,30,3,24,13
4,1,7,28,29
5,28,6,2,15
6,18,27,5,25
7,5,11,27,12
8,2,19,18,23
9,31,0,11,20
10,0,10,23,24
11,13,11,16,11
12,17,23,30,9
13,21,25,7,16
14,2,17,13,18
15,7,17,0,22
16,14,21,19,2
17,30,19,15,17
18,26,18,26,8
19,23,20,18,22
20,9,30,24,31
21,20,16,7,11
22,0,28,24,1
23,11,17,6,9
24,18,31,2,6
25,28,17,31,1
26,27,9,0,2
27,7,12,5,26
28,30,10,13,15
29,22,15,4,18
30,26,4,23,5
31,0,16,28,3
32,31,10,3,18
33,24,28,1,30
34,29,18,6,1
35,16,15,22,1
36,28,10,1,19
37,22,2,17,4
38,21,29,22,11
39,10,21,31,20
40,11,4,18,20
41,7,2,16,21
