9
Grid:
32,32
................................
................................
................................
................................
................................
................................
................................
................................
................................
................................
................................
................................
................................
................................
................................
................................
................................
................................
................................
................................
................................
................................
................................
................................
................................
................................
................................
................................
................................
................................
................................
................................
Agents:
38
0,18,12,24,5
1,4,25,30,27
2,13,11,22,21
3,2,20,28,26
4,25,17,2,20
5,16,8,16,25
6,8,16,25,17
7,20,6,7,17
8,20,5,3,22
9,4,22,9,16
10,11,8,7,19
11,27,14,10,31
12,19,28,14,24
13,1,27,30,4
14,1,9,18,31
15,7,19,26,23
16,15,16,14,15
17,13,29,16,0
18,3,15,22,18
19,24,15,8,22
20,1,21,20,11
21,17,6,29,2
22,14,25,13,17
23,15,15,9,3
24,25,10,23,5
25,22,26,1,9
26,20,2,25,11
27,4,10,2,25
28,16,21,15,11
29,6,17,12,2
30,9,6,2,26
31,19,15,31,17
32,10,29,6,1
33,24,24,29,1
34,2,23,14,31
35,3,4,27,13
36,12,20,15,29
37,20,22,27,15
