2
Grid:
32,32
................................
................................
................................
................................
................................
................................
................................
................................
................................
................................
................................
................................
................................
................................
................................
................................
................................
................................
................................
................................
................................
................................
................................
................................
................................
................................
................................
................................
................................
................................
................................
................................
Agents:
102
0,6,9,1,10
1,8,24,24,30
2,16,24,1,1
3,10,7,31,9
4,20,19,2,25
5,4,16,29,14
6,28,29,23,31
7,18,22,21,16
8,10,16,17,23
9,15,27,3,5
10,23,1,27,25
11,12,0,18,17
12,18,10,31,2
13,25,6,20,18
14,20,27,1,3
15,14,2,12,17
16,6,16,23,28
17,20,23,27,7
18,13,30,18,3
19,12,18,20,4
20,26,18,28,4
21,24,18,19,20
22,14,8,5,7
23,23,25,25,12
24,0,26,10,3
25,28,11,30,22
26,17,31,10,28
27,3,5,18,2
28,28,8,29,5
29,5,6,12,14
30,30,3,1,16
31,18,25,29,30
32,4,2,12,18
33,10,11,6,20
34,8,27,7,12
35,9,12,15,29
36,3,29,26,22
37,1,4,10,11
38,8,25,13,18
39,17,10,0,17
40,19,0,13,29
41,6,26,26,29
42,31,2,25,22
43,16,7,5,4
44,13,15,22,23
45,27,5,5,6
46,24,6,0,30
47,19,23,10,7
48,0,31,15,24
49,14,11,21,0
50,30,11,16,28
51,17,4,14,2
52,17,15,23,3
53,8,20,4,17
54,30,30,22,2
55,28,2,4,22
56,22,26,4,4
57,19,30,5,31
58,29,24,29,29
59,26,2,12,24
60,17,3,19,0
61,30,24,0,28
62,0,3,30,23
63,19,28,2,15
64,10,10,10,8
65,4,8,2,3
66,11,6,9,9
67,12,7,1,13
68,14,1,21,12
69,9,15,0,12
70,26,28,25,24
71,8,15,30,3
72,19,24,4,8
73,14,29,29,12
74,19,20,7,28
75,25,8,0,18
76,5,11,20,15
77,25,26,10,15
78,13,25,27,2
79,4,13,4,18
80,10,20,27,30
81,25,19,13,15
82,22,16,28,26
83,15,28,4,5
84,15,10,12,25
85,8,21,19,17
86,26,14,5,22
87,5,7,19,7
88,21,21,25,20
89,9,21,30,1
90,16,28,24,0
91,3,0,28,6
92,12,17,0,6
93,26,21,25,28
94,28,27,12,12
95,19,14,31,24
96,18,20,25,5
97,21,31,15,19
98,2,30,3,0
99,15,8,18,15
100,4,29,10,14
101,24,26,25,2
