2
Grid:
32,32
................................
................................
................................
................................
................................
................................
................................
................................
................................
................................
................................
................................
................................
................................
................................
................................
................................
................................
................................
................................
................................
................................
................................
................................
................................
................................
................................
................................
................................
................................
................................
................................
Agents:
98
0,20,17,4,12
1,5,22,30,14
2,7,22,10,12
3,30,19,6,23
4,11,27,22,13
5,11,17,2,18
6,21,2,14,6
7,27,22,16,21
8,23,7,27,31
9,8,11,9,16
10,25,22,26,2
11,5,27,2,30
12,29,30,0,2
13,14,12,23,9
14,31,10,25,2
15,13,25,4,30
16,5,8,16,26
17,12,6,17,5
18,24,19,6,27
19,11,3,9,28
20,19,25,26,26
21,24,25,0,31
22,31,12,10,5
23,30,28,26,21
24,13,14,1,3
25,21,4,16,7
26,28,0,21,6
27,25,30,11,2
28,11,9,12,20
29,24,9,18,13
30,7,17,21,4
31,19,1,28,31
32,13,18,19,3
33,12,13,1,12
34,21,21,28,21
35,29,4,3,7
36,28,4,28,28
37,24,0,8,9
38,29,12,21,0
39,28,17,30,18
40,31,18,7,28
41,31,17,25,9
42,20,8,14,19
43,15,14,26,24
44,27,15,25,7
45,26,2,28,5
46,28,1,30,5
47,5,23,14,23
48,11,13,7,11
49,0,17,11,28
50,7,24,1,25
51,17,17,24,25
52,8,24,10,10
53,7,25,4,1
54,0,31,11,5
55,13,7,12,31
56,9,21,2,4
57,18,2,29,3
58,12,4,3,31
59,21,7,31,11
60,30,7,23,1
61,25,14,17,28
62,9,25,22,22
63,8,23,6,2
64,26,6,13,29
65,0,14,27,3
66,16,14,11,12
67,11,6,17,23
68,31,3,4,3
69,0,4,30,21
70,29,21,3,0
71,13,28,8,14
72,1,19,22,27
73,25,6,6,15
74,14,3,23,12
75,11,7,27,0
76,23,25,13,12
77,19,31,20,7
78,30,3,15,1
79,7,15,27,7
80,15,16,3,27
81,30,26,17,1
82,30,30,18,23
83,22,26,21,24
84,10,11,7,22
85,2,8,21,13
86,4,17,28,7
87,10,8,6,7
88,26,29,13,19
89,12,22,19,23
90,0,2,24,22
91,8,22,5,18
92,26,24,2,6
93,23,23,9,18
94,26,11,17,19
95,8,28,6,25
96,28,16,19,2
97,20,12,27,23
