0
Grid:
32,32
................................
................................
................................
................................
................................
................................
................................
................................
................................
................................
................................
................................
................................
................................
................................
................................
................................
................................
................................
................................
................................
................................
................................
................................
................................
................................
................................
................................
................................
................................
................................
................................
Agents:
116
0,22,15,2,16
1,25,18,4,11
2,3,29,9,7
3,9,21,16,12
4,29,2,7,21
5,15,7,13,4
6,15,22,27,13
7,1,6,10,24
8,4,31,18,9
9,15,30,25,15
10,29,16,30,12
11,26,22,17,23
12,10,11,6,1
13,15,18,16,19
14,9,30,16,11
15,26,13,3,3
16,10,8,18,16
17,22,9,14,17
18,24,16,21,26
19,7,19,2,24
20,5,10,23,21
21,17,23,9,9
22,10,19,4,31
23,17,19,12,13
24,21,7,14,14
25,10,5,31,25
26,21,3,1,24
27,8,23,20,2
28,14,22,26,11
29,12,31,16,13
30,8,1,12,21
31,29,6,4,14
32,0,23,21,22
33,13,19,2,13
34,2,13,6,7
35,23,9,25,30
36,11,15,19,20
37,4,19,8,26
38,21,31,30,18
39,7,21,15,19
40,13,6,19,17
41,24,2,26,0
42,30,16,10,26
43,20,21,6,31
44,8,5,17,8
45,19,16,22,4
46,7,5,5,1
47,2,15,17,25
48,25,16,9,17
49,14,19,17,28
50,5,30,20,25
51,17,8,14,23
52,16,0,17,29
53,26,6,10,28
54,30,21,6,0
55,18,1,21,10
56,9,26,20,18
57,8,16,20,22
58,3,24,20,7
59,10,28,14,15
60,25,6,0,7
61,1,5,2,8
62,13,21,25,5
63,25,4,25,19
64,16,20,26,16
65,16,15,12,7
66,21,15,17,1
67,17,29,30,26
68,22,13,12,16
69,22,18,17,21
70,2,4,23,10
71,1,17,20,14
72,19,0,9,18
73,5,31,26,24
74,7,30,1,27
75,15,13,24,7
76,19,20,31,4
77,14,10,2,11
78,30,20,0,9
79,25,8,6,18
80,27,29,19,3
81,30,25,25,9
82,6,2,13,20
83,12,26,6,29
84,9,10,5,3
85,26,21,10,9
86,1,24,14,29
87,4,16,18,19
88,18,12,5,20
89,16,26,18,23
90,28,18,23,5
91,5,2,17,2
92,28,0,18,13
93,0,7,15,14
94,31,2,21,3
95,20,14,6,9
96,22,4,25,2
97,5,8,5,9
98,11,16,11,4
99,20,11,30,10
100,21,29,2,22
101,4,25,13,14
102,26,25,3,17
103,5,13,22,7
104,1,12,28,14
105,24,1,29,17
106,1,11,5,18
107,20,3,28,21
108,6,11,1,5
109,25,1,21,16
110,11,24,4,16
111,0,18,1,11
112,1,21,18,14
113,15,28,11,1
114,5,1,10,5
115,24,5,12,28
