1
Grid:
32,32
................................
................................
................................
................................
................................
................................
................................
................................
................................
................................
................................
................................
................................
................................
................................
................................
................................
................................
................................
................................
................................
................................
................................
................................
................................
................................
................................
................................
................................
................................
................................
................................
Agents:
94
0,5,10,20,28
1,17,23,22,1
2,24,23,17,3
3,5,28,27,19
4,29,3,4,26
5,23,6,8,19
6,30,24,24,3
7,24,3,26,11
8,8,21,27,28
9,25,30,1,20
10,2,30,6,12
11,22,13,3,25
12,16,14,14,2
13,4,23,30,14
14,31,15,30,5
15,23,22,23,10
16,18,3,13,27
17,5,20,31,25
18,27,8,13,14
19,6,31,7,12
20,31,8,3,17
21,24,28,4,12
22,15,3,5,15
23,18,0,27,3
24,25,11,14,31
25,16,13,19,5
26,29,6,6,3
27,20,4,23,7
28,7,10,21,5
29,18,14,28,17
30,29,14,3,2
31,11,0,16,13
32,20,26,0,9
33,19,3,4,23
34,7,31,25,0
35,15,25,3,27
36,30,25,6,10
37,6,25,16,25
38,30,13,30,6
39,27,3,9,8
40,29,19,14,15
41,15,15,4,4
42,6,4,4,18
43,31,23,24,14
44,0,28,2,13
45,12,17,18,14
46,11,9,26,15
47,17,15,2,2
48,14,23,15,26
49,13,22,10,2
50,3,0,21,29
51,25,22,31,21
52,15,4,10,15
53,31,26,9,28
54,5,26,28,13
55,14,15,26,12
56,16,10,3,7
57,30,27,8,24
58,26,16,7,23
59,20,19,30,16
60,3,16,22,7
61,30,19,3,0
62,12,12,16,24
63,14,28,23,25
64,8,15,11,20
65,30,3,19,11
66,21,7,20,0
67,16,15,7,3
68,22,15,7,5
69,21,1,14,12
70,31,4,7,9
71,17,5,26,24
72,13,29,26,20
73,0,0,17,28
74,11,21,21,23
75,20,30,6,6
76,3,26,13,22
77,18,19,31,2
78,1,6,13,6
79,9,2,31,14
80,21,2,13,20
81,18,22,10,27
82,28,10,12,14
83,25,8,18,25
84,26,15,19,20
85,26,18,12,17
86,31,24,29,28
87,5,15,9,30
88,11,13,10,19
89,17,18,11,12
90,26,0,3,23
91,0,27,21,25
92,21,29,13,30
93,13,16,3,28
