7
Grid:
32,32
................................
................................
................................
................................
................................
................................
................................
................................
................................
................................
................................
................................
................................
................................
................................
................................
................................
................................
................................
................................
................................
................................
................................
................................
................................
................................
................................
................................
................................
................................
................................
................................
Agents:
96
0,4,28,14,2
1,22,22,30,10
2,2,0,25,4
3,27,7,12,17
4,18,5,21,20
5,19,27,9,3
6,21,15,3,3
7,26,23,29,29
8,0,7,24,16
9,25,26,27,22
10,10,25,15,1
11,26,1,14,26
12,10,24,5,17
13,28,29,11,14
14,16,23,6,20
15,28,20,12,18
16,22,31,3,22
17,22,15,0,10
18,10,22,12,2
19,18,17,21,26
20,4,14,18,20
21,13,14,6,18
22,2,11,13,4
23,26,0,6,8
24,28,6,27,24
25,19,1,6,11
26,16,21,23,20
27,24,10,13,28
28,1,21,17,11
29,11,10,18,16
30,3,29,24,12
31,22,27,31,24
32,8,31,25,17
33,4,21,12,4
34,12,10,3,17
35,21,8,24,28
36,21,27,17,15
37,12,12,21,4
38,31,30,2,9
39,30,28,22,23
40,1,10,29,2
41,3,27,31,29
42,3,1,30,16
43,7,12,9,21
44,14,21,22,27
45,10,8,10,22
46,13,7,9,17
47,23,17,0,30
48,5,2,20,25
49,6,4,19,28
50,7,17,22,16
51,25,9,27,10
52,12,8,30,14
53,0,28,24,1
54,29,20,0,14
55,21,13,17,18
56,12,7,1,6
57,27,12,16,0
58,24,13,8,15
59,28,3,18,5
60,14,12,8,16
61,28,22,26,3
62,31,12,14,31
63,27,13,23,2
64,3,26,19,4
65,6,28,29,30
66,23,25,18,24
67,21,16,16,14
68,16,25,12,20
69,14,26,28,6
70,0,10,18,25
71,14,25,11,6
72,0,29,24,20
73,27,6,14,3
74,12,11,5,22
75,25,23,28,12
76,6,2,27,15
77,22,26,28,23
78,21,2,5,3
79,10,31,6,14
80,13,19,30,0
81,24,3,20,6
82,21,19,13,10
83,17,10,19,12
84,27,30,20,9
85,31,1,3,4
86,2,3,8,10
87,30,2,28,5
88,22,2,16,13
89,17,21,26,11
90,0,24,25,15
91,0,15,22,10
92,22,20,18,30
93,2,26,24,15
94,27,14,17,8
95,15,14,23,31
