1
Grid:
32,32
................................
................................
................................
................................
................................
................................
................................
................................
................................
................................
................................
................................
................................
................................
................................
................................
................................
................................
................................
................................
................................
................................
................................
................................
................................
................................
................................
................................
................................
................................
................................
................................
Agents:
46
0,7,18,10,5
1,31,26,7,28
2,10,2,11,26
3,0,20,29,15
4,12,18,7,20
5,27,4,20,29
6,16,4,4,31
7,12,23,31,9
8,7,21,24,11
9,10,20,3,16
10,1,27,26,18
11,25,1,31,4
12,29,23,5,30
13,15,24,9,19
14,2,4,10,25
15,13,4,16,13
16,18,20,24,0
17,4,29,30,15
18,13,25,28,10
19,2,14,9,12
20,20,28,11,30
21,30,5,28,2
22,17,11,23,29
23,30,29,5,22
24,20,29,29,13
25,26,2,1,6
26,0,19,29,17
27,7,11,7,19
28,24,30,31,26
29,29,19,23,19
30,18,7,20,18
31,17,7,5,11
32,4,22,24,24
33,17,27,22,18
34,31,14,22,19
35,10,13,29,29
36,19,27,24,7
37,0,4,22,15
38,28,20,14,1
39,16,18,30,26
40,25,17,23,4
41,4,5,20,1
42,9,11,21,11
43,4,30,27,31
44,13,24,13,10
45,4,14,14,20
