2
Grid:
32,32
................................
................................
................................
................................
................................
................................
................................
................................
................................
................................
................................
................................
................................
................................
................................
................................
................................
................................
................................
................................
................................
................................
................................
................................
................................
................................
................................
................................
................................
................................
................................
................................
Agents:
112
0,18,23,12,29
1,28,31,23,9
2,28,0,30,11
3,30,29,25,14
4,11,13,30,10
5,3,31,2,28
6,29,4,8,17
7,1,12,13,7
8,22,12,0,0
9,2,11,11,3
10,3,13,20,14
11,20,30,9,2
12,27,0,24,0
13,30,17,8,13
14,8,15,12,15
15,3,2,12,16
16,17,29,11,17
17,3,6,13,23
18,3,20,20,11
19,11,17,27,0
20,30,5,10,4
21,25,17,18,1
22,13,19,6,0
23,4,28,11,0
24,21,4,5,25
25,20,12,4,15
26,1,4,19,5
27,2,29,2,24
28,20,27,22,10
29,9,0,1,23
30,14,0,19,28
31,1,26,7,3
32,9,2,2,17
33,1,17,21,1
34,13,30,24,3
35,20,2,11,29
36,18,10,27,30
37,12,11,30,27
38,26,31,22,14
39,14,4,0,14
40,27,30,30,14
41,3,5,16,6
42,15,14,21,26
43,15,17,27,14
44,16,29,21,3
45,7,16,5,11
46,14,13,17,15
47,19,19,9,3
48,31,3,3,19
49,15,31,11,5
50,16,6,5,5
51,9,22,16,18
52,0,8,1,2
53,1,10,1,18
54,18,9,7,6
55,4,2,9,29
56,22,3,17,22
57,18,18,5,23
58,1,28,22,16
59,14,23,13,25
60,27,28,13,14
61,15,5,15,30
62,23,2,27,25
63,24,6,24,5
64,27,11,18,19
65,5,24,8,10
66,21,9,4,18
67,17,7,23,25
68,29,5,31,18
69,8,16,1,24
70,19,16,12,5
71,0,17,4,26
72,1,3,26,9
73,20,24,1,6
74,4,19,3,23
75,23,4,14,27
76,31,29,7,12
77,16,26,20,26
78,15,7,13,18
79,4,12,30,25
80,19,18,21,16
81,14,9,7,21
82,13,8,24,18
83,10,7,8,3
84,31,10,19,20
85,28,7,23,7
86,14,7,16,15
87,6,10,10,25
88,9,1,0,3
89,3,22,11,11
90,31,1,30,18
91,18,0,29,12
92,25,19,3,15
93,22,0,28,20
94,13,22,13,9
95,0,28,2,3
96,28,1,21,0
97,2,23,26,26
98,3,24,19,8
99,24,13,6,8
100,28,6,21,12
101,7,23,30,12
102,14,8,10,14
103,20,4,8,12
104,29,2,7,9
105,8,29,1,26
106,18,12,8,22
107,23,12,18,30
108,16,27,27,26
109,16,8,24,12
110,10,13,7,1
111,5,14,23,29
