1
Grid:
32,32
................................
................................
................................
................................
................................
................................
................................
................................
................................
................................
................................
................................
................................
................................
................................
................................
................................
................................
................................
................................
................................
................................
................................
................................
................................
................................
................................
................................
................................
................................
................................
................................
Agents:
36
0,27,25,18,0
1,10,10,21,22
2,2,17,9,6
3,19,4,31,1
4,1,0,18,8
5,29,2,17,28
6,25,1,7,22
7,8,13,31,23
8,23,31,5,3
9,25,19,9,13
10,14,8,8,18
11,23,3,6,25
12,5,8,14,3
13,24,21,1,20
14,19,10,0,30
15,5,24,1,3
16,2,23,23,23
17,18,1,22,8
18,20,21,24,3
19,26,7,4,13
20,15,9,0,8
21,30,8,15,13
22,12,22,22,13
23,11,10,21,9
24,29,9,31,0
25,5,21,24,2
26,18,24,26,24
27,14,18,1,16
28,2,7,1,6
29,4,25,1,17
30,25,30,8,7
31,17,22,10,5
32,27,5,29,25
33,0,1,15,11
34,15,7,29,9
35,4,17,14,2
