5
Grid:
32,32
................................
................................
................................
................................
................................
................................
................................
................................
................................
................................
................................
................................
................................
................................
................................
................................
................................
................................
................................
................................
................................
................................
................................
................................
................................
................................
................................
................................
................................
................................
................................
................................
Agents:
120
0,4,25,31,8
1,14,27,3,24
2,28,22,20,12
3,23,6,29,3
4,5,19,1,26
5,3,26,0,15
6,31,24,16,15
7,9,14,18,14
8,21,21,6,1
9,19,14,8,8
10,8,9,25,3
11,30,29,13,12
12,9,8,31,2
13,17,15,29,7
14,25,24,31,22
15,21,14,27,23
16,8,19,21,24
17,14,14,19,20
18,17,9,16,6
19,4,30,11,19
20,10,8,26,31
21,8,1,15,30
22,20,16,9,12
23,2,19,10,1
24,15,27,17,14
25,1,27,15,3
26,13,5,4,24
27,25,26,16,4
28,26,16,9,31
29,18,20,21,5
30,4,7,9,5
31,13,13,26,13
32,30,20,29,16
33,18,11,18,22
34,9,26,4,4
35,29,12,16,8
36,16,21,5,6
37,4,0,4,19
38,1,29,14,27
39,9,24,8,26
40,5,30,16,28
41,31,29,28,23
42,22,26,7,20
43,0,2,24,13
44,26,19,18,21
45,20,0,5,12
46,22,15,4,26
47,25,2,12,30
48,27,26,12,25
49,3,31,3,18
50,30,22,11,22
51,9,21,13,31
52,30,21,1,12
53,10,24,5,4
54,1,24,22,15
55,25,29,9,30
56,7,26,10,29
57,14,5,3,31
58,8,16,25,21
59,22,3,4,6
60,20,15,13,17
61,16,22,7,9
62,6,28,18,8
63,21,1,6,29
64,27,1,29,5
65,5,6,22,14
66,25,10,23,20
67,26,15,2,2
68,21,10,16,27
69,30,0,2,8
70,16,8,18,16
71,1,2,28,1
72,26,22,24,10
73,24,28,27,29
74,1,20,2,31
75,26,10,20,25
76,11,14,29,29
77,15,1,2,4
78,0,9,23,11
79,29,31,27,14
80,19,18,5,7
81,3,29,19,27
82,0,31,8,30
83,16,29,8,16
84,17,22,3,21
85,19,12,28,24
86,13,14,14,20
87,28,15,16,16
88,31,7,13,16
89,6,26,27,26
90,2,26,9,14
91,30,11,8,31
92,9,2,28,3
93,27,28,16,10
94,0,7,1,16
95,10,2,15,21
96,14,7,23,22
97,19,27,17,8
98,28,1,22,24
99,25,13,14,1
100,11,31,19,12
101,0,22,7,8
102,22,31,12,7
103,29,7,2,24
104,24,25,17,17
105,15,8,2,10
106,22,14,22,21
107,2,20,10,30
108,21,12,9,23
109,1,11,28,17
110,0,20,10,8
111,28,8,22,3
112,29,30,22,19
113,3,9,20,21
114,0,21,9,2
115,15,31,15,7
116,11,18,1,25
117,11,27,5,30
118,31,25,6,28
119,9,20,9,25
