3
Grid:
32,32
................................
................................
................................
................................
................................
................................
................................
................................
................................
................................
................................
................................
................................
................................
................................
................................
................................
................................
................................
................................
................................
................................
................................
................................
................................
................................
................................
................................
................................
................................
................................
................................
Agents:
92
0,20,29,23,5
1,8,5,3,26
2,8,1,19,21
3,14,6,18,11
4,16,28,31,19
5,15,11,26,27
6,15,14,0,31
7,3,29,11,27
8,4,25,30,8
9,29,28,8,20
10,13,5,0,17
11,2,9,26,20
12,4,20,19,16
13,14,19,22,19
14,12,4,21,21
15,22,5,25,18
16,5,25,16,11
17,21,19,13,22
18,20,24,27,3
19,9,4,0,16
20,21,17,24,1
21,28,5,12,25
22,6,24,16,26
23,31,9,3,11
24,21,7,27,11
25,23,29,27,31
26,8,25,5,20
27,25,14,1,3
28,26,30,15,21
29,1,19,0,28
30,18,26,8,15
31,26,11,28,4
32,5,10,22,12
33,6,22,1,4
34,25,16,14,16
35,9,12,5,3
36,16,25,30,28
37,7,27,4,5
38,8,29,7,24
39,3,12,10,10
40,21,5,5,27
41,30,5,8,9
42,13,25,3,2
43,28,12,9,23
44,31,6,26,12
45,24,21,6,11
46,22,21,8,28
47,17,26,12,3
48,22,17,12,1
49,31,27,7,12
50,17,9,13,4
51,16,4,2,31
52,29,11,19,19
53,13,15,17,14
54,17,29,29,21
55,6,29,27,0
56,27,20,30,24
57,30,12,3,13
58,28,21,11,9
59,13,26,12,12
60,23,19,16,22
61,24,19,25,26
62,21,26,25,8
63,7,13,9,25
64,5,23,1,11
65,29,7,30,0
66,26,12,25,6
67,21,25,15,3
68,7,2,4,16
69,11,12,15,18
70,26,1,28,16
71,0,26,23,13
72,25,2,12,11
73,23,4,1,27
74,29,0,6,25
75,18,19,8,16
76,13,23,19,28
77,12,10,15,2
78,7,4,16,20
79,23,14,22,9
80,0,19,22,3
81,26,18,11,15
82,23,2,18,26
83,14,28,0,30
84,0,1,14,13
85,0,21,13,7
86,18,29,9,9
87,25,19,8,10
88,3,2,12,28
89,15,5,19,10
90,5,9,16,13
91,25,3,15,8
