0
Grid:
32,32
................................
................................
................................
................................
................................
................................
................................
................................
................................
................................
................................
................................
................................
................................
................................
................................
................................
................................
................................
................................
................................
................................
................................
................................
................................
................................
................................
................................
................................
................................
................................
................................
Agents:
64
0,5,29,10,18
1,18,3,7,25
2,11,0,26,6
3,12,18,31,1
4,7,11,30,17
5,18,19,17,4
6,9,27,16,3
7,26,18,12,14
8,13,7,18,11
9,5,3,9,23
10,5,15,3,17
11,27,25,18,4
12,15,30,21,20
13,15,3,15,28
14,9,13,24,2
15,25,25,15,26
16,24,31,27,7
17,13,27,20,12
18,8,1,28,17
19,28,0,30,19
20,6,12,7,21
21,15,14,12,7
22,19,7,28,7
23,2,9,16,10
24,21,26,12,25
25,29,31,29,20
26,30,20,28,14
27,5,22,8,15
28,2,24,2,14
29,19,13,20,15
30,17,9,10,1
31,8,25,26,29
32,17,25,8,2
33,27,9,22,15
34,14,31,25,26
35,9,11,7,8
36,10,5,19,17
37,29,25,26,26
38,0,13,18,28
39,5,7,11,1
40,27,6,15,12
41,13,15,26,22
42,16,25,8,22
43,27,3,0,5
44,26,23,21,10
45,24,16,9,13
46,14,15,10,16
47,15,29,5,20
48,3,21,2,8
49,28,26,9,4
50,12,24,31,8
51,27,22,0,15
52,17,17,21,14
53,21,25,30,12
54,23,11,1,25
55,22,21,0,26
56,18,11,22,10
57,17,11,13,11
58,9,23,13,31
59,30,23,29,14
60,15,22,3,29
61,6,25,10,14
62,29,26,19,30
63,21,0,10,22
