4
Grid:
32,32
................................
................................
................................
................................
................................
................................
................................
................................
................................
................................
................................
................................
................................
................................
................................
................................
................................
................................
................................
................................
................................
................................
................................
................................
................................
................................
................................
................................
................................
................................
................................
................................
Agents:
90
0,7,28,11,4
1,8,3,22,10
2,14,20,20,0
3,27,17,27,12
4,8,0,17,7
5,11,3,12,15
6,18,28,4,27
7,3,28,23,13
8,17,12,28,23
9,5,20,8,5
10,6,19,10,13
11,29,23,19,15
12,11,18,26,8
13,3,7,29,4
14,21,6,8,26
15,26,18,22,17
16,18,25,28,13
17,17,4,8,16
18,3,24,3,31
19,11,12,12,7
20,13,5,16,4
21,17,18,14,23
22,20,31,31,17
23,30,6,9,17
24,19,10,15,11
25,17,2,23,6
26,12,4,16,14
27,5,19,5,12
28,31,17,5,4
29,24,27,16,6
30,16,20,6,8
31,28,1,28,15
32,6,24,29,28
33,17,25,28,1
34,10,31,18,12
35,25,24,13,4
36,1,24,3,7
37,7,1,21,27
38,1,10,3,6
39,3,11,15,26
40,19,29,27,20
41,20,11,8,1
42,20,23,20,4
43,6,13,2,21
44,20,29,7,28
45,5,18,13,13
46,31,15,16,19
47,28,25,30,0
48,8,16,30,10
49,12,27,27,16
50,28,20,26,24
51,16,25,1,15
52,1,20,30,9
53,28,4,19,30
54,18,20,19,6
55,13,13,8,21
56,7,18,22,21
57,31,16,9,3
58,12,14,30,25
59,18,3,21,30
60,4,13,12,22
61,25,6,9,7
62,24,17,1,8
63,27,14,5,31
64,30,7,24,16
65,29,14,6,25
66,1,0,4,6
67,26,27,14,6
68,22,17,19,18
69,16,16,5,30
70,11,17,29,6
71,4,18,11,12
72,7,9,18,8
73,3,29,10,14
74,9,10,4,17
75,0,14,10,27
76,26,9,20,20
77,0,16,14,3
78,24,14,10,23
79,11,1,26,1
80,21,5,16,27
81,15,25,22,1
82,17,31,24,6
83,24,0,28,24
84,2,8,12,8
85,1,6,21,23
86,9,18,30,21
87,21,0,23,20
88,13,0,28,18
89,29,19,8,28
