2
Grid:
32,32
................................
................................
................................
................................
................................
................................
................................
................................
................................
................................
................................
................................
................................
................................
................................
................................
................................
................................
................................
................................
................................
................................
................................
................................
................................
................................
................................
................................
................................
................................
................................
................................
Agents:
82
0,20,2,24,16
1,8,30,9,5
2,24,4,10,25
3,8,15,16,6
4,15,4,23,2
5,20,23,14,6
6,3,1,6,19
7,6,11,27,27
8,18,2,6,26
9,20,5,1,26
10,28,12,12,5
11,0,13,1,18
12,17,0,9,4
13,26,26,20,15
14,30,14,29,5
15,17,24,31,29
16,16,19,21,6
17,28,14,30,1
18,2,4,4,24
19,18,25,4,2
20,7,17,19,6
21,31,0,11,14
22,28,5,25,8
23,13,17,19,15
24,30,20,27,12
25,11,17,29,25
26,19,5,30,11
27,9,7,18,4
28,1,26,4,0
29,13,23,19,18
30,9,13,28,22
31,16,0,16,23
32,19,28,31,27
33,6,16,16,27
34,5,23,31,0
35,8,13,19,12
36,16,26,11,2
37,29,10,27,8
38,13,0,23,22
39,17,11,30,21
40,19,8,2,27
41,27,9,26,20
42,3,0,27,4
43,5,10,6,24
44,9,20,15,22
45,12,7,31,20
46,23,26,26,10
47,15,25,17,20
48,1,30,16,8
49,13,31,30,24
50,30,29,24,27
51,12,6,14,17
52,12,30,16,18
53,0,24,3,14
54,7,31,6,6
55,25,1,19,28
56,9,1,19,3
57,4,1,9,27
58,17,6,31,8
59,29,18,22,5
60,23,27,12,1
61,6,17,29,21
62,11,1,14,4
63,22,22,30,31
64,11,4,22,12
65,9,15,26,16
66,18,17,12,26
67,13,22,2,20
68,28,21,2,1
69,29,5,0,7
70,31,13,28,25
71,3,10,7,1
72,26,10,12,17
73,29,21,17,11
74,22,13,1,8
75,7,26,23,4
76,0,26,16,11
77,8,2,19,10
78,22,27,23,17
79,27,11,21,27
80,7,10,2,9
81,12,3,18,29
