0
Grid:
32,32
................................
................................
................................
................................
................................
................................
................................
................................
................................
................................
................................
................................
................................
................................
................................
................................
................................
................................
................................
................................
................................
................................
................................
................................
................................
................................
................................
................................
................................
................................
................................
................................
Agents:
74
0,24,11,5,2
1,3,23,0,19
2,30,8,17,22
3,8,14,26,1
4,24,8,25,12
5,20,15,4,11
6,29,0,25,10
7,10,7,12,11
8,12,6,11,3
9,11,1,6,22
10,13,4,22,2
11,10,0,15,6
12,13,24,18,2
13,16,2,28,30
14,24,27,3,14
15,11,20,7,30
16,29,26,16,14
17,28,23,6,1
18,22,16,22,10
19,10,1,30,15
20,10,22,7,12
21,9,22,24,2
22,8,15,14,6
23,22,12,2,28
24,12,4,25,2
25,6,29,13,25
26,15,19,17,9
27,13,19,22,15
28,1,2,8,5
29,9,6,7,3
30,23,5,11,13
31,22,29,3,7
32,18,3,29,27
33,4,18,1,24
34,16,28,23,5
35,28,9,18,28
36,23,22,18,8
37,26,20,31,4
38,24,30,25,31
39,2,3,6,11
40,22,19,14,30
41,20,14,17,24
42,4,9,25,23
43,13,8,12,13
44,6,4,22,8
45,10,4,22,1
46,0,12,15,23
47,25,7,14,20
48,29,18,3,21
49,8,25,10,14
50,20,10,14,29
51,1,5,13,21
52,27,22,3,3
53,25,12,31,28
54,10,11,2,16
55,3,20,8,3
56,15,2,14,16
57,9,15,19,11
58,27,8,2,25
59,22,27,18,9
60,28,28,19,22
61,22,23,31,25
62,31,18,13,30
63,21,14,3,8
64,27,16,0,0
65,0,15,2,23
66,27,29,30,12
67,31,10,14,4
68,12,31,30,25
69,14,22,25,19
70,15,9,8,18
71,9,26,13,0
72,0,21,30,31
73,21,30,25,6
