2
Grid:
32,32
................................
................................
................................
................................
................................
................................
................................
................................
................................
................................
................................
................................
................................
................................
................................
................................
................................
................................
................................
................................
................................
................................
................................
................................
................................
................................
................................
................................
................................
................................
................................
................................
Agents:
90
0,31,0,27,19
1,16,12,1,2
2,15,4,1,16
3,20,13,31,13
4,30,14,27,7
5,14,26,27,5
6,7,18,1,6
7,27,28,6,17
8,12,17,12,5
9,22,1,24,22
10,4,9,7,20
11,18,13,30,5
12,4,11,23,25
13,29,25,31,28
14,19,18,27,24
15,21,23,15,17
16,29,24,26,29
17,26,2,27,28
18,31,22,18,9
19,24,21,7,2
20,17,30,31,20
21,7,29,20,27
22,29,2,22,6
23,25,22,4,28
24,4,13,7,25
25,2,31,30,4
26,10,20,16,8
27,29,22,16,1
28,13,3,26,27
29,8,3,0,5
30,6,27,19,24
31,26,11,17,2
32,25,23,14,3
33,28,15,12,12
34,23,25,8,12
35,28,21,14,6
36,24,0,5,4
37,15,6,11,12
38,2,21,2,1
39,15,1,10,28
40,18,7,8,10
41,20,5,29,26
42,16,22,20,9
43,12,8,28,5
44,26,4,28,3
45,21,28,23,28
46,14,20,21,10
47,15,22,29,9
48,4,27,27,3
49,3,5,10,25
50,5,9,1,19
51,30,11,20,7
52,17,12,22,29
53,6,9,30,26
54,4,23,13,24
55,19,24,3,19
56,19,6,1,23
57,17,31,4,1
58,6,20,4,24
59,27,2,26,6
60,10,19,26,4
61,20,19,25,8
62,3,0,10,2
63,6,3,4,15
64,17,25,25,29
65,1,6,28,9
66,17,10,31,8
67,27,8,12,1
68,8,8,23,9
69,20,4,7,16
70,16,3,25,15
71,3,3,1,3
72,16,29,24,9
73,2,15,21,11
74,16,16,8,1
75,0,0,24,15
76,26,18,27,2
77,21,11,1,7
78,7,16,20,30
79,5,2,22,19
80,23,11,15,22
81,21,13,21,28
82,10,9,4,11
83,23,29,10,4
84,15,17,19,1
85,3,6,31,22
86,24,30,18,1
87,1,2,27,22
88,9,16,31,5
89,6,16,14,0
