9
Grid:
32,32
................................
................................
................................
................................
................................
................................
................................
................................
................................
................................
................................
................................
................................
................................
................................
................................
................................
................................
................................
................................
................................
................................
................................
................................
................................
................................
................................
................................
................................
................................
................................
................................
Agents:
34
0,19,29,23,24
1,17,3,30,26
2,11,9,12,15
3,1,17,12,8
4,27,0,13,11
5,3,18,30,10
6,31,2,20,4
7,27,20,22,0
8,2,10,14,3
9,5,5,30,6
10,19,20,17,6
11,7,7,5,16
12,19,12,20,2
13,14,11,23,18
14,30,1,17,1
15,31,14,28,0
16,10,0,11,30
17,16,27,16,25
18,7,13,3,3
19,20,1,2,14
20,23,6,28,11
21,3,4,25,26
22,12,20,2,1
23,13,31,7,1
24,3,25,30,17
25,20,12,7,11
26,25,9,2,6
27,18,31,0,25
28,21,10,21,11
29,15,30,7,14
30,27,21,6,11
31,19,25,28,14
32,1,20,1,22
33,7,30,14,17
