3
Grid:
32,32
................................
................................
................................
................................
................................
................................
................................
................................
................................
................................
................................
................................
................................
................................
................................
................................
................................
................................
................................
................................
................................
................................
................................
................................
................................
................................
................................
................................
................................
................................
................................
................................
Agents:
46
0,4,30,22,21
1,18,28,8,24
2,13,24,30,30
3,10,30,5,2
4,13,14,13,1
5,15,4,2,20
6,22,26,2,11
7,21,26,1,26
8,10,22,17,15
9,5,30,21,9
10,14,26,25,19
11,24,28,21,13
12,14,16,8,31
13,28,31,15,20
14,6,7,7,20
15,20,3,20,22
16,3,9,10,15
17,4,14,23,14
18,6,28,20,7
19,4,15,10,5
20,19,0,30,23
21,9,3,7,29
22,30,2,2,22
23,14,0,3,3
24,1,12,13,23
25,2,16,3,2
26,22,10,25,2
27,10,9,17,17
28,5,22,17,18
29,13,29,29,2
30,27,11,17,13
31,23,6,17,28
32,25,11,21,4
33,0,13,13,16
34,22,6,13,12
35,20,14,27,30
36,18,22,2,31
37,11,13,6,8
38,16,21,7,5
39,30,12,11,19
40,2,28,19,0
41,29,26,27,24
42,4,3,16,27
43,13,25,22,26
44,30,26,27,31
45,8,15,12,10
