0
Grid:
32,32
................................
................................
................................
................................
................................
................................
................................
................................
................................
................................
................................
................................
................................
................................
................................
................................
................................
................................
................................
................................
................................
................................
................................
................................
................................
................................
................................
................................
................................
................................
................................
................................
Agents:
90
0,7,10,1,15
1,9,28,2,1
2,5,12,11,26
3,30,22,12,19
4,3,12,22,17
5,12,15,5,0
6,5,19,4,0
7,3,4,4,3
8,12,5,26,7
9,27,16,22,28
10,8,28,17,2
11,1,14,25,4
12,19,5,31,19
13,27,19,12,4
14,30,26,31,27
15,14,19,19,11
16,3,22,21,21
17,23,13,17,27
18,8,12,2,4
19,7,20,24,2
20,6,10,10,22
21,18,30,24,10
22,29,18,13,23
23,10,10,2,3
24,9,3,4,13
25,16,25,22,31
26,10,21,16,7
27,10,11,20,23
28,8,26,10,4
29,8,31,25,9
30,17,11,7,6
31,24,9,11,10
32,29,24,30,7
33,28,21,19,13
34,28,0,2,9
35,30,7,14,12
36,10,29,27,11
37,10,3,7,13
38,17,1,19,21
39,26,17,6,0
40,9,26,14,14
41,10,20,3,20
42,9,13,20,2
43,12,12,2,15
44,4,13,30,0
45,3,7,7,30
46,3,27,29,15
47,18,8,5,27
48,0,4,5,11
49,6,27,5,22
50,7,15,22,29
51,27,2,14,11
52,11,12,11,14
53,1,4,17,22
54,9,7,10,0
55,4,0,28,10
56,1,30,2,6
57,31,9,14,22
58,15,30,22,19
59,3,15,16,8
60,17,14,11,7
61,28,22,1,17
62,4,15,4,23
63,11,1,4,4
64,26,30,28,18
65,2,22,8,27
66,18,26,25,16
67,24,7,2,21
68,2,31,13,25
69,11,0,5,24
70,3,28,27,2
71,2,3,2,23
72,25,20,11,28
73,8,23,19,2
74,21,7,0,8
75,24,30,16,20
76,2,24,29,25
77,19,4,10,29
78,29,28,6,6
79,1,31,27,24
80,1,29,19,29
81,12,6,0,18
82,29,10,12,9
83,11,5,4,14
84,16,7,27,7
85,28,3,11,17
86,3,17,10,18
87,10,0,26,10
88,20,1,5,3
89,21,23,19,5
