1
Grid:
32,32
................................
................................
................................
................................
................................
................................
................................
................................
................................
................................
................................
................................
................................
................................
................................
................................
................................
................................
................................
................................
................................
................................
................................
................................
................................
................................
................................
................................
................................
................................
................................
................................
Agents:
50
0,4,3,14,9
1,18,2,25,0
2,3,24,3,4
3,26,17,25,3
4,29,26,8,14
5,2,3,11,19
6,12,16,19,5
7,14,2,7,6
8,27,2,16,10
9,26,8,26,18
10,22,21,15,30
11,30,25,10,29
12,5,11,2,30
13,9,29,26,10
14,6,21,17,1
15,30,8,30,26
16,7,30,31,15
17,16,30,9,18
18,23,17,13,31
19,5,28,11,1
20,21,24,25,29
21,21,10,0,23
22,24,18,27,20
23,0,1,6,16
24,7,10,10,2
25,4,30,30,2
26,0,16,17,2
27,3,15,29,18
28,4,25,23,12
29,29,24,25,27
30,14,29,10,4
31,11,8,22,2
32,27,25,3,29
33,28,14,30,16
34,11,9,17,5
35,28,29,10,11
36,18,30,31,12
37,31,20,19,21
38,0,19,5,29
39,10,7,20,28
40,22,27,11,25
41,17,31,23,11
42,8,23,23,23
43,26,1,8,6
44,25,29,3,21
45,20,12,30,10
46,13,24,29,23
47,12,13,24,28
48,14,30,11,30
49,22,18,14,30
