5
Grid:
32,32
................................
................................
................................
................................
................................
................................
................................
................................
................................
................................
................................
................................
................................
................................
................................
................................
................................
................................
................................
................................
................................
................................
................................
................................
................................
................................
................................
................................
................................
................................
................................
................................
Agents:
38
0,28,4,14,16
1,9,23,28,3
2,25,25,13,16
3,2,10,27,27
4,7,12,21,12
5,0,19,0,11
6,14,2,6,21
7,11,16,7,8
8,0,10,15,18
9,31,0,30,23
10,31,22,12,7
11,8,8,6,3
12,21,16,23,28
13,13,11,31,25
14,31,14,5,20
15,21,29,31,30
16,3,23,19,25
17,28,5,14,26
18,1,15,23,14
19,30,14,7,26
20,19,19,8,19
21,17,15,26,20
22,1,5,28,22
23,20,12,25,25
24,18,20,23,15
25,5,30,4,22
26,25,5,23,24
27,27,1,8,21
28,2,9,22,26
29,12,23,11,0
30,10,25,6,29
31,23,3,31,28
32,16,23,19,6
33,6,6,20,21
34,15,16,7,20
35,5,25,23,13
36,7,15,1,1
37,28,0,23,5
