7
Grid:
32,32
................................
................................
................................
................................
................................
................................
................................
................................
................................
................................
................................
................................
................................
................................
................................
................................
................................
................................
................................
................................
................................
................................
................................
................................
................................
................................
................................
................................
................................
................................
................................
................................
Agents:
74
0,23,4,13,28
1,2,23,31,27
2,31,27,10,27
3,3,7,26,8
4,28,25,18,18
5,31,17,2,4
6,15,31,11,23
7,7,25,8,10
8,22,22,19,7
9,1,9,22,31
10,6,0,16,2
11,12,10,24,17
12,20,9,13,25
13,28,1,10,17
14,3,14,29,11
15,14,19,3,26
16,4,25,7,2
17,25,29,6,6
18,2,24,17,26
19,4,31,1,4
20,29,0,21,20
21,28,0,2,25
22,7,31,24,12
23,5,9,10,14
24,6,4,5,16
25,4,29,24,28
26,22,14,15,12
27,17,22,23,21
28,24,24,18,30
29,2,22,27,6
30,31,1,21,26
31,4,14,23,22
32,10,11,8,9
33,13,21,7,28
34,23,30,3,0
35,17,2,3,8
36,12,5,8,12
37,4,11,13,1
38,2,21,17,24
39,3,19,9,12
40,26,31,23,11
41,9,17,6,2
42,28,21,2,10
43,8,2,4,9
44,0,27,16,21
45,28,14,29,14
46,21,28,16,1
47,17,16,26,26
48,3,29,26,19
49,13,6,29,20
50,11,20,14,11
51,2,11,7,15
52,17,12,7,18
53,21,13,11,7
54,18,12,10,25
55,7,5,29,1
56,14,24,7,1
57,13,2,28,19
58,4,13,16,15
59,7,2,8,4
60,2,17,6,21
61,9,22,12,20
62,22,6,26,2
63,15,29,23,18
64,17,3,30,21
65,5,8,26,31
66,19,29,6,3
67,16,24,9,0
68,27,20,11,14
69,19,23,30,13
70,9,28,28,24
71,13,25,14,10
72,3,0,31,20
73,25,0,17,27
