0
Grid:
32,32
................................
................................
................................
................................
................................
................................
................................
................................
................................
................................
................................
................................
................................
................................
................................
................................
................................
................................
................................
................................
................................
................................
................................
................................
................................
................................
................................
................................
................................
................................
................................
................................
Agents:
44
0,29,21,21,11
1,27,31,5,20
2,26,17,2,20
3,0,4,7,28
4,3,8,27,23
5,17,30,17,18
6,18,27,26,3
7,15,5,31,7
8,9,7,4,4
9,27,12,21,27
10,18,23,28,20
11,1,3,7,11
12,12,14,10,10
13,31,27,12,22
14,30,11,13,9
15,13,24,25,8
16,23,1,23,14
17,5,22,7,4
18,25,7,23,22
19,13,19,17,24
20,25,26,25,4
21,20,8,25,31
22,22,0,9,27
23,0,29,3,1
24,21,16,18,27
25,7,22,8,6
26,3,30,14,11
27,3,6,1,6
28,19,24,29,6
29,18,11,6,4
30,18,5,27,19
31,6,23,20,26
32,26,25,1,14
33,6,17,25,23
34,21,24,30,11
35,12,1,21,20
36,25,8,27,9
37,2,25,16,13
38,13,12,18,12
39,14,1,24,21
40,6,13,11,19
41,4,23,25,17
42,21,25,10,4
43,29,31,30,19
