4
Grid:
32,32
................................
................................
................................
................................
................................
................................
................................
................................
................................
................................
................................
................................
................................
................................
................................
................................
................................
................................
................................
................................
................................
................................
................................
................................
................................
................................
................................
................................
................................
................................
................................
................................
Agents:
64
0,3,17,11,28
1,7,20,22,27
2,2,16,29,19
3,30,21,19,30
4,21,30,22,6
5,20,19,7,22
6,2,30,16,21
7,5,8,30,2
8,20,14,29,0
9,23,24,21,12
10,23,3,3,14
11,17,19,29,24
12,14,27,30,1
13,8,29,13,2
14,4,1,30,5
15,26,11,24,0
16,16,28,23,30
17,19,2,16,27
18,31,8,14,19
19,22,25,6,16
20,19,5,23,7
21,27,12,13,11
22,14,15,14,5
23,24,20,16,10
24,17,10,18,7
25,18,7,23,4
26,6,1,13,19
27,8,31,13,24
28,0,20,11,30
29,5,6,26,5
30,7,1,14,30
31,17,20,8,22
32,4,8,18,20
33,2,6,18,2
34,10,2,3,20
35,8,12,18,16
36,23,30,21,23
37,5,18,28,6
38,7,4,8,21
39,5,31,9,23
40,3,20,1,12
41,12,25,16,13
42,15,19,4,19
43,4,14,14,20
44,19,20,14,18
45,2,11,30,6
46,3,16,31,23
47,17,18,18,19
48,19,7,5,3
49,8,5,4,1
50,12,18,18,27
51,10,14,29,31
52,2,5,5,21
53,15,8,7,9
54,28,22,2,1
55,23,27,26,24
56,14,5,18,5
57,2,19,14,10
58,21,23,18,28
59,4,16,12,4
60,4,19,0,25
61,18,22,15,24
62,31,29,5,10
63,9,7,22,19
