9
Grid:
32,32
................................
................................
................................
................................
................................
................................
................................
................................
................................
................................
................................
................................
................................
................................
................................
................................
................................
................................
................................
................................
................................
................................
................................
................................
................................
................................
................................
................................
................................
................................
................................
................................
Agents:
44
0,27,8,15,8
1,27,4,15,26
2,27,20,17,19
3,19,22,24,31
4,20,28,0,25
5,28,12,27,3
6,21,23,15,31
7,11,3,14,26
8,12,21,8,18
9,28,6,15,30
10,11,21,3,31
11,9,12,3,17
12,17,14,0,10
13,2,28,2,23
14,3,4,14,9
15,29,18,21,13
16,0,13,0,3
17,4,9,28,24
18,3,14,20,10
19,5,15,2,19
20,26,3,22,11
21,6,23,25,11
22,4,4,27,23
23,31,1,23,18
24,10,6,22,30
25,15,9,4,23
26,31,15,24,13
27,19,12,26,23
28,18,22,31,27
29,18,16,8,8
30,30,9,2,25
31,11,7,4,0
32,19,1,16,2
33,31,29,23,26
34,15,13,1,18
35,11,8,16,20
36,14,18,25,8
37,8,13,20,1
38,15,0,12,21
39,18,28,3,8
40,0,14,23,22
41,2,22,10,6
42,16,29,0,27
43,10,20,19,3
