6
Grid:
32,32
................................
................................
................................
................................
................................
................................
................................
................................
................................
................................
................................
................................
................................
................................
................................
................................
................................
................................
................................
................................
................................
................................
................................
................................
................................
................................
................................
................................
................................
................................
................................
................................
Agents:
114
0,15,17,7,25
1,29,22,20,17
2,21,11,6,23
3,9,8,25,25
4,6,24,10,14
5,30,12,26,6
6,7,18,27,1
7,8,20,18,20
8,15,10,28,12
9,21,1,5,7
10,26,13,8,24
11,26,2,1,20
12,15,19,10,2
13,8,11,3,19
14,10,9,22,24
15,24,23,3,22
16,4,14,4,12
17,12,13,30,30
18,19,12,15,9
19,17,7,21,15
20,28,24,24,13
21,25,23,27,24
22,21,4,0,15
23,15,26,11,29
24,15,20,1,8
25,6,19,9,17
26,25,18,22,16
27,20,1,9,29
28,22,26,12,3
29,6,2,10,18
30,3,30,13,18
31,29,29,17,2
32,31,6,29,8
33,8,24,1,9
34,6,27,30,25
35,1,3,24,4
36,24,13,8,18
37,4,2,17,24
38,20,3,6,8
39,13,10,16,2
40,3,13,6,26
41,28,21,3,0
42,2,5,20,31
43,29,17,8,27
44,26,10,4,7
45,22,25,4,13
46,6,15,19,28
47,4,30,8,28
48,26,28,15,16
49,23,14,2,18
50,28,22,25,27
51,20,19,30,23
52,19,3,22,3
53,26,12,18,18
54,14,17,23,1
55,12,19,4,30
56,13,27,26,2
57,30,21,27,28
58,2,7,10,10
59,26,25,13,12
60,9,22,4,29
61,30,27,6,22
62,5,8,19,19
63,28,8,6,13
64,9,5,2,7
65,7,24,24,21
66,11,31,30,31
67,14,12,23,7
68,25,8,2,22
69,2,31,15,4
70,10,17,15,2
71,3,8,28,27
72,29,2,9,8
73,11,10,26,13
74,17,15,12,15
75,28,18,27,19
76,1,29,22,0
77,4,6,15,5
78,24,25,23,28
79,14,11,6,15
80,6,18,2,19
81,2,9,17,29
82,10,20,24,20
83,8,13,30,1
84,13,18,6,6
85,28,26,18,19
86,5,26,22,11
87,14,23,14,17
88,18,22,14,30
89,29,3,0,19
90,23,25,24,3
91,9,20,23,10
92,22,13,5,24
93,26,7,26,5
94,20,31,12,13
95,25,22,16,19
96,25,24,30,20
97,15,25,10,1
98,29,9,22,27
99,25,30,17,10
100,28,31,22,19
101,19,2,16,29
102,13,7,8,6
103,14,13,11,11
104,19,1,4,4
105,27,11,20,23
106,27,8,28,22
107,0,21,21,11
108,29,27,4,28
109,19,6,19,5
110,29,28,2,4
111,0,15,31,19
112,1,22,21,13
113,8,25,10,23
