8
Grid:
32,32
................................
................................
................................
................................
................................
................................
................................
................................
................................
................................
................................
................................
................................
................................
................................
................................
................................
................................
................................
................................
................................
................................
................................
................................
................................
................................
................................
................................
................................
................................
................................
................................
Agents:
118
0,11,9,17,9
1,14,11,30,24
2,22,4,14,11
3,30,10,5,19
4,4,15,12,1
5,23,7,28,9
6,30,8,2,21
7,17,22,27,30
8,13,23,3,4
9,2,14,0,14
10,20,24,0,26
11,16,25,18,13
12,17,30,27,18
13,4,30,16,18
14,8,18,2,15
15,29,19,24,25
16,20,22,8,17
17,3,13,11,25
18,26,16,18,23
19,20,18,7,28
20,6,27,10,10
21,27,12,7,30
22,14,18,11,20
23,30,31,18,28
24,8,19,16,23
25,18,22,17,14
26,20,6,5,16
27,19,18,23,2
28,25,21,28,1
29,25,23,14,10
30,31,31,26,19
31,2,18,4,8
32,18,3,14,24
33,18,8,23,12
34,5,4,20,0
35,27,28,29,11
36,3,16,2,0
37,8,24,29,4
38,29,3,14,17
39,10,31,10,29
40,0,5,28,13
41,21,20,26,31
42,31,6,18,18
43,31,14,24,11
44,20,5,13,17
45,22,28,2,12
46,18,6,26,14
47,25,8,13,19
48,26,10,15,8
49,31,22,12,24
50,25,4,20,9
51,23,22,13,5
52,18,4,10,18
53,29,26,29,19
54,21,21,8,24
55,10,26,20,15
56,22,25,13,2
57,10,13,26,8
58,18,11,25,5
59,4,3,26,20
60,5,20,16,1
61,16,22,17,22
62,5,6,24,8
63,29,2,2,25
64,30,20,6,22
65,9,0,6,1
66,31,10,15,24
67,11,17,30,5
68,29,9,18,7
69,20,27,24,18
70,16,8,1,3
71,27,30,10,11
72,6,24,12,2
73,21,14,20,11
74,16,5,13,21
75,19,0,28,6
76,17,12,16,20
77,27,1,28,8
78,26,12,10,19
79,14,25,17,12
80,15,9,4,12
81,23,9,21,31
82,19,28,26,2
83,25,18,29,12
84,26,8,26,21
85,6,18,13,8
86,30,26,18,21
87,26,3,29,10
88,25,6,15,3
89,29,28,26,24
90,24,8,31,18
91,20,21,15,16
92,13,26,17,26
93,18,17,17,24
94,1,25,7,7
95,10,2,23,15
96,29,12,10,28
97,23,28,22,12
98,8,20,4,21
99,12,1,18,8
100,5,8,9,4
101,11,1,13,0
102,20,9,24,23
103,2,17,3,8
104,15,22,5,24
105,18,7,31,17
106,28,18,7,3
107,17,15,30,16
108,20,30,25,27
109,15,30,26,15
110,31,9,25,23
111,6,6,0,3
112,26,4,17,10
113,3,29,16,19
114,27,5,8,6
115,25,27,4,2
116,23,16,26,0
117,28,19,4,26
