1
Grid:
32,32
................................
................................
................................
................................
................................
................................
................................
................................
................................
................................
................................
................................
................................
................................
................................
................................
................................
................................
................................
................................
................................
................................
................................
................................
................................
................................
................................
................................
................................
................................
................................
................................
Agents:
58
0,3,13,20,2
1,21,23,3,30
2,0,21,0,28
3,30,18,2,29
4,16,7,1,31
5,9,12,6,2
6,1,30,28,23
7,12,30,28,21
8,7,1,22,19
9,29,22,31,4
10,26,16,13,23
11,31,26,4,2
12,9,31,9,27
13,3,4,9,16
14,23,25,18,26
15,12,19,28,25
16,18,18,22,1
17,29,5,0,17
18,18,24,14,14
19,13,13,12,13
20,8,28,12,2
21,13,24,10,9
22,22,30,8,25
23,14,30,6,5
24,14,19,25,21
25,22,11,14,13
26,29,27,11,2
27,31,19,30,5
28,13,26,20,10
29,13,1,15,30
30,17,25,18,27
31,27,22,10,13
32,27,21,23,18
33,25,14,2,26
34,1,6,30,15
35,12,14,23,28
36,19,15,27,5
37,14,29,7,15
38,2,7,27,3
39,4,10,11,6
40,16,5,19,15
41,22,4,26,23
42,2,0,3,23
43,21,22,17,11
44,19,9,5,17
45,23,24,30,19
46,10,12,4,30
47,27,14,1,0
48,1,23,16,21
49,28,1,0,13
50,4,0,12,21
51,29,7,13,16
52,6,8,25,24
53,24,14,11,30
54,13,2,24,22
55,22,3,25,3
56,16,12,27,10
57,2,22,16,29
