2
Grid:
32,32
................................
................................
................................
................................
................................
................................
................................
................................
................................
................................
................................
................................
................................
................................
................................
................................
................................
................................
................................
................................
................................
................................
................................
................................
................................
................................
................................
................................
................................
................................
................................
................................
Agents:
54
0,25,23,8,25
1,16,21,7,14
2,26,10,13,30
3,15,1,16,25
4,24,15,26,18
5,17,16,8,11
6,8,31,21,27
7,11,16,10,13
8,17,21,25,27
9,9,3,10,23
10,23,4,18,18
11,0,2,28,17
12,24,6,30,9
13,12,10,20,12
14,9,8,28,23
15,24,18,15,19
16,20,20,27,7
17,11,14,24,13
18,29,15,16,30
19,21,1,14,18
20,5,31,31,19
21,13,28,25,21
22,20,0,6,10
23,2,11,17,17
24,15,15,3,29
25,26,22,27,30
26,27,31,14,21
27,7,20,23,24
28,23,13,31,5
29,28,19,7,9
30,30,4,20,1
31,23,15,21,25
32,22,31,1,23
33,28,20,21,3
34,19,29,25,25
35,18,1,5,22
36,31,8,26,12
37,29,23,28,22
38,22,4,6,11
39,14,24,25,9
40,4,0,22,24
41,26,26,12,27
42,14,1,8,26
43,22,20,8,9
44,12,22,25,13
45,19,1,19,17
46,2,1,0,16
47,7,30,22,8
48,5,20,16,8
49,4,13,21,30
50,28,25,17,21
51,23,19,18,21
52,1,15,16,14
53,30,19,28,26
