2
Grid:
32,32
................................
................................
................................
................................
................................
................................
................................
................................
................................
................................
................................
................................
................................
................................
................................
................................
................................
................................
................................
................................
................................
................................
................................
................................
................................
................................
................................
................................
................................
................................
................................
................................
Agents:
118
0,18,23,3,13
1,6,5,19,5
2,15,9,11,25
3,15,30,20,24
4,5,23,6,30
5,28,9,17,24
6,20,19,14,12
7,22,26,6,0
8,4,18,0,14
9,18,9,5,13
10,23,6,0,16
11,12,20,3,21
12,24,18,6,6
13,26,16,3,23
14,13,31,11,31
15,20,2,29,16
16,6,13,0,13
17,15,13,11,19
18,19,7,10,24
19,20,18,4,19
20,24,16,13,16
21,11,11,14,16
22,15,21,7,21
23,5,4,27,12
24,12,25,19,14
25,23,10,18,0
26,17,12,1,22
27,10,17,20,3
28,13,28,19,22
29,16,6,12,3
30,3,26,31,3
31,2,7,12,31
32,4,9,29,10
33,6,28,16,28
34,12,12,10,15
35,20,5,5,20
36,9,12,23,14
37,3,4,31,24
38,11,9,11,27
39,19,26,14,14
40,11,27,15,19
41,27,2,5,29
42,2,2,17,28
43,26,9,9,11
44,22,21,31,18
45,1,18,16,1
46,13,16,31,12
47,9,7,12,5
48,17,27,22,16
49,29,15,29,20
50,13,10,4,22
51,22,12,2,12
52,31,14,12,14
53,8,0,14,23
54,25,10,18,2
55,19,6,20,28
56,19,8,11,2
57,15,7,18,11
58,11,1,23,17
59,6,4,24,26
60,22,30,1,8
61,14,24,1,19
62,3,27,18,9
63,19,15,3,6
64,11,4,5,9
65,12,0,17,16
66,4,15,8,12
67,3,20,19,18
68,25,25,9,23
69,16,12,30,13
70,2,26,25,14
71,31,4,0,6
72,0,2,13,19
73,27,16,15,7
74,20,25,8,22
75,12,11,2,3
76,19,24,25,20
77,8,4,28,25
78,31,15,19,23
79,29,29,16,8
80,22,3,10,25
81,27,15,31,28
82,28,14,25,2
83,2,28,26,8
84,29,18,7,5
85,10,9,3,26
86,18,10,26,24
87,27,9,21,23
88,27,10,31,30
89,23,1,29,11
90,31,3,7,16
91,27,18,27,11
92,13,12,21,26
93,6,31,23,1
94,20,10,0,22
95,21,30,2,24
96,31,16,24,10
97,8,18,14,20
98,31,31,29,2
99,18,1,9,26
100,14,2,25,8
101,25,9,5,10
102,28,31,6,14
103,9,21,15,20
104,23,28,12,15
105,30,19,21,0
106,8,8,27,15
107,23,26,15,26
108,1,22,27,29
109,29,0,2,22
110,21,28,30,8
111,9,11,7,20
112,1,5,18,28
113,1,31,20,30
114,17,25,2,30
115,4,20,20,2
116,22,31,25,27
117,18,31,12,29
