1
Grid:
32,32
................................
................................
................................
................................
................................
................................
................................
................................
................................
................................
................................
................................
................................
................................
................................
................................
................................
................................
................................
................................
................................
................................
................................
................................
................................
................................
................................
................................
................................
................................
................................
................................
Agents:
38
0,26,0,27,9
1,24,15,5,2
2,2,28,1,21
3,12,4,13,14
4,28,20,5,11
5,3,21,17,29
6,27,3,28,13
7,11,4,17,5
8,29,18,31,23
9,8,24,2,24
10,15,12,5,5
11,2,11,21,14
12,23,13,31,7
13,10,27,1,3
14,17,28,25,15
15,20,13,12,31
16,18,17,30,10
17,15,22,26,24
18,5,15,25,31
19,9,29,1,28
20,29,11,29,16
21,13,25,11,17
22,17,24,13,15
23,17,6,15,27
24,24,18,10,21
25,17,0,8,2
26,14,5,29,3
27,9,14,6,4
28,30,13,4,14
29,24,20,27,11
30,19,31,7,26
31,31,22,19,28
32,2,10,30,16
33,19,21,31,6
34,31,13,6,12
35,8,10,8,19
36,27,4,8,8
37,31,8,2,23
