4
Grid:
32,32
................................
................................
................................
................................
................................
................................
................................
................................
................................
................................
................................
................................
................................
................................
................................
................................
................................
................................
................................
................................
................................
................................
................................
................................
................................
................................
................................
................................
................................
................................
................................
................................
Agents:
36
0,17,30,0,17
1,26,25,15,5
2,7,22,18,7
3,12,12,20,8
4,3,28,18,21
5,4,15,27,30
6,6,24,18,12
7,10,14,2,16
8,24,27,30,24
9,18,30,6,22
10,2,0,20,15
11,31,28,4,3
12,17,21,20,25
13,5,12,10,19
14,30,4,5,28
15,9,25,19,23
16,16,29,27,13
17,10,6,23,11
18,30,12,17,18
19,27,11,27,2
20,9,5,27,19
21,16,1,9,2
22,13,6,7,3
23,25,12,11,9
24,20,15,1,14
25,1,9,16,20
26,25,17,1,2
27,30,30,23,18
28,8,18,26,27
29,16,31,21,19
30,13,31,26,0
31,19,10,12,24
32,30,8,11,28
33,13,3,4,12
34,15,12,2,0
35,0,6,26,18
