8
Grid:
32,32
................................
................................
................................
................................
................................
................................
................................
................................
................................
................................
................................
................................
................................
................................
................................
................................
................................
................................
................................
................................
................................
................................
................................
................................
................................
................................
................................
................................
................................
................................
................................
................................
Agents:
44
0,23,2,25,1
1,12,10,15,4
2,23,1,2,16
3,7,12,18,23
4,19,25,24,1
5,31,9,22,16
6,16,14,6,5
7,10,15,0,21
8,17,20,26,12
9,6,8,18,25
10,7,15,14,3
11,1,11,9,28
12,8,21,5,18
13,16,20,2,28
14,31,7,23,22
15,22,17,3,25
16,0,5,23,25
17,19,3,25,20
18,11,4,10,3
19,7,4,25,9
20,0,10,17,29
21,22,11,28,24
22,12,14,9,22
23,9,21,16,20
24,11,29,20,3
25,2,22,20,8
26,29,25,4,14
27,25,8,17,21
28,0,1,17,15
29,2,2,23,19
30,17,19,17,9
31,13,12,20,7
32,2,13,3,16
33,9,11,26,17
34,26,6,28,28
35,4,12,11,31
36,12,2,5,28
37,8,28,10,25
38,24,21,22,18
39,30,26,15,16
40,11,26,18,30
41,8,1,27,13
42,4,0,14,7
43,20,6,15,31
