3
Grid:
32,32
................................
................................
................................
................................
................................
................................
................................
................................
................................
................................
................................
................................
................................
................................
................................
................................
................................
................................
................................
................................
................................
................................
................................
................................
................................
................................
................................
................................
................................
................................
................................
................................
Agents:
120
0,16,25,10,24
1,0,2,26,10
2,12,28,27,22
3,20,23,3,23
4,2,31,13,29
5,12,23,28,8
6,7,5,5,18
7,2,15,6,12
8,26,15,15,12
9,31,20,23,25
10,1,20,26,8
11,17,4,25,31
12,8,30,8,17
13,4,27,15,9
14,25,4,14,20
15,18,8,19,13
16,5,18,0,11
17,11,23,11,17
18,10,0,1,14
19,25,24,10,9
20,10,28,8,23
21,26,18,24,13
22,14,3,26,22
23,6,6,29,14
24,16,29,25,15
25,25,28,2,25
26,14,20,12,24
27,28,27,11,3
28,7,27,22,18
29,26,14,26,0
30,24,24,10,16
31,29,30,26,11
32,13,3,19,20
33,18,21,7,15
34,26,10,20,3
35,5,26,14,14
36,22,6,2,4
37,10,5,10,13
38,25,30,15,13
39,21,5,17,21
40,24,29,14,15
41,10,22,25,10
42,26,16,3,17
43,21,16,5,3
44,16,14,9,14
45,6,11,30,10
46,31,17,23,17
47,30,28,19,21
48,5,11,17,2
49,16,16,14,6
50,12,6,31,9
51,24,31,4,30
52,5,7,31,0
53,9,23,1,1
54,1,9,9,3
55,6,20,19,24
56,21,26,16,0
57,14,1,19,0
58,9,1,28,30
59,31,9,15,25
60,26,22,19,14
61,19,11,4,27
62,6,25,11,20
63,6,29,27,27
64,25,10,1,26
65,20,7,17,25
66,3,11,24,4
67,16,18,10,30
68,6,30,16,22
69,14,7,5,29
70,8,17,9,18
71,2,29,2,20
72,8,13,4,19
73,1,15,11,22
74,17,2,5,8
75,11,2,11,6
76,11,26,2,10
77,0,16,19,26
78,16,3,12,12
79,15,28,14,1
80,0,14,18,28
81,9,9,2,27
82,29,8,19,22
83,6,23,20,0
84,26,1,24,17
85,27,19,17,9
86,14,2,23,5
87,21,1,13,20
88,22,8,3,0
89,21,11,8,25
90,8,4,13,25
91,22,15,2,7
92,25,1,14,9
93,0,21,27,24
94,17,22,1,5
95,13,10,23,12
96,23,12,11,10
97,17,7,23,4
98,27,25,5,17
99,31,31,22,19
100,7,10,8,13
101,20,16,3,11
102,7,23,21,20
103,19,9,31,14
104,4,31,10,19
105,25,8,7,17
106,19,27,7,7
107,24,25,29,29
108,16,28,11,28
109,8,16,11,8
110,5,3,28,24
111,19,16,31,7
112,27,2,1,22
113,17,14,20,10
114,5,29,21,17
115,9,21,6,17
116,4,30,1,20
117,15,5,5,11
118,8,1,8,0
119,13,22,22,16
