5
Grid:
32,32
................................
................................
................................
................................
................................
................................
................................
................................
................................
................................
................................
................................
................................
................................
................................
................................
................................
................................
................................
................................
................................
................................
................................
................................
................................
................................
................................
................................
................................
................................
................................
................................
Agents:
68
0,26,20,21,29
1,12,9,26,12
2,1,25,15,26
3,16,25,29,27
4,16,6,10,23
5,24,31,6,10
6,20,6,25,27
7,16,30,8,5
8,20,2,26,15
9,11,16,1,12
10,31,9,24,16
11,7,4,24,3
12,29,28,17,8
13,28,2,15,3
14,22,23,28,7
15,22,12,0,27
16,29,6,29,6
17,8,0,28,12
18,4,25,23,20
19,5,30,8,24
20,9,10,29,0
21,7,9,20,11
22,23,2,18,26
23,12,10,31,1
24,9,16,25,16
25,19,4,1,19
26,6,17,29,28
27,13,8,26,23
28,12,5,19,25
29,28,14,21,27
30,1,17,13,20
31,16,1,2,21
32,9,8,31,0
33,8,9,24,23
34,22,19,13,0
35,29,18,2,9
36,10,1,26,30
37,31,28,15,0
38,28,19,18,27
39,21,13,22,25
40,21,6,14,26
41,3,18,12,31
42,5,12,6,0
43,25,31,17,11
44,20,31,8,3
45,28,23,25,24
46,26,6,6,17
47,0,14,25,18
48,26,3,11,23
49,20,21,13,3
50,18,0,18,5
51,26,5,7,13
52,18,16,8,17
53,12,24,2,20
54,0,3,28,21
55,24,20,18,29
56,27,10,9,17
57,29,22,5,7
58,3,28,10,26
59,15,22,4,17
60,31,29,22,24
61,4,7,3,30
62,1,21,2,6
63,19,21,5,18
64,31,18,19,12
65,24,0,10,19
66,19,3,1,1
67,25,9,26,19
