0
Grid:
32,32
................................
................................
................................
................................
................................
................................
................................
................................
................................
................................
................................
................................
................................
................................
................................
................................
................................
................................
................................
................................
................................
................................
................................
................................
................................
................................
................................
................................
................................
................................
................................
................................
Agents:
26
0,28,19,13,21
1,2,4,30,28
2,21,8,31,20
3,10,12,24,1
4,15,6,24,22
5,26,22,9,10
6,13,2,29,4
7,29,1,0,21
8,31,14,13,23
9,4,29,26,16
10,21,5,31,31
11,11,22,16,24
12,17,13,19,8
13,7,21,24,3
14,20,2,15,11
15,31,2,10,3
16,10,4,28,20
17,12,6,31,4
18,22,15,12,11
19,17,25,19,16
20,11,15,1,18
21,31,0,12,22
22,28,6,28,30
23,31,1,7,7
24,12,0,8,12
25,22,13,19,20
