7
Grid:
32,32
................................
................................
................................
................................
................................
................................
................................
................................
................................
................................
................................
................................
................................
................................
................................
................................
................................
................................
................................
................................
................................
................................
................................
................................
................................
................................
................................
................................
................................
................................
................................
................................
Agents:
58
0,6,8,12,7
1,23,17,17,5
2,20,28,17,8
3,22,20,29,30
4,5,7,11,3
5,12,5,4,7
6,9,0,2,16
7,14,29,4,5
8,8,19,28,1
9,17,7,31,17
10,26,19,8,4
11,19,12,14,1
12,21,8,10,5
13,28,3,23,29
14,7,3,25,30
15,4,19,1,20
16,20,16,25,7
17,27,7,14,31
18,20,4,16,28
19,21,14,11,14
20,0,19,5,3
21,13,12,15,30
22,12,0,5,16
23,5,6,3,24
24,14,25,26,20
25,30,29,19,24
26,19,28,12,28
27,24,18,5,29
28,20,11,6,4
29,27,12,7,28
30,31,18,18,4
31,12,2,5,13
32,3,24,20,30
33,16,24,3,31
34,4,6,31,20
35,9,3,11,10
36,30,3,28,27
37,7,6,29,20
38,6,6,19,30
39,0,21,26,25
40,2,22,4,18
41,21,13,30,14
42,0,24,20,24
43,24,8,28,20
44,18,8,23,10
45,8,9,8,13
46,14,13,3,23
47,6,11,10,12
48,9,19,29,0
49,15,13,17,13
50,1,7,13,26
51,16,26,28,24
52,31,16,27,13
53,21,17,16,21
54,12,14,26,23
55,10,6,30,19
56,9,9,23,9
57,29,31,15,5
