7
Grid:
32,32
................................
................................
................................
................................
................................
................................
................................
................................
................................
................................
................................
................................
................................
................................
................................
................................
................................
................................
................................
................................
................................
................................
................................
................................
................................
................................
................................
................................
................................
................................
................................
................................
Agents:
80
0,8,12,8,23
1,3,20,25,7
2,9,15,19,22
3,7,23,4,11
4,6,0,15,27
5,4,22,13,25
6,26,29,12,22
7,0,25,9,9
8,9,14,14,22
9,22,12,9,30
10,28,17,14,15
11,22,30,28,9
12,1,3,20,24
13,2,22,16,11
14,23,31,27,27
15,24,24,23,12
16,12,24,0,28
17,5,0,29,16
18,12,10,8,27
19,5,26,7,14
20,10,3,25,24
21,20,12,18,23
22,26,17,27,21
23,22,23,13,13
24,15,2,16,27
25,25,13,30,0
26,12,22,13,11
27,22,5,13,30
28,18,6,0,14
29,12,17,31,22
30,0,7,9,23
31,7,12,26,14
32,9,2,12,6
33,17,17,4,27
34,2,11,24,14
35,6,1,31,9
36,6,18,16,1
37,9,21,2,5
38,8,17,23,9
39,31,31,3,19
40,15,22,14,12
41,30,31,31,13
42,12,14,4,17
43,10,2,24,13
44,5,6,18,29
45,30,20,13,0
46,26,3,19,11
47,27,8,5,2
48,2,23,11,9
49,25,22,30,17
50,5,29,4,6
51,31,14,25,23
52,6,10,7,12
53,15,3,9,20
54,27,29,15,8
55,29,26,12,31
56,17,0,0,2
57,23,17,24,26
58,13,10,14,1
59,22,8,6,16
60,21,15,5,24
61,12,28,27,30
62,12,18,15,30
63,6,3,10,13
64,22,1,9,3
65,18,16,16,24
66,23,9,12,26
67,26,18,21,5
68,22,16,7,4
69,25,1,22,3
70,30,6,17,7
71,6,8,28,4
72,8,3,7,13
73,3,26,30,16
74,11,10,29,23
75,26,24,7,27
76,1,16,27,5
77,0,21,5,25
78,17,3,22,23
79,1,19,2,27
