2
Grid:
32,32
................................
................................
................................
................................
................................
................................
................................
................................
................................
................................
................................
................................
................................
................................
................................
................................
................................
................................
................................
................................
................................
................................
................................
................................
................................
................................
................................
................................
................................
................................
................................
................................
Agents:
88
0,4,6,30,7
1,27,8,24,2
2,25,11,17,29
3,16,29,19,9
4,22,30,12,11
5,2,5,16,17
6,30,14,31,17
7,5,19,24,23
8,11,28,31,12
9,11,16,9,3
10,23,15,15,28
11,8,16,11,11
12,29,19,5,27
13,9,8,12,28
14,23,7,4,5
15,28,22,14,24
16,17,11,20,12
17,25,22,6,4
18,11,23,23,0
19,4,29,3,16
20,2,9,23,8
21,10,21,29,28
22,31,25,26,17
23,19,1,15,10
24,23,20,16,25
25,30,10,8,30
26,11,5,16,19
27,1,7,16,31
28,5,15,0,27
29,2,11,7,12
30,19,18,2,7
31,18,29,0,26
32,26,21,4,19
33,5,4,30,24
34,5,31,28,24
35,11,10,11,4
36,17,0,29,0
37,29,1,28,15
38,8,3,3,3
39,3,15,8,29
40,20,7,27,10
41,9,15,26,21
42,11,17,29,22
43,5,3,23,12
44,17,21,9,18
45,27,11,11,27
46,19,15,18,19
47,22,12,7,19
48,27,9,26,22
49,19,14,30,11
50,28,24,18,18
51,9,20,12,14
52,16,20,12,30
53,20,1,10,14
54,9,4,21,23
55,7,30,9,22
56,7,3,28,5
57,30,11,22,19
58,20,11,19,14
59,30,1,11,29
60,13,21,31,19
61,15,14,4,23
62,3,2,27,9
63,9,17,24,30
64,6,30,30,13
65,15,20,13,2
66,19,28,14,15
67,29,21,2,24
68,30,22,2,28
69,28,4,29,19
70,25,13,14,10
71,14,28,7,18
72,16,11,29,30
73,23,16,7,10
74,0,31,21,8
75,16,26,13,19
76,10,19,3,4
77,4,2,15,25
78,17,18,20,1
79,23,24,5,25
80,30,8,25,31
81,15,18,15,29
82,16,2,20,23
83,13,31,20,29
84,12,19,23,22
85,23,26,25,7
86,8,31,24,7
87,7,18,24,11
