4
Grid:
32,32
................................
................................
................................
................................
................................
................................
................................
................................
................................
................................
................................
................................
................................
................................
................................
................................
................................
................................
................................
................................
................................
................................
................................
................................
................................
................................
................................
................................
................................
................................
................................
................................
Agents:
100
0,13,3,11,24
1,26,16,30,25
2,15,13,2,8
3,28,18,0,11
4,7,14,13,4
5,15,9,25,30
6,29,3,2,4
7,13,23,6,4
8,0,6,7,1
9,6,25,10,13
10,19,25,9,26
11,6,9,7,23
12,8,12,30,0
13,14,3,14,21
14,3,13,20,3
15,22,28,19,1
16,22,8,19,9
17,4,24,15,3
18,9,24,10,15
19,12,22,1,22
20,28,12,18,22
21,22,3,11,2
22,7,30,31,18
23,20,26,23,21
24,22,19,20,30
25,3,3,24,8
26,19,8,18,5
27,4,20,12,0
28,28,17,20,15
29,7,3,8,17
30,30,24,26,2
31,15,26,4,9
32,23,18,31,17
33,18,21,11,9
34,31,20,2,12
35,13,7,8,21
36,29,6,20,23
37,3,2,31,3
38,2,10,5,29
39,23,20,9,1
40,13,16,8,19
41,10,18,27,2
42,9,14,20,14
43,3,15,23,26
44,27,24,4,19
45,17,9,19,19
46,24,3,30,11
47,29,27,0,18
48,12,20,1,7
49,12,31,31,27
50,26,1,8,16
51,5,27,25,6
52,9,2,18,8
53,10,29,7,18
54,17,26,3,18
55,14,29,26,28
56,12,9,6,11
57,11,30,15,7
58,15,5,26,19
59,8,3,9,12
60,17,15,13,7
61,24,21,22,18
62,22,17,7,9
63,24,25,23,10
64,8,7,13,26
65,22,13,8,11
66,30,23,18,15
67,25,11,0,9
68,10,14,12,23
69,9,7,21,20
70,4,6,1,15
71,30,1,6,24
72,9,20,24,25
73,28,14,20,10
74,24,30,18,24
75,11,7,29,13
76,11,8,14,27
77,14,11,12,3
78,8,15,28,6
79,5,24,15,14
80,10,17,21,14
81,20,10,15,25
82,4,1,18,26
83,15,31,3,15
84,20,1,18,0
85,27,1,4,4
86,31,11,22,8
87,17,23,29,0
88,11,2,7,16
89,20,9,30,7
90,0,10,7,25
91,27,14,22,6
92,1,21,14,25
93,8,14,1,1
94,2,27,12,31
95,9,17,16,28
96,17,19,20,16
97,28,7,18,3
98,20,7,10,24
99,31,24,10,0
