5
Grid:
32,32
................................
................................
................................
................................
................................
................................
................................
................................
................................
................................
................................
................................
................................
................................
................................
................................
................................
................................
................................
................................
................................
................................
................................
................................
................................
................................
................................
................................
................................
................................
................................
................................
Agents:
84
0,11,16,1,0
1,24,5,1,2
2,2,1,8,5
3,24,24,1,14
4,10,5,12,27
5,1,17,4,1
6,9,8,2,26
7,0,6,1,10
8,23,6,6,6
9,19,25,30,13
10,3,3,18,30
11,1,21,17,28
12,31,31,10,6
13,10,14,20,20
14,22,25,19,4
15,29,19,6,19
16,8,21,4,22
17,29,3,26,19
18,26,19,25,23
19,7,3,11,7
20,2,4,31,30
21,0,18,27,29
22,16,3,4,0
23,28,17,6,11
24,17,0,12,20
25,6,0,26,3
26,28,7,17,11
27,14,3,30,3
28,5,3,16,21
29,23,9,1,24
30,2,16,8,19
31,7,14,5,27
32,9,20,27,4
33,11,28,17,22
34,12,4,20,14
35,30,16,1,16
36,13,18,9,9
37,1,29,12,23
38,20,13,4,27
39,14,6,23,6
40,17,5,7,6
41,8,28,23,16
42,13,7,5,23
43,24,21,24,6
44,21,22,16,27
45,13,4,24,18
46,11,1,4,16
47,14,17,20,12
48,28,18,10,12
49,9,28,21,29
50,24,0,12,1
51,4,13,11,22
52,2,21,24,4
53,19,10,29,10
54,6,17,29,14
55,14,24,25,16
56,21,16,20,1
57,23,28,29,17
58,8,10,22,29
59,1,1,17,17
60,27,21,3,11
61,7,21,18,10
62,22,26,29,12
63,4,11,21,14
64,3,15,24,31
65,0,2,29,20
66,4,17,5,3
67,13,17,10,9
68,0,26,15,29
69,26,23,4,19
70,20,14,4,5
71,15,4,18,13
72,14,26,1,5
73,9,17,29,2
74,8,18,7,14
75,17,7,24,11
76,1,3,12,10
77,25,15,5,21
78,23,8,9,17
79,6,22,14,28
80,16,12,7,1
81,20,4,8,10
82,3,6,5,15
83,28,14,23,3
