0
Grid:
32,32
................................
................................
................................
................................
................................
................................
................................
................................
................................
................................
................................
................................
................................
................................
................................
................................
................................
................................
................................
................................
................................
................................
................................
................................
................................
................................
................................
................................
................................
................................
................................
................................
Agents:
22
0,13,0,22,21
1,15,18,9,26
2,19,12,21,7
3,3,13,4,13
4,10,4,16,18
5,20,2,16,4
6,8,16,28,2
7,27,27,16,5
8,11,10,4,21
9,2,12,24,8
10,2,30,30,27
11,9,16,11,4
12,23,17,27,21
13,3,19,9,4
14,27,17,10,0
15,16,8,13,10
16,23,28,18,13
17,10,2,21,24
18,13,2,3,7
19,18,22,0,18
20,6,27,17,17
21,16,0,9,18
