0
Grid:
32,32
................................
................................
................................
................................
................................
................................
................................
................................
................................
................................
................................
................................
................................
................................
................................
................................
................................
................................
................................
................................
................................
................................
................................
................................
................................
................................
................................
................................
................................
................................
................................
................................
Agents:
94
0,29,8,16,17
1,25,3,27,13
2,16,1,22,30
3,18,14,31,17
4,1,22,6,28
5,12,18,0,14
6,19,10,24,29
7,29,21,21,4
8,6,6,7,9
9,2,26,10,27
10,22,2,28,15
11,10,11,24,28
12,15,30,19,1
13,29,4,30,24
14,15,2,23,12
15,21,30,11,6
16,7,12,11,17
17,0,10,23,6
18,11,2,17,2
19,27,1,21,26
20,13,27,29,13
21,16,28,20,29
22,3,15,14,12
23,18,22,2,29
24,13,0,4,25
25,10,19,16,12
26,13,24,11,26
27,8,27,27,29
28,30,14,20,19
29,19,18,25,2
30,4,13,24,30
31,31,30,12,9
32,1,13,26,9
33,10,7,2,9
34,10,3,1,18
35,10,1,3,10
36,12,26,19,8
37,17,13,31,20
38,7,0,16,2
39,11,6,5,10
40,23,14,19,18
41,23,2,4,19
42,17,15,23,19
43,3,4,16,24
44,11,29,22,25
45,14,9,29,17
46,28,31,18,25
47,28,17,18,15
48,27,22,5,24
49,4,10,24,0
50,11,25,8,18
51,21,6,17,26
52,8,11,20,7
53,11,13,23,10
54,9,16,24,14
55,6,19,13,18
56,6,29,22,21
57,22,16,13,11
58,7,30,28,30
59,27,27,16,15
60,3,5,19,10
61,7,13,27,12
62,20,0,30,3
63,4,12,24,20
64,30,0,24,8
65,18,16,5,6
66,28,0,27,5
67,26,29,9,4
68,24,16,30,12
69,26,5,29,5
70,3,21,9,27
71,26,27,20,14
72,22,27,12,25
73,3,31,17,21
74,9,11,7,6
75,10,28,11,16
76,26,8,31,19
77,6,5,4,5
78,17,8,27,18
79,18,7,5,27
80,7,31,12,15
81,15,9,3,7
82,23,6,10,0
83,3,24,16,26
84,23,22,1,22
85,4,22,14,13
86,11,12,29,7
87,23,25,31,23
88,29,5,8,24
89,3,19,17,24
90,21,21,10,30
91,22,19,4,16
92,25,20,9,17
93,11,16,6,11
