3
Grid:
32,32
................................
................................
................................
................................
................................
................................
................................
................................
................................
................................
................................
................................
................................
................................
................................
................................
................................
................................
................................
................................
................................
................................
................................
................................
................................
................................
................................
................................
................................
................................
................................
................................
Agents:
78
0,10,4,1,13
1,12,5,16,7
2,8,28,16,12
3,29,28,1,7
4,25,31,28,23
5,13,14,16,24
6,28,11,6,17
7,31,26,21,4
8,22,10,18,21
9,17,1,12,18
10,24,13,28,28
11,2,28,3,10
12,17,13,2,29
13,1,26,28,20
14,20,6,8,21
15,30,1,10,2
16,13,3,9,9
17,19,3,19,9
18,31,14,24,8
19,7,6,27,26
20,22,27,31,2
21,23,24,21,0
22,10,1,8,1
23,29,16,5,23
24,5,1,25,30
25,5,17,3,26
26,28,24,5,3
27,30,28,19,13
28,2,15,15,7
29,19,26,20,4
30,26,2,15,22
31,7,18,23,25
32,1,12,26,26
33,0,25,19,24
34,23,27,31,5
35,27,8,30,3
36,3,11,12,25
37,11,28,18,3
38,21,9,9,12
39,17,16,6,5
40,16,17,7,9
41,20,19,21,6
42,0,12,6,2
43,4,21,12,31
44,4,22,4,6
45,1,15,21,22
46,26,12,28,13
47,11,19,10,3
48,19,4,3,1
49,22,30,18,10
50,0,3,19,3
51,24,10,18,20
52,5,28,16,17
53,14,17,12,3
54,12,1,10,23
55,6,24,8,27
56,30,3,7,3
57,10,9,20,14
58,13,20,22,29
59,18,20,16,18
60,7,11,9,25
61,21,1,9,23
62,26,11,13,20
63,13,22,11,24
64,0,24,28,25
65,9,17,2,13
66,18,18,2,28
67,15,12,22,23
68,30,18,6,18
69,8,2,30,18
70,15,8,19,18
71,17,23,3,5
72,1,1,4,9
73,6,30,13,16
74,18,2,19,27
75,22,20,17,29
76,14,23,16,4
77,15,26,17,20
