3
Grid:
32,32
................................
................................
................................
................................
................................
................................
................................
................................
................................
................................
................................
................................
................................
................................
................................
................................
................................
................................
................................
................................
................................
................................
................................
................................
................................
................................
................................
................................
................................
................................
................................
................................
Agents:
118
0,21,4,29,20
1,18,18,5,14
2,26,28,28,3
3,2,12,18,9
4,6,1,1,14
5,4,6,23,29
6,0,26,31,22
7,10,16,31,24
8,15,18,5,11
9,22,3,29,21
10,6,13,9,24
11,11,22,6,7
12,29,31,30,25
13,18,24,24,24
14,3,10,12,21
15,16,25,12,3
16,13,19,9,21
17,4,18,19,9
18,13,8,15,25
19,6,5,19,30
20,0,1,16,25
21,17,24,9,29
22,10,5,28,29
23,5,9,24,25
24,0,11,19,16
25,20,31,1,26
26,30,8,12,30
27,24,27,27,12
28,20,26,1,19
29,9,9,8,18
30,8,27,28,22
31,17,10,7,7
32,25,13,0,3
33,22,23,18,14
34,3,6,10,11
35,12,16,19,17
36,2,4,16,18
37,1,21,11,10
38,5,5,1,24
39,21,12,18,3
40,19,26,3,29
41,10,4,27,21
42,5,13,11,11
43,20,28,7,20
44,26,17,9,30
45,20,11,0,6
46,27,23,29,27
47,24,15,24,31
48,5,6,18,27
49,31,29,6,29
50,15,14,19,5
51,6,25,12,11
52,31,3,19,3
53,28,26,30,15
54,6,3,5,15
55,22,14,29,11
56,5,29,5,18
57,17,12,29,14
58,5,11,30,5
59,24,26,9,1
60,29,17,1,23
61,17,0,17,17
62,12,18,30,14
63,15,31,4,19
64,6,23,7,19
65,29,5,20,13
66,20,16,25,2
67,5,1,2,10
68,17,26,30,17
69,21,23,31,20
70,27,5,26,21
71,6,30,1,28
72,0,10,30,27
73,30,24,28,10
74,1,19,24,22
75,5,20,30,1
76,16,20,5,17
77,7,30,25,20
78,14,17,22,21
79,13,20,6,6
80,19,23,10,15
81,8,14,6,1
82,31,17,7,24
83,26,1,26,28
84,7,3,7,18
85,26,30,1,21
86,21,11,9,13
87,26,22,14,19
88,10,2,31,29
89,20,23,23,13
90,30,18,12,29
91,18,8,6,22
92,8,6,30,23
93,18,31,16,8
94,12,0,24,4
95,3,4,27,11
96,29,23,24,28
97,30,15,1,2
98,16,28,24,20
99,17,29,29,29
100,24,6,12,12
101,16,10,18,10
102,30,28,25,31
103,4,24,13,12
104,7,11,30,24
105,0,28,15,12
106,25,21,5,2
107,28,23,24,26
108,24,0,27,25
109,16,27,5,8
110,17,3,10,5
111,2,17,2,8
112,14,2,11,24
113,18,23,28,9
114,6,0,20,14
115,25,11,18,16
116,24,9,0,27
117,0,12,11,27
