8
Grid:
32,32
................................
................................
................................
................................
................................
................................
................................
................................
................................
................................
................................
................................
................................
................................
................................
................................
................................
................................
................................
................................
................................
................................
................................
................................
................................
................................
................................
................................
................................
................................
................................
................................
Agents:
96
0,5,27,24,26
1,0,28,0,2
2,24,5,12,0
3,0,31,30,19
4,23,7,18,10
5,10,28,11,30
6,5,16,12,28
7,30,20,21,10
8,27,14,24,3
9,7,5,16,20
10,0,1,18,12
11,25,20,20,8
12,28,4,7,26
13,23,14,13,28
14,28,0,24,17
15,28,8,26,24
16,7,9,9,7
17,10,5,16,27
18,2,30,3,10
19,5,14,20,12
20,19,19,13,26
21,28,17,29,20
22,18,15,9,22
23,8,17,27,4
24,20,30,22,29
25,27,12,30,11
26,11,5,5,6
27,24,4,11,12
28,1,11,2,12
29,31,19,7,8
30,14,17,17,23
31,2,22,25,27
32,10,2,2,13
33,20,28,8,5
34,5,24,27,21
35,18,29,4,17
36,9,25,16,11
37,18,12,20,19
38,4,7,22,19
39,2,13,5,11
40,28,5,10,4
41,25,30,0,9
42,4,15,31,20
43,28,1,28,14
44,16,6,5,17
45,4,22,2,25
46,30,17,20,24
47,16,5,2,16
48,6,16,6,0
49,26,12,30,12
50,12,28,20,4
51,11,30,21,30
52,3,18,26,6
53,19,12,16,0
54,31,25,28,30
55,9,17,3,31
56,23,8,17,19
57,23,4,2,30
58,17,27,15,18
59,6,18,22,7
60,20,27,29,27
61,31,23,29,9
62,24,16,7,20
63,28,31,4,27
64,1,17,25,4
65,19,16,29,19
66,25,29,8,31
67,18,6,11,22
68,12,9,24,29
69,14,4,31,0
70,7,10,20,26
71,13,12,12,31
72,26,23,13,17
73,9,11,0,24
74,19,11,31,17
75,9,7,9,8
76,0,13,12,15
77,8,16,5,1
78,31,12,19,27
79,25,3,4,3
80,16,31,11,10
81,24,23,11,29
82,30,6,5,9
83,15,26,23,14
84,18,11,6,20
85,14,28,4,23
86,22,9,27,6
87,14,18,6,23
88,11,21,17,2
89,8,11,19,7
90,15,11,8,6
91,20,2,10,31
92,7,0,18,14
93,20,8,21,28
94,18,21,10,20
95,14,20,9,16
