6
Grid:
32,32
................................
................................
................................
................................
................................
................................
................................
................................
................................
................................
................................
................................
................................
................................
................................
................................
................................
................................
................................
................................
................................
................................
................................
................................
................................
................................
................................
................................
................................
................................
................................
................................
Agents:
64
0,25,14,12,16
1,31,26,4,25
2,12,9,15,31
3,17,29,0,0
4,8,23,29,31
5,6,17,8,5
6,22,13,19,23
7,18,20,10,13
8,8,1,30,16
9,27,28,0,12
10,25,9,28,28
11,6,30,2,8
12,18,8,22,15
13,14,31,16,24
14,21,17,1,27
15,7,6,2,13
16,31,10,21,4
17,7,17,14,11
18,6,29,4,9
19,31,9,22,10
20,20,29,10,6
21,27,29,9,4
22,31,13,31,25
23,13,16,12,4
24,12,12,30,10
25,7,1,31,1
26,12,28,18,13
27,17,16,4,12
28,7,3,19,9
29,27,17,4,7
30,16,31,5,27
31,18,12,16,14
32,5,1,25,28
33,14,11,19,22
34,1,18,26,7
35,7,27,18,26
36,14,8,7,12
37,30,5,1,20
38,19,9,4,15
39,9,6,15,26
40,26,3,9,27
41,24,23,15,15
42,9,4,10,18
43,21,27,31,2
44,14,2,15,1
45,21,3,24,7
46,13,0,3,30
47,26,1,6,26
48,10,10,0,22
49,30,28,5,24
50,20,21,7,5
51,1,31,24,4
52,3,2,26,14
53,8,29,20,18
54,30,31,9,17
55,13,10,26,19
56,5,15,6,29
57,19,14,30,24
58,23,9,29,22
59,22,6,22,6
60,3,4,17,3
61,6,10,3,21
62,27,30,7,0
63,10,26,6,31
