8
Grid:
32,32
................................
................................
................................
................................
................................
................................
................................
................................
................................
................................
................................
................................
................................
................................
................................
................................
................................
................................
................................
................................
................................
................................
................................
................................
................................
................................
................................
................................
................................
................................
................................
................................
Agents:
108
0,15,21,14,6
1,10,13,6,25
2,4,26,1,30
3,5,11,10,19
4,8,4,14,14
5,22,19,22,17
6,22,22,10,3
7,2,1,16,9
8,12,17,9,26
9,17,24,7,4
10,31,1,22,6
11,31,16,14,27
12,12,11,12,1
13,5,8,26,23
14,6,14,16,4
15,17,4,8,11
16,29,4,25,19
17,11,29,16,26
18,26,4,26,30
19,20,27,7,30
20,23,6,28,10
21,24,27,2,22
22,7,0,28,21
23,1,0,13,19
24,23,19,13,17
25,5,25,27,17
26,5,20,8,0
27,21,14,19,28
28,21,25,23,11
29,0,24,26,25
30,21,29,1,2
31,19,18,26,15
32,22,17,23,21
33,10,5,27,12
34,7,7,29,10
35,28,22,3,23
36,1,25,16,16
37,8,12,5,21
38,10,4,12,22
39,17,18,23,19
40,9,23,1,21
41,30,9,19,5
42,14,29,7,13
43,4,27,20,22
44,5,26,18,17
45,2,30,18,0
46,7,21,14,22
47,10,15,14,5
48,12,29,6,23
49,28,15,21,9
50,19,28,17,11
51,5,17,21,12
52,17,20,1,26
53,14,16,20,31
54,11,17,16,7
55,17,27,5,31
56,19,13,18,24
57,2,13,12,24
58,30,6,10,14
59,3,1,21,21
60,16,6,7,19
61,22,10,14,3
62,28,19,0,29
63,2,26,27,18
64,14,31,8,27
65,6,11,30,29
66,27,14,10,30
67,21,17,7,7
68,24,21,20,7
69,15,16,10,21
70,13,21,31,3
71,12,12,14,31
72,1,28,30,23
73,13,8,27,14
74,19,5,10,9
75,26,27,29,30
76,30,12,31,28
77,6,27,23,0
78,21,30,6,12
79,18,19,15,12
80,2,12,26,2
81,11,5,5,1
82,31,5,0,30
83,23,17,24,15
84,21,8,3,3
85,19,27,23,22
86,24,6,22,1
87,29,15,11,24
88,17,5,3,31
89,13,5,2,29
90,12,0,17,7
91,16,0,12,9
92,16,9,17,23
93,11,28,8,29
94,30,25,16,27
95,18,2,31,9
96,4,7,16,18
97,12,28,4,25
98,5,28,29,19
99,19,10,26,7
100,13,7,5,13
101,7,2,6,5
102,20,31,10,28
103,29,5,18,15
104,6,28,19,18
105,0,10,31,6
106,5,24,28,4
107,8,6,1,10
