7
Grid:
32,32
................................
................................
................................
................................
................................
................................
................................
................................
................................
................................
................................
................................
................................
................................
................................
................................
................................
................................
................................
................................
................................
................................
................................
................................
................................
................................
................................
................................
................................
................................
................................
................................
Agents:
56
0,29,16,10,31
1,3,16,25,12
2,16,12,0,28
3,25,3,3,27
4,22,10,16,28
5,25,19,26,30
6,12,17,17,28
7,9,23,26,19
8,9,12,8,30
9,12,7,31,10
10,16,14,20,11
11,26,17,27,29
12,24,24,4,19
13,11,21,7,12
14,28,2,29,28
15,28,9,17,11
16,15,14,13,16
17,16,7,8,5
18,14,17,1,12
19,29,20,12,4
20,29,25,8,26
21,8,13,11,9
22,6,8,15,15
23,9,21,9,17
24,12,14,30,7
25,10,13,18,7
26,31,20,3,6
27,22,31,18,6
28,20,1,19,17
29,24,0,31,7
30,14,22,14,27
31,23,2,11,1
32,1,27,19,13
33,7,1,7,21
34,29,27,9,1
35,9,15,3,24
36,19,23,23,3
37,6,12,0,17
38,22,7,27,15
39,17,2,8,16
40,12,6,28,5
41,22,13,24,20
42,30,2,11,16
43,14,27,17,25
44,16,15,19,18
45,29,28,16,17
46,28,28,23,8
47,11,18,22,2
48,22,24,1,20
49,15,10,25,10
50,1,7,2,22
51,24,16,23,14
52,4,27,1,2
53,26,8,10,8
54,14,9,10,19
55,16,21,11,5
