9
Grid:
32,32
................................
................................
................................
................................
................................
................................
................................
................................
................................
................................
................................
................................
................................
................................
................................
................................
................................
................................
................................
................................
................................
................................
................................
................................
................................
................................
................................
................................
................................
................................
................................
................................
Agents:
52
0,21,29,25,9
1,13,14,15,16
2,11,11,4,31
3,2,3,14,3
4,6,2,29,13
5,18,1,23,27
6,19,29,18,8
7,9,0,20,4
8,16,30,1,5
9,17,18,28,9
10,25,5,14,9
11,9,14,11,1
12,6,12,25,5
13,23,20,6,20
14,16,29,16,28
15,27,22,6,29
16,21,31,13,28
17,16,15,17,23
18,13,9,8,9
19,8,5,3,17
20,4,3,26,3
21,20,27,25,18
22,9,6,29,24
23,6,20,12,23
24,0,3,8,22
25,12,8,26,1
26,30,16,3,16
27,20,30,5,23
28,7,30,25,2
29,20,14,14,23
30,18,9,6,1
31,6,28,17,21
32,11,19,21,18
33,12,26,17,26
34,18,6,27,26
35,21,11,25,31
36,14,21,25,16
37,17,13,21,31
38,4,31,27,7
39,5,2,8,5
40,19,13,15,22
41,23,6,22,25
42,9,13,22,24
43,0,0,10,6
44,26,14,20,5
45,1,9,14,18
46,17,22,5,22
47,16,11,6,2
48,21,13,9,8
49,27,19,13,26
50,7,6,15,19
51,16,31,1,27
