6
Grid:
32,32
................................
................................
................................
................................
................................
................................
................................
................................
................................
................................
................................
................................
................................
................................
................................
................................
................................
................................
................................
................................
................................
................................
................................
................................
................................
................................
................................
................................
................................
................................
................................
................................
Agents:
60
0,18,0,29,26
1,11,15,15,21
2,16,6,0,7
3,21,8,4,22
4,26,12,0,16
5,21,28,29,12
6,1,16,14,20
7,19,11,17,21
8,24,4,7,11
9,9,0,28,4
10,14,2,10,12
11,1,4,27,23
12,28,19,20,27
13,22,31,29,9
14,31,14,6,19
15,5,4,27,10
16,9,20,15,1
17,24,25,8,8
18,17,8,11,11
19,30,15,14,7
20,5,30,25,6
21,15,25,13,19
22,1,12,11,8
23,9,4,10,17
24,5,1,23,20
25,4,19,11,25
26,10,5,26,8
27,1,15,10,27
28,31,6,30,8
29,19,29,4,9
30,15,21,19,24
31,9,11,1,10
32,7,16,28,9
33,19,12,21,28
34,26,16,10,1
35,6,25,26,30
36,27,15,15,28
37,18,7,2,29
38,3,16,13,24
39,9,18,2,17
40,26,29,7,24
41,10,17,20,12
42,26,3,24,21
43,19,9,23,17
44,26,10,16,26
45,20,0,11,5
46,0,16,0,28
47,20,4,16,12
48,18,16,28,21
49,25,29,14,28
50,12,11,17,19
51,7,19,18,3
52,13,17,27,27
53,28,23,23,12
54,2,3,4,2
55,1,21,6,18
56,21,15,4,11
57,25,15,21,19
58,31,15,12,26
59,27,6,1,23
