9
Grid:
32,32
................................
................................
................................
................................
................................
................................
................................
................................
................................
................................
................................
................................
................................
................................
................................
................................
................................
................................
................................
................................
................................
................................
................................
................................
................................
................................
................................
................................
................................
................................
................................
................................
Agents:
98
0,19,20,15,22
1,8,28,6,4
2,7,21,6,1
3,14,14,5,6
4,30,3,2,1
5,26,0,4,9
6,26,4,14,3
7,22,9,13,14
8,4,9,19,25
9,16,10,7,31
10,2,6,11,19
11,3,25,31,26
12,14,18,29,30
13,6,17,14,18
14,29,2,12,15
15,2,5,19,6
16,24,24,3,12
17,29,5,29,8
18,10,25,12,9
19,16,29,23,14
20,19,14,19,18
21,5,1,1,8
22,21,20,0,15
23,4,1,20,4
24,25,12,9,7
25,8,9,20,29
26,26,22,2,29
27,6,13,25,17
28,16,14,1,30
29,13,21,12,25
30,15,29,4,27
31,17,27,16,9
32,1,20,16,1
33,8,1,9,30
34,7,17,27,12
35,30,11,5,7
36,24,18,9,1
37,22,19,2,12
38,0,2,10,21
39,3,26,31,31
40,13,4,6,9
41,23,16,7,28
42,26,24,22,0
43,11,2,5,26
44,18,15,18,21
45,20,28,30,7
46,11,27,0,11
47,14,22,26,23
48,29,10,25,9
49,31,0,5,17
50,12,3,14,9
51,25,7,7,7
52,14,28,15,31
53,16,7,11,6
54,31,18,29,2
55,12,13,17,16
56,10,19,25,23
57,7,10,2,24
58,6,0,16,7
59,0,8,23,23
60,9,6,13,9
61,14,23,14,2
62,31,29,12,7
63,4,0,13,19
64,22,22,15,19
65,2,2,31,7
66,13,10,3,23
67,11,15,16,12
68,2,29,22,15
69,8,3,14,7
70,2,31,3,5
71,18,23,13,23
72,19,3,22,17
73,16,28,6,3
74,9,23,30,30
75,23,5,11,21
76,20,1,26,6
77,10,11,27,17
78,29,19,14,1
79,28,22,30,29
80,10,7,0,25
81,5,28,25,11
82,31,22,10,9
83,30,2,28,16
84,0,6,20,20
85,4,14,24,16
86,20,22,30,14
87,9,1,17,23
88,16,26,24,27
89,12,11,2,18
90,11,8,0,12
91,5,22,28,21
92,0,20,0,5
93,3,12,4,25
94,27,10,30,22
95,29,7,17,7
96,22,16,14,5
97,1,5,11,15
