1
Grid:
32,32
................................
................................
................................
................................
................................
................................
................................
................................
................................
................................
................................
................................
................................
................................
................................
................................
................................
................................
................................
................................
................................
................................
................................
................................
................................
................................
................................
................................
................................
................................
................................
................................
Agents:
28
0,5,11,3,16
1,13,18,17,29
2,17,14,30,13
3,25,0,31,29
4,10,16,6,27
5,6,19,27,6
6,19,9,31,1
7,29,0,4,29
8,24,30,20,22
9,8,23,31,7
10,9,17,7,25
11,14,24,8,9
12,5,29,25,11
13,15,1,17,9
14,6,0,10,13
15,26,21,31,12
16,18,31,22,22
17,8,14,24,31
18,1,10,2,26
19,8,31,25,16
20,30,7,7,9
21,21,5,5,5
22,15,31,19,5
23,24,22,9,29
24,3,3,28,16
25,20,12,24,10
26,0,20,18,22
27,29,21,25,5
