4
Grid:
32,32
................................
................................
................................
................................
................................
................................
................................
................................
................................
................................
................................
................................
................................
................................
................................
................................
................................
................................
................................
................................
................................
................................
................................
................................
................................
................................
................................
................................
................................
................................
................................
................................
Agents:
72
0,19,8,1,17
1,26,0,10,18
2,6,12,12,4
3,0,24,15,11
4,19,29,10,25
5,18,4,4,8
6,27,14,2,17
7,10,24,1,18
8,16,1,27,14
9,22,12,22,2
10,27,24,22,27
11,29,27,12,23
12,2,25,21,25
13,4,0,6,28
14,19,20,24,3
15,19,7,26,19
16,31,22,5,15
17,6,22,31,4
18,8,18,12,11
19,12,12,7,3
20,26,7,0,18
21,6,6,29,4
22,26,29,19,14
23,13,14,8,24
24,5,4,14,0
25,22,19,17,8
26,27,7,14,31
27,26,27,20,5
28,10,31,25,21
29,30,13,26,14
30,7,31,28,28
31,4,30,14,29
32,9,10,1,2
33,8,20,25,8
34,15,30,5,6
35,20,9,14,18
36,18,20,26,7
37,17,23,28,25
38,0,4,10,0
39,11,21,14,27
40,26,14,13,28
41,30,0,24,18
42,12,23,4,16
43,28,11,6,1
44,11,9,11,11
45,20,31,30,23
46,4,26,26,6
47,2,7,21,28
48,28,15,16,28
49,24,8,0,11
50,6,17,11,29
51,20,24,9,28
52,30,17,19,5
53,21,5,2,11
54,9,18,11,24
55,30,26,27,18
56,1,18,16,30
57,5,21,0,13
58,0,9,19,25
59,30,14,5,9
60,8,28,12,16
61,8,5,17,30
62,9,21,11,22
63,4,24,3,30
64,18,9,8,11
65,27,16,8,20
66,11,2,1,26
67,15,9,27,1
68,25,6,10,31
69,2,26,21,10
70,1,22,8,7
71,1,24,14,16
