0
Grid:
32,32
................................
................................
................................
................................
................................
................................
................................
................................
................................
................................
................................
................................
................................
................................
................................
................................
................................
................................
................................
................................
................................
................................
................................
................................
................................
................................
................................
................................
................................
................................
................................
................................
Agents:
98
0,10,2,28,4
1,17,16,25,15
2,9,21,21,21
3,25,15,30,18
4,31,14,13,31
5,2,1,8,11
6,1,10,30,21
7,21,20,20,16
8,4,13,15,9
9,17,19,6,19
10,13,29,12,23
11,21,0,13,0
12,21,4,5,7
13,29,30,29,7
14,0,28,7,9
15,10,11,13,12
16,18,8,18,3
17,18,28,0,23
18,19,25,1,12
19,28,4,5,2
20,15,8,0,4
21,23,25,10,1
22,24,9,13,6
23,18,14,9,25
24,18,10,30,8
25,5,10,24,25
26,12,13,18,30
27,13,17,30,12
28,26,5,13,21
29,24,26,1,21
30,14,2,10,6
31,12,1,12,14
32,22,22,24,24
33,23,13,2,10
34,1,8,4,28
35,26,23,5,27
36,23,8,2,20
37,13,12,29,9
38,9,28,31,16
39,11,19,13,7
40,12,18,26,8
41,9,23,14,9
42,28,0,19,6
43,30,5,28,2
44,27,1,16,13
45,1,14,0,18
46,1,2,20,3
47,22,13,5,16
48,27,22,23,2
49,18,4,7,27
50,12,10,24,29
51,16,13,16,30
52,18,3,24,10
53,0,0,6,17
54,8,30,9,30
55,25,4,27,1
56,14,27,6,2
57,24,21,9,31
58,4,22,18,28
59,24,18,22,1
60,18,0,7,4
61,6,12,25,22
62,22,21,31,21
63,16,19,27,27
64,26,10,1,4
65,1,7,22,19
66,6,31,9,8
67,6,15,18,21
68,13,26,26,0
69,5,26,12,22
70,24,3,20,14
71,20,28,19,18
72,19,26,23,21
73,20,6,26,5
74,17,12,2,26
75,9,0,15,15
76,18,11,0,21
77,3,4,24,12
78,22,29,3,1
79,16,31,18,27
80,15,21,7,19
81,3,15,20,1
82,2,6,21,12
83,21,25,28,23
84,14,21,8,10
85,8,29,14,12
86,12,23,26,29
87,7,3,9,16
88,1,24,17,15
89,11,10,7,10
90,0,1,31,19
91,20,26,18,8
92,27,2,5,18
93,24,15,1,0
94,9,5,21,24
95,10,3,4,24
96,31,5,25,18
97,26,12,6,31
