3
Grid:
32,32
................................
................................
................................
................................
................................
................................
................................
................................
................................
................................
................................
................................
................................
................................
................................
................................
................................
................................
................................
................................
................................
................................
................................
................................
................................
................................
................................
................................
................................
................................
................................
................................
Agents:
96
0,18,12,30,11
1,11,19,31,23
2,8,19,27,30
3,31,29,0,15
4,20,3,24,6
5,18,8,24,30
6,7,22,12,2
7,23,27,19,14
8,8,9,24,20
9,18,6,21,18
10,6,5,10,8
11,21,16,13,15
12,18,15,15,3
13,2,31,23,21
14,15,15,4,27
15,14,23,15,21
16,2,25,26,13
17,13,16,14,28
18,9,25,6,11
19,29,11,16,9
20,8,18,11,12
21,5,18,23,5
22,17,29,7,7
23,14,5,8,12
24,21,7,0,30
25,30,18,2,19
26,14,12,17,24
27,0,25,22,5
28,16,0,4,16
29,13,4,3,16
30,20,27,22,20
31,5,13,10,1
32,8,7,19,2
33,12,7,5,9
34,29,20,9,19
35,23,30,17,13
36,11,0,30,5
37,29,4,4,22
38,16,9,20,30
39,26,6,31,27
40,25,15,16,20
41,11,1,4,25
42,24,14,17,28
43,24,4,4,14
44,26,7,20,19
45,4,9,22,26
46,2,10,22,7
47,12,3,7,1
48,18,5,9,9
49,27,22,19,11
50,20,26,9,15
51,21,25,24,23
52,15,0,8,15
53,27,11,20,0
54,16,4,11,27
55,10,14,26,20
56,1,21,25,23
57,2,7,10,10
58,14,4,29,2
59,23,7,8,13
60,12,22,0,21
61,15,14,23,7
62,28,1,27,24
63,19,26,7,6
64,15,8,31,30
65,23,20,21,13
66,11,2,14,7
67,27,17,2,17
68,12,31,12,17
69,30,23,19,16
70,9,14,24,29
71,23,0,12,28
72,30,20,3,25
73,8,23,20,28
74,1,13,20,17
75,24,13,10,11
76,14,19,3,10
77,10,30,18,10
78,10,6,2,22
79,28,13,13,13
80,13,1,11,20
81,27,7,2,28
82,2,30,30,25
83,26,17,19,27
84,27,15,11,24
85,6,31,16,14
86,30,29,7,20
87,30,15,8,0
88,15,7,4,10
89,25,27,5,26
90,24,2,24,5
91,6,23,27,5
92,24,29,18,13
93,2,17,30,2
94,10,7,11,16
95,19,8,17,20
