2
Grid:
32,32
................................
................................
................................
................................
................................
................................
................................
................................
................................
................................
................................
................................
................................
................................
................................
................................
................................
................................
................................
................................
................................
................................
................................
................................
................................
................................
................................
................................
................................
................................
................................
................................
Agents:
24
0,28,29,4,11
1,11,16,5,17
2,4,5,10,28
3,1,14,10,2
4,20,17,3,25
5,11,28,2,30
6,21,27,3,28
7,28,19,23,10
8,9,19,13,22
9,27,4,14,23
10,27,1,3,8
11,29,25,1,7
12,17,17,24,30
13,30,1,16,5
14,10,25,2,16
15,5,5,3,16
16,20,10,29,30
17,26,29,18,8
18,27,26,4,13
19,5,26,10,1
20,10,31,16,31
21,31,22,1,28
22,18,19,26,25
23,4,28,15,24
