9
Grid:
32,32
................................
................................
................................
................................
................................
................................
................................
................................
................................
................................
................................
................................
................................
................................
................................
................................
................................
................................
................................
................................
................................
................................
................................
................................
................................
................................
................................
................................
................................
................................
................................
................................
Agents:
26
0,30,12,5,4
1,22,16,10,15
2,27,1,17,13
3,21,21,19,6
4,7,1,21,8
5,8,22,17,5
6,4,17,13,7
7,25,30,20,1
8,22,12,20,20
9,2,16,26,4
10,29,9,10,23
11,27,17,18,4
12,5,18,15,29
13,0,18,10,7
14,12,16,22,14
15,3,22,15,20
16,29,18,9,6
17,10,4,16,27
18,1,6,9,16
19,29,3,0,30
20,21,30,17,0
21,0,4,16,13
22,25,18,18,6
23,3,16,14,27
24,6,4,18,25
25,27,27,10,26
