6
Grid:
32,32
................................
................................
................................
................................
................................
................................
................................
................................
................................
................................
................................
................................
................................
................................
................................
................................
................................
................................
................................
................................
................................
................................
................................
................................
................................
................................
................................
................................
................................
................................
................................
................................
Agents:
48
0,29,4,2,3
1,3,3,0,18
2,20,21,20,3
3,10,4,6,22
4,14,23,29,11
5,23,10,26,17
6,8,10,13,10
7,24,28,4,26
8,2,18,24,9
9,26,28,4,27
10,23,16,23,7
11,28,1,3,15
12,5,25,16,5
13,29,26,7,21
14,30,31,24,31
15,28,8,25,21
16,9,22,31,2
17,8,25,10,25
18,13,11,17,21
19,26,18,18,15
20,1,17,15,19
21,27,3,21,15
22,0,27,0,25
23,30,16,3,6
24,28,22,12,17
25,29,27,9,29
26,12,10,25,31
27,2,12,21,26
28,8,1,23,20
29,30,27,15,4
30,6,15,11,9
31,27,14,4,9
32,0,18,14,14
33,1,31,6,20
34,14,22,6,13
35,23,7,11,0
36,27,5,21,4
37,21,25,29,6
38,0,10,15,0
39,27,13,11,3
40,30,8,1,30
41,2,1,21,13
42,27,31,19,0
43,19,27,22,8
44,17,12,0,12
45,13,31,7,28
46,27,16,3,29
47,10,12,9,11
