4
Grid:
32,32
................................
................................
................................
................................
................................
................................
................................
................................
................................
................................
................................
................................
................................
................................
................................
................................
................................
................................
................................
................................
................................
................................
................................
................................
................................
................................
................................
................................
................................
................................
................................
................................
Agents:
18
0,22,26,16,10
1,9,14,10,15
2,13,26,26,18
3,16,4,4,17
4,20,26,7,17
5,18,18,28,17
6,6,11,15,10
7,26,22,16,27
8,29,4,5,27
9,21,14,26,9
10,17,25,2,19
11,26,3,21,6
12,11,19,15,7
13,13,4,6,10
14,7,7,19,23
15,3,28,31,21
16,19,26,19,21
17,26,17,0,31
