3
Grid:
32,32
................................
................................
................................
................................
................................
................................
................................
................................
................................
................................
................................
................................
................................
................................
................................
................................
................................
................................
................................
................................
................................
................................
................................
................................
................................
................................
................................
................................
................................
................................
................................
................................
Agents:
100
0,21,5,18,9
1,13,15,15,4
2,17,24,1,21
3,18,9,21,29
4,20,23,2,4
5,11,26,22,6
6,3,15,20,9
7,3,31,4,26
8,24,4,31,4
9,15,12,29,23
10,13,0,0,29
11,13,3,4,25
12,2,16,12,24
13,31,13,30,8
14,1,2,5,11
15,2,8,13,30
16,7,1,29,1
17,4,21,5,13
18,2,5,15,12
19,23,0,30,19
20,9,20,3,27
21,6,10,14,31
22,10,7,2,6
23,13,10,6,1
24,16,4,30,9
25,4,23,13,5
26,31,0,17,0
27,10,21,10,0
28,24,10,0,0
29,13,1,23,17
30,25,4,23,26
31,7,17,27,15
32,20,2,3,18
33,19,2,2,11
34,11,13,10,9
35,29,19,11,3
36,13,14,1,4
37,3,25,1,9
38,26,3,31,3
39,25,27,19,16
40,3,20,18,2
41,29,28,21,2
42,29,11,21,23
43,9,6,29,7
44,23,15,29,25
45,29,24,18,24
46,24,22,21,12
47,7,4,11,22
48,13,20,10,8
49,21,7,8,13
50,20,10,0,22
51,31,2,7,21
52,10,16,10,13
53,28,17,19,4
54,26,20,8,4
55,17,17,17,17
56,30,4,10,17
57,7,10,11,28
58,20,9,16,7
59,24,12,29,18
60,11,28,21,7
61,16,5,12,17
62,26,22,7,7
63,7,31,8,26
64,11,6,16,13
65,13,17,25,3
66,7,24,12,16
67,21,26,0,8
68,21,12,1,19
69,1,25,4,2
70,20,8,0,7
71,7,7,19,19
72,24,3,31,2
73,28,2,8,6
74,0,12,5,19
75,14,7,22,21
76,31,3,3,30
77,17,2,25,28
78,22,19,20,3
79,9,29,21,11
80,5,19,12,13
81,15,13,30,7
82,7,8,13,0
83,30,19,22,29
84,30,3,24,22
85,2,9,2,28
86,6,1,9,7
87,2,31,8,18
88,24,17,25,7
89,8,18,14,29
90,21,14,30,15
91,0,0,21,21
92,1,7,5,8
93,29,17,13,23
94,19,15,17,6
95,12,24,23,27
96,5,15,24,24
97,5,26,2,1
98,27,9,23,5
99,4,3,11,30
