3
Grid:
32,32
................................
................................
................................
................................
................................
................................
................................
................................
................................
................................
................................
................................
................................
................................
................................
................................
................................
................................
................................
................................
................................
................................
................................
................................
................................
................................
................................
................................
................................
................................
................................
................................
Agents:
124
0,19,6,26,27
1,4,3,30,13
2,8,10,10,20
3,4,13,26,31
4,3,4,29,16
5,5,17,30,1
6,1,2,12,1
7,9,29,17,21
8,31,11,12,30
9,19,29,21,12
10,29,25,28,5
11,13,6,1,18
12,19,26,15,18
13,19,31,8,16
14,7,21,23,7
15,18,18,0,30
16,21,16,17,5
17,10,11,29,9
18,5,3,2,2
19,7,26,26,5
20,11,16,11,1
21,18,12,17,18
22,8,24,28,10
23,9,18,23,17
24,13,17,30,9
25,31,21,13,2
26,8,11,8,12
27,22,1,8,2
28,23,10,25,4
29,26,4,17,22
30,28,16,28,2
31,30,14,21,5
32,13,25,29,14
33,19,24,5,0
34,29,28,19,6
35,4,25,17,25
36,17,13,30,22
37,6,1,9,15
38,30,26,11,21
39,17,0,29,5
40,17,21,6,10
41,10,1,18,1
42,7,30,8,18
43,21,4,15,15
44,12,28,17,14
45,31,7,9,10
46,20,2,3,13
47,31,20,4,6
48,20,14,1,13
49,11,6,24,13
50,3,26,27,4
51,5,21,7,20
52,2,28,11,28
53,25,26,10,17
54,18,6,5,17
55,5,28,19,29
56,27,13,13,1
57,17,20,14,7
58,3,24,27,19
59,15,7,7,27
60,25,10,5,7
61,25,3,7,19
62,19,4,1,21
63,15,0,0,26
64,0,28,6,4
65,1,27,4,16
66,21,13,31,27
67,28,13,1,6
68,25,0,9,11
69,1,15,29,3
70,3,5,24,20
71,29,17,12,14
72,29,29,3,7
73,31,10,27,9
74,17,27,4,12
75,30,4,18,14
76,12,25,26,23
77,1,1,18,18
78,2,30,14,30
79,12,24,0,18
80,25,21,30,2
81,4,9,18,12
82,6,14,4,7
83,17,3,26,12
84,27,2,29,12
85,23,31,2,24
86,4,20,24,27
87,21,11,1,8
88,6,17,17,13
89,1,21,26,15
90,28,17,10,19
91,0,2,26,20
92,11,23,15,11
93,30,3,1,4
94,3,11,13,17
95,11,31,24,22
96,9,19,14,25
97,10,15,16,3
98,12,27,16,25
99,15,15,17,8
100,3,31,3,29
101,31,24,24,19
102,4,21,0,6
103,26,0,13,30
104,23,26,27,12
105,22,3,14,21
106,10,29,16,10
107,12,20,29,13
108,14,14,25,5
109,24,3,22,11
110,3,19,18,28
111,28,25,11,16
112,8,21,22,14
113,2,19,10,26
114,23,23,16,13
115,5,6,23,6
116,6,27,2,19
117,2,29,14,6
118,18,8,25,18
119,30,22,24,26
120,29,30,31,4
121,11,8,7,11
122,20,7,2,7
123,20,11,15,2
