8
Grid:
32,32
................................
................................
................................
................................
................................
................................
................................
................................
................................
................................
................................
................................
................................
................................
................................
................................
................................
................................
................................
................................
................................
................................
................................
................................
................................
................................
................................
................................
................................
................................
................................
................................
Agents:
120
0,13,15,29,0
1,23,6,19,27
2,7,9,17,10
3,29,13,5,16
4,29,6,8,6
5,16,2,3,17
6,26,17,1,7
7,29,18,9,3
8,5,10,7,2
9,17,28,12,31
10,24,26,5,19
11,8,29,13,4
12,15,19,16,0
13,31,27,21,23
14,3,8,20,1
15,1,12,3,25
16,20,23,12,12
17,1,5,11,13
18,8,16,4,24
19,15,30,5,22
20,7,14,15,17
21,28,29,21,30
22,19,2,19,14
23,29,11,12,6
24,16,18,23,25
25,1,3,13,6
26,25,26,13,20
27,31,18,3,27
28,6,25,29,11
29,23,20,6,31
30,10,2,22,1
31,10,20,17,26
32,5,4,3,14
33,14,3,27,4
34,16,23,28,30
35,9,21,0,25
36,26,19,15,19
37,20,10,16,11
38,30,10,20,23
39,9,12,1,10
40,21,20,17,29
41,10,16,14,18
42,7,30,10,26
43,18,25,5,13
44,23,14,21,6
45,30,14,28,3
46,24,27,24,17
47,19,5,1,16
48,3,7,30,13
49,24,14,30,24
50,19,26,27,8
51,26,24,20,26
52,8,6,0,15
53,6,20,17,4
54,19,28,16,4
55,15,11,23,20
56,31,22,1,23
57,23,26,5,15
58,13,6,16,12
59,18,21,16,22
60,11,1,13,1
61,28,30,28,13
62,31,15,14,3
63,7,23,27,9
64,17,27,29,4
65,25,18,9,24
66,7,26,21,20
67,22,12,24,1
68,19,3,2,14
69,27,2,31,1
70,30,13,14,7
71,13,8,2,12
72,26,18,10,22
73,15,25,3,21
74,31,13,1,20
75,15,9,16,16
76,6,22,19,22
77,13,28,24,20
78,18,4,3,28
79,29,5,12,17
80,19,18,17,30
81,15,5,25,6
82,2,8,17,8
83,5,22,14,24
84,28,15,3,7
85,2,1,19,19
86,2,30,6,7
87,28,31,2,30
88,31,26,19,3
89,11,31,13,16
90,11,12,16,8
91,5,28,17,2
92,22,31,14,0
93,23,10,30,9
94,26,23,27,6
95,0,7,9,1
96,21,8,4,0
97,2,22,0,29
98,28,7,26,7
99,19,9,20,28
100,17,0,15,15
101,7,4,10,19
102,20,15,5,20
103,31,11,1,6
104,21,24,21,13
105,25,29,14,19
106,19,25,24,18
107,7,3,25,27
108,31,5,21,27
109,17,6,6,17
110,1,26,6,24
111,8,20,25,31
112,28,8,27,13
113,30,4,31,20
114,11,9,4,29
115,7,10,16,24
116,4,1,8,11
117,8,7,17,14
118,0,11,26,18
119,20,2,25,17
