1
Grid:
32,32
................................
................................
................................
................................
................................
................................
................................
................................
................................
................................
................................
................................
................................
................................
................................
................................
................................
................................
................................
................................
................................
................................
................................
................................
................................
................................
................................
................................
................................
................................
................................
................................
Agents:
106
0,9,21,27,13
1,4,22,15,16
2,12,29,16,13
3,7,2,11,30
4,10,23,13,10
5,16,26,1,28
6,26,19,21,23
7,23,2,25,14
8,3,5,8,22
9,5,4,1,15
10,25,14,16,4
11,25,7,29,24
12,23,11,20,15
13,29,9,2,5
14,9,24,27,3
15,16,6,3,12
16,29,19,12,12
17,12,17,23,20
18,9,6,3,16
19,2,31,28,0
20,25,11,31,11
21,2,30,10,27
22,17,4,2,29
23,31,29,17,4
24,13,3,23,13
25,20,1,1,1
26,9,12,13,25
27,13,26,19,16
28,27,28,10,13
29,30,0,15,4
30,25,18,6,18
31,6,10,12,11
32,29,7,11,25
33,6,6,17,3
34,24,28,2,26
35,3,6,16,12
36,10,13,6,1
37,11,27,23,5
38,21,19,14,6
39,12,0,12,24
40,28,5,25,26
41,3,15,31,25
42,28,16,12,25
43,5,18,13,5
44,21,13,28,5
45,7,1,2,3
46,0,28,27,30
47,18,16,15,1
48,24,7,0,27
49,6,24,24,10
50,22,7,28,25
51,11,23,11,2
52,30,3,14,2
53,14,0,4,27
54,6,11,4,9
55,20,30,18,29
56,0,20,17,27
57,15,23,19,17
58,13,12,13,14
59,1,20,14,7
60,16,11,27,17
61,5,14,30,19
62,27,27,31,13
63,3,14,8,3
64,12,19,12,7
65,10,21,27,23
66,26,11,22,12
67,16,25,21,15
68,14,5,18,8
69,3,21,12,0
70,6,28,14,11
71,13,2,5,3
72,27,29,21,20
73,1,0,6,6
74,25,25,0,8
75,22,1,7,23
76,23,0,1,10
77,3,28,28,11
78,4,18,19,3
79,28,23,24,24
80,19,11,11,16
81,26,3,3,9
82,6,20,0,13
83,30,27,2,7
84,4,24,10,6
85,20,3,23,29
86,19,29,23,2
87,26,2,28,18
88,29,8,1,8
89,29,26,28,4
90,8,19,30,29
91,1,16,20,7
92,24,14,24,5
93,30,12,6,16
94,14,15,8,21
95,3,29,22,14
96,26,5,23,25
97,27,26,20,16
98,17,28,11,11
99,27,10,10,5
100,8,25,12,23
101,31,6,15,27
102,23,26,9,24
103,2,11,21,7
104,3,11,31,17
105,13,31,1,13
