8
Grid:
32,32
................................
................................
................................
................................
................................
................................
................................
................................
................................
................................
................................
................................
................................
................................
................................
................................
................................
................................
................................
................................
................................
................................
................................
................................
................................
................................
................................
................................
................................
................................
................................
................................
Agents:
78
0,14,13,3,17
1,23,21,6,1
2,0,9,15,17
3,10,29,20,13
4,23,17,16,16
5,6,20,18,31
6,4,26,26,2
7,18,3,21,17
8,18,19,6,28
9,26,22,13,16
10,27,5,27,3
11,23,20,0,11
12,14,29,25,20
13,24,4,4,18
14,19,4,28,8
15,20,9,6,23
16,1,26,13,10
17,26,4,21,1
18,20,29,25,0
19,12,9,26,30
20,31,2,25,2
21,30,29,4,0
22,1,2,12,25
23,13,23,24,22
24,7,0,13,6
25,31,30,15,7
26,6,3,20,6
27,21,8,1,19
28,21,3,24,15
29,7,3,26,17
30,17,6,31,1
31,10,19,15,30
32,29,28,31,14
33,18,9,15,13
34,31,13,4,7
35,15,21,20,5
36,6,16,21,30
37,23,24,17,18
38,6,26,21,24
39,19,11,14,27
40,16,1,24,31
41,28,18,19,25
42,4,21,17,25
43,3,29,21,4
44,5,18,4,24
45,14,17,9,14
46,21,9,0,21
47,23,25,5,27
48,24,11,12,27
49,31,4,0,15
50,15,3,1,29
51,23,26,18,5
52,17,10,9,18
53,24,21,15,28
54,12,29,26,11
55,2,27,24,1
56,16,27,23,20
57,18,16,1,13
58,9,23,22,28
59,14,8,23,29
60,25,21,4,2
61,4,13,11,26
62,30,30,26,31
63,31,28,18,27
64,25,29,20,20
65,31,26,15,21
66,26,14,1,2
67,27,12,1,4
68,9,2,3,5
69,1,25,30,17
70,28,13,9,3
71,16,8,10,14
72,15,19,20,3
73,0,25,29,21
74,22,7,16,18
75,28,23,23,13
76,10,26,25,12
77,30,10,5,9
