5
Grid:
32,32
................................
................................
................................
................................
................................
................................
................................
................................
................................
................................
................................
................................
................................
................................
................................
................................
................................
................................
................................
................................
................................
................................
................................
................................
................................
................................
................................
................................
................................
................................
................................
................................
Agents:
28
0,28,31,12,10
1,27,22,7,5
2,0,14,0,30
3,24,29,30,28
4,28,9,16,5
5,25,3,16,24
6,20,16,27,29
7,22,12,9,7
8,7,5,26,6
9,16,16,14,7
10,12,18,31,13
11,18,21,23,29
12,12,10,26,31
13,3,6,6,29
14,17,3,12,8
15,7,18,28,11
16,22,16,18,8
17,25,29,15,9
18,1,5,11,5
19,6,24,24,5
20,24,20,20,13
21,28,0,8,17
22,1,24,25,14
23,7,2,6,3
24,29,22,15,8
25,9,3,15,28
26,17,5,22,2
27,26,9,15,11
