5
Grid:
32,32
................................
................................
................................
................................
................................
................................
................................
................................
................................
................................
................................
................................
................................
................................
................................
................................
................................
................................
................................
................................
................................
................................
................................
................................
................................
................................
................................
................................
................................
................................
................................
................................
Agents:
58
0,19,22,1,2
1,18,15,10,18
2,6,29,23,31
3,29,6,0,16
4,15,9,12,9
5,21,4,4,16
6,4,31,6,30
7,30,25,7,15
8,13,19,8,0
9,3,17,30,20
10,6,2,24,7
11,7,9,17,22
12,11,29,18,20
13,27,10,15,18
14,15,1,14,16
15,10,23,16,28
16,26,29,2,15
17,0,3,4,11
18,21,2,28,2
19,20,21,22,22
20,2,11,17,20
21,15,27,16,19
22,8,0,18,2
23,12,27,2,6
24,19,25,0,9
25,17,18,16,31
26,13,17,5,7
27,3,9,25,17
28,2,18,2,26
29,22,14,13,16
30,30,30,16,3
31,10,7,29,15
32,30,26,13,17
33,3,10,17,24
34,30,14,16,27
35,14,27,3,16
36,18,11,28,11
37,0,11,5,29
38,18,29,30,14
39,30,19,24,1
40,14,16,0,21
41,6,7,10,24
42,16,15,30,30
43,20,12,5,5
44,31,10,12,7
45,19,15,18,19
46,20,1,29,8
47,28,10,24,8
48,21,3,23,30
49,30,17,26,13
50,24,8,5,26
51,26,3,24,25
52,30,3,11,17
53,8,24,7,18
54,23,4,7,26
55,20,3,23,13
56,31,13,5,10
57,23,3,13,22
