1
Grid:
32,32
................................
................................
................................
................................
................................
................................
................................
................................
................................
................................
................................
................................
................................
................................
................................
................................
................................
................................
................................
................................
................................
................................
................................
................................
................................
................................
................................
................................
................................
................................
................................
................................
Agents:
110
0,27,7,5,0
1,20,20,1,11
2,18,19,13,26
3,13,25,29,29
4,4,29,14,27
5,17,7,27,5
6,25,29,16,27
7,1,27,28,1
8,2,11,9,31
9,8,6,24,8
10,16,27,17,2
11,27,22,18,13
12,11,22,19,10
13,3,10,21,28
14,25,20,26,28
15,23,17,24,28
16,18,16,11,16
17,1,13,27,27
18,22,27,22,8
19,13,31,29,22
20,30,29,9,17
21,21,6,10,15
22,9,5,16,1
23,29,12,0,14
24,12,19,26,7
25,18,10,29,10
26,5,14,3,23
27,6,31,6,5
28,11,29,3,21
29,8,28,21,5
30,15,3,14,6
31,31,16,9,14
32,20,9,27,11
33,27,19,16,22
34,5,7,25,2
35,30,8,28,20
36,7,19,24,6
37,6,20,17,20
38,12,6,18,20
39,25,23,1,5
40,30,6,4,29
41,2,13,30,7
42,12,4,0,16
43,9,2,26,10
44,1,24,4,15
45,18,17,7,0
46,15,27,29,28
47,29,4,20,30
48,0,10,27,17
49,16,20,4,11
50,16,24,13,31
51,14,10,14,3
52,12,28,15,6
53,6,19,22,30
54,25,22,12,15
55,17,2,23,18
56,3,23,6,22
57,4,25,13,17
58,14,25,6,6
59,19,16,18,31
60,31,25,31,25
61,17,12,24,25
62,20,12,7,8
63,25,12,22,29
64,22,1,13,4
65,20,2,7,15
66,21,4,1,14
67,7,5,22,23
68,24,23,17,5
69,1,15,4,27
70,30,22,14,10
71,8,10,19,8
72,7,15,6,13
73,14,24,27,8
74,23,3,28,14
75,22,6,18,24
76,22,0,27,26
77,20,23,0,9
78,7,1,24,29
79,21,31,29,8
80,3,25,6,30
81,28,24,31,23
82,2,14,27,2
83,13,30,19,23
84,16,30,17,17
85,1,23,15,7
86,24,3,15,22
87,18,8,5,6
88,16,6,7,16
89,4,5,11,8
90,30,1,31,5
91,21,19,11,4
92,11,14,19,9
93,12,21,4,17
94,15,15,19,5
95,1,1,30,30
96,26,16,5,17
97,8,25,29,24
98,2,15,9,25
99,7,24,20,14
100,2,30,27,22
101,14,18,22,26
102,13,11,1,20
103,7,0,31,4
104,29,16,1,7
105,0,2,18,7
106,4,9,30,20
107,2,23,31,18
108,14,0,29,23
109,31,11,23,5
