7
Grid:
32,32
................................
................................
................................
................................
................................
................................
................................
................................
................................
................................
................................
................................
................................
................................
................................
................................
................................
................................
................................
................................
................................
................................
................................
................................
................................
................................
................................
................................
................................
................................
................................
................................
Agents:
20
0,27,12,2,9
1,28,26,19,17
2,19,21,25,17
3,29,25,22,17
4,14,22,28,7
5,31,25,1,15
6,3,27,30,4
7,10,27,0,28
8,20,28,1,11
9,14,14,21,18
10,22,23,12,30
11,31,30,27,14
12,25,27,9,10
13,10,1,3,12
14,24,27,5,23
15,22,13,7,17
16,16,25,30,22
17,11,14,4,2
18,0,17,12,22
19,3,13,10,13
