1
Grid:
32,32
................................
................................
................................
................................
................................
................................
................................
................................
................................
................................
................................
................................
................................
................................
................................
................................
................................
................................
................................
................................
................................
................................
................................
................................
................................
................................
................................
................................
................................
................................
................................
................................
Agents:
102
0,9,26,26,30
1,10,12,22,23
2,9,30,25,26
3,31,12,7,22
4,24,25,22,7
5,20,13,18,6
6,20,18,0,11
7,12,26,19,24
8,29,1,19,18
9,6,29,24,23
10,14,9,20,31
11,19,16,11,18
12,3,9,22,27
13,17,14,17,18
14,30,25,2,17
15,28,27,11,3
16,18,16,24,13
17,22,13,8,3
18,7,31,12,26
19,17,16,24,5
20,3,24,13,9
21,3,0,15,3
22,18,31,31,29
23,26,5,16,22
24,25,21,21,15
25,8,2,11,12
26,27,31,6,21
27,7,25,28,10
28,8,31,29,17
29,13,17,5,10
30,14,30,10,21
31,5,1,27,29
32,17,24,1,2
33,0,28,29,4
34,3,16,9,15
35,26,7,6,23
36,11,29,12,14
37,6,26,29,6
38,12,3,22,5
39,23,18,25,13
40,19,24,1,5
41,0,30,4,23
42,10,25,2,4
43,0,19,13,1
44,8,29,20,16
45,4,8,30,9
46,18,0,26,3
47,1,4,4,29
48,18,1,17,1
49,15,25,22,30
50,30,29,13,12
51,2,9,2,8
52,27,0,12,19
53,23,29,3,19
54,24,12,9,0
55,12,5,2,27
56,7,26,24,25
57,29,21,20,14
58,30,6,10,7
59,23,24,13,18
60,24,13,13,25
61,19,6,23,3
62,11,18,21,16
63,21,11,9,17
64,28,1,17,5
65,8,10,27,14
66,19,29,5,16
67,20,22,9,13
68,22,23,20,6
69,3,10,22,4
70,1,2,31,27
71,26,28,1,7
72,16,31,18,0
73,0,24,26,7
74,2,12,30,6
75,6,11,11,29
76,10,23,25,29
77,1,17,27,21
78,9,27,26,21
79,29,8,6,27
80,10,11,30,30
81,1,22,28,11
82,4,2,5,24
83,17,10,21,6
84,5,7,10,5
85,31,7,20,4
86,3,13,23,0
87,22,21,30,7
88,18,23,8,24
89,22,12,31,2
90,18,29,9,30
91,8,15,19,20
92,27,28,28,13
93,27,2,1,4
94,26,26,19,28
95,31,21,29,10
96,1,3,27,16
97,13,21,30,18
98,18,27,5,0
99,13,30,2,24
100,1,12,1,16
101,30,18,14,26
