0
Grid:
32,32
................................
................................
................................
................................
................................
................................
................................
................................
................................
................................
................................
................................
................................
................................
................................
................................
................................
................................
................................
................................
................................
................................
................................
................................
................................
................................
................................
................................
................................
................................
................................
................................
Agents:
24
0,6,4,7,13
1,22,29,7,11
2,5,7,12,27
3,28,14,15,12
4,9,11,14,18
5,8,12,3,17
6,16,5,23,22
7,7,26,5,5
8,5,1,9,24
9,0,2,13,5
10,15,8,15,16
11,29,22,21,8
12,27,24,1,26
13,9,9,27,15
14,25,21,23,3
15,19,17,4,8
16,9,23,22,18
17,19,26,23,1
18,7,9,10,0
19,24,6,21,10
20,31,16,15,29
21,29,24,13,9
22,24,7,11,0
23,24,21,24,6
