4
Grid:
32,32
................................
................................
................................
................................
................................
................................
................................
................................
................................
................................
................................
................................
................................
................................
................................
................................
................................
................................
................................
................................
................................
................................
................................
................................
................................
................................
................................
................................
................................
................................
................................
................................
Agents:
54
0,19,26,13,26
1,0,26,22,20
2,31,8,22,22
3,28,11,21,14
4,8,14,3,25
5,28,24,23,19
6,13,14,14,7
7,21,27,12,22
8,8,17,1,13
9,24,0,23,5
10,27,12,1,24
11,24,23,11,30
12,18,9,19,24
13,4,10,1,22
14,0,9,10,4
15,28,19,20,17
16,15,27,18,5
17,25,30,1,4
18,19,1,20,1
19,1,11,22,12
20,30,21,27,3
21,7,31,25,16
22,26,3,29,29
23,30,18,12,30
24,18,14,13,17
25,8,4,0,19
26,8,12,20,28
27,17,7,31,26
28,2,8,29,1
29,8,22,7,28
30,3,18,26,22
31,10,31,14,23
32,17,9,6,16
33,8,18,20,30
34,21,22,0,16
35,8,6,18,20
36,16,13,6,18
37,2,5,17,15
38,4,24,11,20
39,29,15,13,11
40,10,18,13,15
41,24,18,7,10
42,0,24,27,10
43,10,3,12,10
44,9,18,27,18
45,25,10,13,28
46,7,12,22,10
47,11,8,27,12
48,14,16,27,31
49,26,11,20,29
50,29,27,16,10
51,6,1,6,2
52,10,12,31,23
53,2,9,9,2
