1
Grid:
32,32
................................
................................
................................
................................
................................
................................
................................
................................
................................
................................
................................
................................
................................
................................
................................
................................
................................
................................
................................
................................
................................
................................
................................
................................
................................
................................
................................
................................
................................
................................
................................
................................
Agents:
124
0,21,1,16,26
1,17,5,17,31
2,4,0,1,24
3,24,0,1,17
4,2,31,22,20
5,0,20,15,12
6,30,17,25,7
7,20,22,24,3
8,8,14,19,25
9,0,21,10,8
10,24,1,31,21
11,20,5,3,23
12,22,11,28,19
13,20,27,8,8
14,9,24,20,12
15,11,20,9,0
16,2,9,11,13
17,8,10,17,8
18,30,25,8,5
19,31,4,2,0
20,7,25,20,16
21,11,3,18,28
22,9,7,13,29
23,29,2,15,18
24,9,28,13,18
25,28,14,4,8
26,19,27,3,7
27,26,19,3,8
28,13,11,27,12
29,14,24,11,28
30,12,28,7,11
31,22,10,7,21
32,20,12,2,2
33,18,21,15,21
34,9,10,27,25
35,24,14,6,14
36,15,28,29,15
37,14,31,31,5
38,22,16,18,23
39,28,15,0,25
40,14,18,19,0
41,18,12,0,15
42,27,29,21,5
43,0,6,14,13
44,14,21,30,11
45,29,18,1,29
46,11,6,9,9
47,24,10,30,14
48,2,0,14,7
49,15,29,28,30
50,20,8,25,16
51,25,30,22,26
52,4,13,16,30
53,31,23,10,29
54,13,27,17,27
55,29,28,26,21
56,15,30,22,3
57,10,26,1,5
58,10,9,4,28
59,14,22,7,24
60,12,12,19,1
61,6,19,30,16
62,12,5,23,16
63,3,8,21,11
64,3,3,27,16
65,28,21,29,13
66,1,31,23,7
67,26,6,13,21
68,24,19,24,10
69,29,8,29,20
70,23,0,22,25
71,3,13,15,23
72,28,30,14,2
73,0,24,14,11
74,18,24,3,4
75,17,8,26,13
76,1,5,28,11
77,17,31,12,1
78,10,23,22,0
79,20,10,9,3
80,31,8,24,22
81,27,16,29,24
82,3,4,5,14
83,1,22,28,14
84,1,0,22,23
85,25,3,2,29
86,20,19,28,16
87,28,12,14,3
88,2,22,22,12
89,11,5,29,4
90,4,18,31,9
91,1,8,16,10
92,3,6,24,31
93,19,14,2,18
94,20,15,21,15
95,28,10,19,31
96,23,17,21,7
97,31,13,8,1
98,9,5,21,2
99,29,20,3,2
100,12,15,28,28
101,6,27,4,27
102,4,19,29,0
103,2,16,19,5
104,31,14,18,13
105,20,25,4,29
106,28,19,29,6
107,16,6,16,6
108,31,12,10,10
109,7,15,29,2
110,12,19,10,3
111,8,25,8,17
112,12,17,18,20
113,9,0,0,18
114,31,21,27,31
115,11,15,22,1
116,26,4,13,19
117,7,24,19,23
118,10,17,3,30
119,16,25,1,19
120,24,13,25,6
121,21,30,11,7
122,21,12,6,4
123,29,13,12,7
