0
Grid:
32,32
................................
................................
................................
................................
................................
................................
................................
................................
................................
................................
................................
................................
................................
................................
................................
................................
................................
................................
................................
................................
................................
................................
................................
................................
................................
................................
................................
................................
................................
................................
................................
................................
Agents:
124
0,9,5,26,9
1,3,6,19,17
2,10,19,22,29
3,31,16,31,28
4,1,2,28,3
5,7,4,9,4
6,20,11,7,23
7,31,20,2,25
8,27,12,30,10
9,24,1,18,5
10,25,7,6,4
11,25,27,4,29
12,12,8,28,17
13,3,27,25,19
14,1,27,28,10
15,29,27,16,26
16,17,22,30,15
17,21,21,4,10
18,30,7,4,9
19,26,8,16,28
20,24,20,17,20
21,29,20,20,24
22,15,23,29,28
23,18,5,4,6
24,0,23,29,31
25,26,11,12,23
26,14,13,11,6
27,6,2,8,14
28,12,7,7,6
29,25,2,15,14
30,16,4,1,27
31,14,6,26,26
32,5,11,29,22
33,19,30,29,21
34,21,10,23,29
35,22,19,14,20
36,18,16,19,22
37,8,4,21,13
38,9,4,1,12
39,12,20,14,11
40,21,30,13,19
41,27,10,13,24
42,0,17,11,21
43,12,4,26,0
44,15,19,22,2
45,8,22,11,27
46,14,23,15,19
47,6,23,11,1
48,15,4,20,5
49,4,19,3,8
50,15,22,9,19
51,0,6,4,13
52,25,30,17,23
53,4,1,12,20
54,24,8,27,6
55,27,4,25,10
56,12,18,22,20
57,5,19,22,16
58,30,15,10,7
59,15,2,23,19
60,1,31,27,16
61,5,26,14,27
62,23,20,21,23
63,30,17,7,31
64,20,8,19,0
65,16,1,19,19
66,14,4,8,6
67,9,25,4,23
68,24,14,14,19
69,31,13,9,22
70,26,0,18,24
71,26,10,27,23
72,10,6,1,25
73,11,2,25,7
74,18,28,8,21
75,5,21,28,31
76,4,13,6,21
77,21,0,2,10
78,1,30,15,20
79,6,15,18,15
80,3,7,21,27
81,19,19,8,16
82,3,3,28,9
83,26,16,2,11
84,15,1,4,18
85,7,0,18,6
86,15,17,26,25
87,8,28,17,27
88,31,24,14,9
89,2,26,14,26
90,28,1,25,30
91,15,8,15,8
92,24,26,0,31
93,7,16,17,10
94,22,31,0,21
95,2,7,9,6
96,7,7,13,16
97,1,21,18,0
98,6,3,26,10
99,5,20,22,22
100,27,7,3,14
101,14,21,6,31
102,6,6,10,16
103,8,27,22,5
104,16,25,8,10
105,14,2,18,18
106,20,17,9,14
107,19,0,16,2
108,8,31,16,15
109,19,29,2,24
110,4,16,6,16
111,20,23,27,4
112,22,13,23,10
113,19,25,0,10
114,28,26,30,23
115,13,16,30,26
116,11,18,19,13
117,9,3,30,7
118,11,17,10,8
119,22,28,15,26
120,17,0,14,1
121,19,22,13,17
122,19,1,31,30
123,12,16,7,27
