9
Grid:
32,32
................................
................................
................................
................................
................................
................................
................................
................................
................................
................................
................................
................................
................................
................................
................................
................................
................................
................................
................................
................................
................................
................................
................................
................................
................................
................................
................................
................................
................................
................................
................................
................................
Agents:
106
0,11,18,2,6
1,3,17,25,18
2,25,21,19,8
3,25,18,2,13
4,3,19,30,15
5,9,0,29,21
6,26,14,22,21
7,1,7,21,20
8,8,24,5,28
9,7,3,14,11
10,23,30,4,5
11,19,27,22,17
12,1,5,26,0
13,23,27,6,24
14,13,23,7,30
15,3,3,12,9
16,24,15,17,3
17,25,27,13,20
18,7,1,20,3
19,5,1,10,27
20,14,13,12,26
21,26,12,4,28
22,20,2,19,31
23,13,21,9,3
24,26,20,22,13
25,2,16,4,23
26,17,30,13,1
27,17,12,26,1
28,30,7,1,2
29,16,20,25,25
30,30,30,13,24
31,5,11,30,7
32,15,6,8,11
33,7,11,10,14
34,21,6,2,27
35,31,6,30,9
36,18,5,0,11
37,21,10,24,25
38,4,6,19,1
39,6,31,19,16
40,23,1,31,16
41,0,24,14,18
42,21,19,2,11
43,17,26,8,5
44,30,12,15,5
45,28,31,23,3
46,17,17,20,0
47,2,15,30,11
48,7,14,4,22
49,29,14,21,7
50,27,1,11,13
51,31,20,18,12
52,20,27,1,21
53,29,11,8,17
54,8,6,9,9
55,1,16,24,23
56,28,28,21,11
57,29,12,20,8
58,22,28,8,1
59,20,12,30,14
60,13,9,11,6
61,9,31,4,6
62,21,1,5,4
63,2,5,24,26
64,2,21,27,27
65,9,23,16,6
66,3,22,15,30
67,2,12,29,7
68,3,26,13,2
69,21,5,8,24
70,18,23,8,18
71,4,4,26,5
72,30,0,23,11
73,20,6,3,27
74,18,27,19,26
75,24,0,7,3
76,19,22,13,28
77,10,20,6,14
78,5,27,27,17
79,9,3,15,14
80,15,9,17,30
81,12,6,2,23
82,26,17,16,17
83,8,28,16,3
84,26,21,25,11
85,5,5,6,21
86,1,21,0,29
87,13,28,10,7
88,18,7,17,16
89,28,8,27,3
90,29,21,26,22
91,2,11,0,28
92,1,15,9,2
93,20,25,15,24
94,28,15,12,23
95,20,16,22,6
96,20,21,7,28
97,19,13,2,22
98,12,1,7,20
99,18,28,23,28
100,25,11,15,2
101,20,30,28,13
102,16,4,23,1
103,19,15,8,6
104,14,12,7,23
105,16,28,29,3
