2
Grid:
32,32
................................
................................
................................
................................
................................
................................
................................
................................
................................
................................
................................
................................
................................
................................
................................
................................
................................
................................
................................
................................
................................
................................
................................
................................
................................
................................
................................
................................
................................
................................
................................
................................
Agents:
110
0,23,16,1,10
1,12,7,29,30
2,7,20,18,24
3,25,0,2,22
4,13,4,20,18
5,8,14,3,31
6,30,25,14,23
7,11,5,8,19
8,4,12,3,25
9,23,8,18,26
10,5,25,22,17
11,22,29,4,22
12,22,24,17,22
13,10,17,3,16
14,16,23,20,17
15,4,17,18,12
16,30,17,13,28
17,29,19,21,17
18,0,13,29,8
19,18,7,3,23
20,31,2,19,5
21,17,11,16,6
22,13,21,7,13
23,20,20,10,2
24,19,21,18,14
25,7,29,0,21
26,0,30,21,9
27,25,14,31,30
28,26,0,6,0
29,29,1,27,24
30,21,28,24,17
31,19,16,24,9
32,10,13,15,23
33,26,25,27,8
34,7,17,10,30
35,11,9,18,19
36,21,30,21,23
37,26,19,10,21
38,12,1,9,29
39,25,1,11,31
40,3,21,4,27
41,29,27,15,28
42,16,6,16,1
43,16,31,11,23
44,23,15,26,8
45,24,0,11,15
46,16,17,0,22
47,17,2,4,26
48,15,0,19,1
49,1,31,15,22
50,26,27,2,26
51,12,2,4,1
52,9,30,11,1
53,8,2,23,24
54,4,6,24,16
55,2,25,10,11
56,6,27,11,4
57,29,0,19,29
58,31,23,11,0
59,0,3,12,18
60,1,24,31,13
61,24,11,21,28
62,24,3,1,16
63,13,23,8,14
64,3,11,24,7
65,0,25,24,12
66,7,8,22,10
67,8,26,29,19
68,18,18,2,14
69,29,14,6,25
70,27,17,17,27
71,12,31,12,31
72,25,21,3,26
73,20,16,6,26
74,3,23,11,10
75,0,29,15,2
76,2,31,6,14
77,25,19,7,21
78,10,29,14,4
79,5,5,8,13
80,20,12,23,18
81,2,22,12,27
82,24,12,22,16
83,23,4,13,16
84,5,13,15,0
85,5,15,23,23
86,31,16,15,9
87,11,25,3,2
88,18,3,9,6
89,15,28,2,9
90,11,2,24,24
91,15,21,24,29
92,16,20,4,8
93,12,24,30,23
94,14,22,12,30
95,6,12,14,15
96,25,30,7,10
97,17,18,16,3
98,23,19,29,20
99,31,8,28,12
100,8,17,14,27
101,21,23,9,15
102,23,22,1,4
103,11,21,18,4
104,21,11,29,28
105,5,2,14,21
106,20,17,17,9
107,1,12,1,15
108,21,16,5,15
109,1,21,9,14
