0
Grid:
32,32
................................
................................
................................
................................
................................
................................
................................
................................
................................
................................
................................
................................
................................
................................
................................
................................
................................
................................
................................
................................
................................
................................
................................
................................
................................
................................
................................
................................
................................
................................
................................
................................
Agents:
66
0,15,29,4,10
1,9,29,10,27
2,1,20,7,28
3,0,16,18,28
4,28,7,3,1
5,20,9,3,19
6,16,3,27,29
7,6,8,10,4
8,29,4,13,7
9,24,27,2,27
10,20,7,20,0
11,8,10,25,5
12,19,22,16,27
13,25,28,7,9
14,31,8,10,3
15,3,9,30,29
16,13,14,23,30
17,12,7,23,20
18,2,21,13,18
19,25,26,15,13
20,5,30,13,3
21,4,5,18,12
22,23,21,29,24
23,3,0,0,14
24,14,25,24,21
25,31,24,4,16
26,2,15,21,10
27,26,7,31,2
28,21,31,2,28
29,9,10,26,11
30,27,3,28,21
31,16,19,6,17
32,3,10,5,8
33,27,1,12,8
34,23,30,4,31
35,5,8,5,21
36,10,30,6,8
37,22,22,20,5
38,2,2,15,26
39,18,30,0,1
40,19,25,21,6
41,13,6,13,24
42,9,11,30,8
43,7,30,14,16
44,20,4,30,22
45,18,3,17,12
46,12,14,4,29
47,30,1,20,11
48,13,16,2,9
49,2,12,31,20
50,25,1,23,15
51,8,15,19,8
52,19,23,27,14
53,13,4,14,6
54,24,3,1,16
55,4,18,21,3
56,12,10,10,29
57,23,1,5,10
58,22,10,12,26
59,10,24,27,30
60,3,28,2,3
61,13,19,7,19
62,12,2,9,29
63,28,27,16,2
64,31,21,14,20
65,9,18,12,5
