2
Grid:
32,32
................................
................................
................................
................................
................................
................................
................................
................................
................................
................................
................................
................................
................................
................................
................................
................................
................................
................................
................................
................................
................................
................................
................................
................................
................................
................................
................................
................................
................................
................................
................................
................................
Agents:
34
0,28,0,22,22
1,29,21,12,15
2,8,15,8,8
3,27,16,24,30
4,22,11,28,28
5,13,20,2,2
6,5,0,30,16
7,9,23,24,12
8,16,21,29,1
9,11,10,7,2
10,1,20,5,29
11,29,23,22,8
12,21,14,8,7
13,19,16,9,18
14,20,29,1,4
15,20,15,5,13
16,13,1,21,12
17,6,2,6,5
18,12,2,26,13
19,13,13,22,3
20,0,27,7,14
21,20,24,3,30
22,6,13,15,9
23,2,4,30,30
24,20,18,6,28
25,30,11,9,27
26,20,2,27,31
27,15,7,25,17
28,3,5,1,22
29,31,25,26,2
30,28,11,21,20
31,27,24,2,14
32,22,30,13,19
33,6,3,20,25
