7
Grid:
32,32
................................
................................
................................
................................
................................
................................
................................
................................
................................
................................
................................
................................
................................
................................
................................
................................
................................
................................
................................
................................
................................
................................
................................
................................
................................
................................
................................
................................
................................
................................
................................
................................
Agents:
82
0,21,25,27,16
1,0,14,12,3
2,5,14,28,20
3,2,4,0,29
4,8,21,21,18
5,6,14,28,27
6,19,17,16,15
7,19,27,22,0
8,18,18,30,20
9,6,30,19,0
10,2,15,10,17
11,5,22,9,7
12,28,26,24,9
13,25,20,7,14
14,31,31,27,7
15,4,17,1,29
16,11,1,17,19
17,23,25,25,5
18,0,19,21,24
19,25,16,30,24
20,25,28,27,24
21,26,19,0,27
22,18,10,25,7
23,25,15,31,22
24,19,3,13,13
25,13,25,30,16
26,21,22,5,29
27,31,6,10,28
28,19,9,29,18
29,21,14,3,5
30,5,8,6,4
31,16,21,25,0
32,3,18,13,31
33,26,26,9,27
34,27,30,0,17
35,25,21,23,15
36,5,6,8,4
37,21,18,15,3
38,3,17,23,18
39,1,10,6,9
40,0,27,29,4
41,18,11,13,5
42,27,20,23,3
43,1,16,27,23
44,27,10,30,29
45,23,17,19,23
46,3,29,7,13
47,7,7,19,3
48,20,25,3,12
49,8,14,6,28
50,0,0,4,5
51,17,25,9,4
52,17,1,14,4
53,6,1,16,2
54,9,10,30,9
55,14,9,22,24
56,22,5,9,15
57,25,14,0,28
58,16,10,7,18
59,21,5,30,5
60,29,11,28,1
61,14,4,16,9
62,14,6,20,17
63,9,26,3,28
64,21,6,22,25
65,10,27,7,9
66,2,8,20,11
67,31,3,4,24
68,16,31,25,28
69,4,16,5,30
70,28,13,17,31
71,26,30,20,10
72,3,25,31,13
73,22,10,10,0
74,4,3,25,19
75,17,21,11,30
76,5,23,5,2
77,10,12,7,25
78,18,0,17,0
79,23,15,0,11
80,20,8,29,29
81,22,19,20,26
