7
Grid:
32,32
................................
................................
................................
................................
................................
................................
................................
................................
................................
................................
................................
................................
................................
................................
................................
................................
................................
................................
................................
................................
................................
................................
................................
................................
................................
................................
................................
................................
................................
................................
................................
................................
Agents:
72
0,5,17,7,22
1,7,28,25,29
2,19,7,9,3
3,5,6,23,15
4,15,4,5,24
5,27,27,7,15
6,1,13,10,6
7,8,4,15,30
8,23,21,20,19
9,15,29,18,7
10,6,17,28,19
11,20,7,23,11
12,13,13,2,23
13,30,27,26,9
14,19,15,16,10
15,30,16,30,16
16,30,22,3,9
17,16,21,27,28
18,5,0,25,23
19,14,21,29,27
20,22,30,24,24
21,10,19,13,4
22,0,9,15,3
23,27,1,29,18
24,14,15,25,19
25,22,23,12,3
26,6,19,15,8
27,19,20,27,21
28,29,31,18,1
29,14,6,17,4
30,9,9,28,0
31,18,31,30,27
32,6,11,20,31
33,29,10,16,5
34,29,19,20,11
35,7,26,17,31
36,6,8,21,30
37,6,0,20,22
38,7,4,9,28
39,17,29,10,10
40,12,3,29,0
41,24,6,3,7
42,9,10,10,31
43,2,27,10,12
44,23,6,19,6
45,17,7,23,29
46,11,13,5,10
47,11,10,0,8
48,13,20,24,22
49,11,17,16,25
50,4,27,11,26
51,16,31,5,23
52,16,12,14,21
53,12,11,20,25
54,13,29,10,20
55,24,10,27,13
56,21,11,5,18
57,28,15,17,29
58,6,31,20,8
59,1,18,26,2
60,7,1,27,7
61,28,24,18,15
62,14,25,1,21
63,29,27,13,21
64,18,18,4,21
65,25,0,3,26
66,25,17,18,3
67,19,25,28,17
68,22,29,19,23
69,30,23,24,18
70,14,26,11,16
71,13,7,0,7
