4
Grid:
32,32
................................
................................
................................
................................
................................
................................
................................
................................
................................
................................
................................
................................
................................
................................
................................
................................
................................
................................
................................
................................
................................
................................
................................
................................
................................
................................
................................
................................
................................
................................
................................
................................
Agents:
98
0,13,3,23,19
1,19,30,3,19
2,0,10,12,12
3,2,11,17,29
4,2,21,5,19
5,18,7,23,24
6,22,14,13,17
7,13,26,7,21
8,11,31,18,9
9,5,21,20,6
10,26,10,19,9
11,26,13,31,8
12,17,20,21,11
13,14,1,7,9
14,1,4,7,2
15,16,26,9,11
16,11,6,17,26
17,30,20,14,4
18,22,19,1,31
19,30,29,19,11
20,6,19,29,3
21,31,6,2,22
22,8,8,28,3
23,18,20,3,9
24,31,19,1,11
25,22,18,4,3
26,27,25,13,25
27,17,2,2,30
28,9,6,5,0
29,13,11,23,12
30,28,1,13,5
31,9,30,13,21
32,5,24,25,5
33,27,16,11,16
34,16,25,7,1
35,3,24,0,19
36,1,7,5,21
37,15,7,26,0
38,11,20,21,30
39,4,8,9,28
40,1,25,22,7
41,2,14,24,4
42,14,29,17,15
43,30,18,2,6
44,20,27,30,25
45,10,15,11,4
46,6,18,10,23
47,1,5,30,21
48,10,1,19,25
49,1,16,24,1
50,13,2,10,29
51,3,6,5,26
52,15,30,6,15
53,10,10,16,16
54,23,21,12,30
55,2,4,18,2
56,10,2,19,17
57,30,27,22,26
58,26,9,4,20
59,27,21,23,30
60,14,20,18,19
61,17,14,6,1
62,6,9,11,10
63,28,9,29,22
64,27,31,2,14
65,22,27,14,19
66,30,15,16,4
67,12,10,17,7
68,7,10,4,12
69,4,21,17,18
70,13,1,6,2
71,8,30,15,13
72,6,14,7,19
73,17,25,24,12
74,21,3,31,13
75,7,14,14,31
76,23,27,19,22
77,12,2,24,9
78,13,0,8,19
79,13,13,11,6
80,2,13,10,9
81,9,10,1,13
82,28,0,16,23
83,1,17,5,17
84,6,16,0,7
85,6,8,15,25
86,24,25,5,18
87,30,24,16,8
88,24,7,18,29
89,4,2,27,27
90,3,10,28,28
91,28,6,12,22
92,28,22,23,0
93,18,31,12,20
94,23,29,17,23
95,18,3,10,30
96,17,17,14,29
97,29,5,30,5
