1
Grid:
32,32
................................
................................
................................
................................
................................
................................
................................
................................
................................
................................
................................
................................
................................
................................
................................
................................
................................
................................
................................
................................
................................
................................
................................
................................
................................
................................
................................
................................
................................
................................
................................
................................
Agents:
68
0,23,27,14,29
1,1,15,19,22
2,16,22,29,11
3,27,21,5,24
4,21,18,2,23
5,20,21,5,29
6,19,29,5,20
7,1,24,17,0
8,21,9,30,24
9,11,19,20,18
10,28,2,21,17
11,30,15,7,12
12,2,17,22,27
13,0,26,28,23
14,23,16,19,5
15,5,26,29,14
16,22,8,11,22
17,8,14,13,2
18,2,15,31,1
19,29,2,11,4
20,3,22,29,0
21,2,5,1,3
22,27,11,6,30
23,23,22,0,26
24,8,9,13,22
25,14,8,26,13
26,0,30,0,8
27,6,21,30,22
28,29,17,19,20
29,13,30,4,3
30,21,0,0,6
31,30,5,17,16
32,12,25,27,23
33,31,11,18,27
34,20,19,30,28
35,22,6,30,31
36,11,8,8,29
37,15,5,31,7
38,31,24,28,8
39,19,22,13,28
40,26,10,0,11
41,17,14,13,17
42,2,29,24,18
43,26,23,27,1
44,2,19,9,18
45,16,16,14,15
46,1,30,9,24
47,12,3,4,25
48,23,29,13,3
49,25,1,3,31
50,12,12,12,25
51,1,21,7,11
52,18,8,30,17
53,28,23,1,22
54,14,0,5,8
55,21,5,19,18
56,29,23,0,23
57,4,10,2,21
58,14,16,10,3
59,30,7,5,30
60,9,1,24,20
61,2,6,27,0
62,4,12,22,7
63,27,12,27,5
64,14,1,14,12
65,30,18,1,2
66,9,13,6,20
67,9,28,29,30
