2
Grid:
32,32
................................
................................
................................
................................
................................
................................
................................
................................
................................
................................
................................
................................
................................
................................
................................
................................
................................
................................
................................
................................
................................
................................
................................
................................
................................
................................
................................
................................
................................
................................
................................
................................
Agents:
68
0,23,16,27,9
1,15,2,16,30
2,8,29,12,18
3,29,0,11,19
4,5,2,22,10
5,23,31,14,24
6,19,13,23,9
7,31,26,18,17
8,20,8,6,21
9,23,9,12,21
10,26,16,11,28
11,29,6,2,26
12,11,5,5,5
13,17,0,0,30
14,15,21,27,6
15,17,12,29,13
16,31,2,9,2
17,17,16,1,21
18,24,31,29,9
19,25,6,9,29
20,20,16,17,9
21,8,16,13,12
22,24,26,18,11
23,13,11,14,4
24,7,10,10,13
25,1,1,30,23
26,10,30,16,11
27,20,6,0,0
28,19,8,17,26
29,22,2,7,21
30,11,29,1,2
31,16,16,31,12
32,17,11,5,19
33,31,17,27,16
34,27,14,14,18
35,1,21,4,14
36,15,17,7,31
37,21,9,12,17
38,8,13,7,6
39,14,17,12,31
40,24,6,13,30
41,24,5,3,22
42,19,15,12,15
43,29,16,4,16
44,9,22,15,16
45,27,23,8,1
46,0,24,2,8
47,31,12,5,16
48,26,27,5,24
49,15,25,31,29
50,8,12,29,1
51,18,25,26,19
52,8,10,28,15
53,29,5,12,8
54,26,5,12,12
55,10,5,24,17
56,4,11,4,26
57,28,1,30,8
58,10,29,20,18
59,3,15,19,4
60,17,17,25,1
61,11,24,1,24
62,21,30,11,29
63,9,16,20,7
64,14,1,12,25
65,22,29,5,12
66,22,31,23,12
67,28,7,0,19
