9
Grid:
32,32
................................
................................
................................
................................
................................
................................
................................
................................
................................
................................
................................
................................
................................
................................
................................
................................
................................
................................
................................
................................
................................
................................
................................
................................
................................
................................
................................
................................
................................
................................
................................
................................
Agents:
40
0,18,29,13,19
1,13,25,13,9
2,13,7,9,26
3,20,21,16,3
4,22,17,22,6
5,12,29,22,1
6,23,22,19,5
7,20,17,25,26
8,28,26,25,8
9,21,14,7,25
10,30,25,26,30
11,19,17,22,21
12,29,1,0,20
13,14,23,1,25
14,23,17,16,1
15,16,26,26,9
16,23,8,25,14
17,1,13,22,16
18,7,22,22,22
19,17,23,24,13
20,3,14,5,26
21,30,12,16,30
22,0,17,4,22
23,5,2,5,1
24,19,24,15,8
25,17,24,18,18
26,28,5,26,10
27,28,24,27,17
28,9,27,22,10
29,27,11,28,2
30,25,28,24,27
31,30,4,22,30
32,1,17,9,11
33,6,14,12,7
34,20,6,0,2
35,10,6,10,8
36,8,29,24,25
37,11,15,17,26
38,26,7,5,10
39,16,12,8,28
