4
Grid:
32,32
................................
................................
................................
................................
................................
................................
................................
................................
................................
................................
................................
................................
................................
................................
................................
................................
................................
................................
................................
................................
................................
................................
................................
................................
................................
................................
................................
................................
................................
................................
................................
................................
Agents:
104
0,31,7,15,30
1,25,13,4,21
2,30,27,30,10
3,12,25,5,17
4,21,31,4,3
5,5,19,20,22
6,13,11,2,18
7,12,24,21,4
8,14,25,17,1
9,23,14,9,3
10,3,7,29,2
11,20,26,14,21
12,28,29,11,22
13,29,0,8,9
14,4,12,19,6
15,5,12,6,7
16,12,31,18,26
17,10,16,6,26
18,20,2,16,27
19,3,26,24,21
20,19,15,15,26
21,2,23,5,18
22,28,10,6,27
23,27,13,7,29
24,17,21,30,14
25,27,9,19,19
26,20,27,25,24
27,16,23,27,17
28,18,30,10,3
29,16,1,3,23
30,30,11,30,16
31,21,8,6,22
32,26,25,10,22
33,7,13,11,16
34,1,27,21,29
35,22,29,25,5
36,27,20,8,15
37,5,29,15,29
38,30,18,3,6
39,1,15,22,16
40,14,14,14,23
41,17,27,22,1
42,23,16,13,28
43,14,18,16,25
44,30,21,2,30
45,17,2,26,4
46,27,7,30,29
47,28,3,6,16
48,2,14,30,19
49,12,22,25,23
50,16,15,28,7
51,18,22,13,25
52,0,28,26,25
53,18,21,3,19
54,0,30,21,5
55,31,14,28,4
56,28,6,17,23
57,22,30,18,19
58,1,23,17,25
59,30,14,27,1
60,29,14,7,24
61,26,20,19,24
62,2,19,24,0
63,26,11,15,6
64,0,26,31,29
65,15,19,2,20
66,3,24,24,2
67,30,1,13,9
68,9,0,8,26
69,16,18,26,20
70,0,8,3,14
71,21,19,19,28
72,2,12,3,16
73,11,19,27,27
74,3,29,15,22
75,1,11,10,24
76,15,30,29,8
77,25,2,4,7
78,20,30,1,15
79,20,12,27,22
80,1,6,23,24
81,20,5,5,25
82,14,12,23,29
83,11,4,16,26
84,8,20,22,25
85,21,1,15,2
86,6,12,13,31
87,13,20,22,12
88,25,7,16,24
89,8,6,21,8
90,8,3,12,30
91,25,3,24,7
92,4,5,14,28
93,31,27,17,5
94,13,10,16,4
95,11,3,23,16
96,16,26,6,5
97,20,15,4,13
98,4,22,27,10
99,1,7,15,5
100,11,14,25,9
101,8,31,30,21
102,5,3,12,12
103,16,4,23,14
