5
Grid:
32,32
................................
................................
................................
................................
................................
................................
................................
................................
................................
................................
................................
................................
................................
................................
................................
................................
................................
................................
................................
................................
................................
................................
................................
................................
................................
................................
................................
................................
................................
................................
................................
................................
Agents:
102
0,3,24,19,10
1,7,21,19,2
2,17,9,18,20
3,17,8,16,20
4,24,12,27,10
5,1,7,26,16
6,21,5,19,20
7,6,30,0,25
8,20,14,19,17
9,3,25,6,0
10,0,8,3,4
11,5,9,29,24
12,16,28,23,17
13,26,25,23,11
14,27,28,10,12
15,15,6,22,13
16,31,18,8,1
17,6,24,31,20
18,20,24,24,17
19,7,31,21,10
20,15,4,17,27
21,25,4,0,26
22,17,22,1,11
23,10,19,24,13
24,6,19,3,16
25,28,6,11,26
26,22,6,28,1
27,16,26,5,1
28,18,30,12,9
29,4,20,13,24
30,15,24,3,28
31,12,28,12,26
32,28,27,14,21
33,7,2,6,18
34,31,14,5,2
35,10,27,8,10
36,6,4,27,29
37,14,1,19,12
38,23,26,7,19
39,17,6,1,6
40,19,8,18,13
41,31,9,11,31
42,16,25,19,16
43,1,11,12,5
44,5,21,5,15
45,19,19,9,15
46,15,23,15,4
47,23,29,18,18
48,7,22,29,20
49,14,7,1,28
50,20,23,12,0
51,8,1,23,7
52,31,17,26,31
53,28,20,2,13
54,12,17,18,17
55,7,10,10,25
56,3,9,29,21
57,4,4,20,8
58,28,19,19,23
59,10,14,22,10
60,1,19,4,17
61,8,20,25,4
62,8,19,23,26
63,21,18,15,3
64,4,17,26,21
65,25,0,20,16
66,11,9,14,25
67,17,27,12,22
68,31,30,19,22
69,9,30,23,15
70,28,12,23,6
71,31,19,0,22
72,14,8,16,24
73,15,5,15,30
74,18,19,18,11
75,1,20,20,31
76,11,0,24,29
77,6,1,11,10
78,15,20,5,8
79,28,9,6,2
80,24,6,0,2
81,31,25,13,12
82,24,9,11,17
83,4,29,5,6
84,9,12,15,27
85,17,20,17,20
86,20,20,8,22
87,6,31,2,31
88,3,15,5,13
89,0,17,21,5
90,16,4,13,31
91,21,11,15,7
92,3,16,29,25
93,12,11,30,14
94,6,29,11,15
95,2,19,16,22
96,28,4,10,31
97,27,8,2,2
98,9,22,14,8
99,13,9,23,19
100,14,3,22,0
101,11,31,23,1
