9
Grid:
32,32
................................
................................
................................
................................
................................
................................
................................
................................
................................
................................
................................
................................
................................
................................
................................
................................
................................
................................
................................
................................
................................
................................
................................
................................
................................
................................
................................
................................
................................
................................
................................
................................
Agents:
28
0,18,13,15,15
1,15,22,3,1
2,14,20,20,29
3,22,17,28,3
4,14,25,6,13
5,27,14,17,8
6,14,24,5,24
7,16,11,11,20
8,0,10,19,30
9,19,16,0,17
10,29,11,22,9
11,29,0,9,27
12,16,6,15,28
13,10,19,6,2
14,2,25,24,3
15,18,6,12,22
16,31,18,26,15
17,14,27,28,13
18,2,17,23,5
19,7,23,9,11
20,20,0,6,5
21,31,21,4,3
22,22,14,23,1
23,16,12,23,16
24,7,5,15,30
25,1,16,20,27
26,21,6,24,14
27,15,14,20,4
