4
Grid:
32,32
................................
................................
................................
................................
................................
................................
................................
................................
................................
................................
................................
................................
................................
................................
................................
................................
................................
................................
................................
................................
................................
................................
................................
................................
................................
................................
................................
................................
................................
................................
................................
................................
Agents:
82
0,29,13,20,20
1,7,24,13,2
2,4,27,3,18
3,30,26,2,29
4,4,30,27,27
5,8,5,8,19
6,1,2,4,17
7,4,15,8,4
8,15,18,29,9
9,15,27,12,18
10,30,13,1,11
11,8,24,28,15
12,5,23,25,10
13,30,27,17,2
14,5,0,4,24
15,11,4,21,1
16,20,7,24,12
17,16,26,12,20
18,28,5,7,24
19,8,22,20,6
20,9,3,13,1
21,30,23,30,23
22,0,6,28,19
23,15,2,20,24
24,18,17,7,14
25,25,24,24,11
26,9,16,26,1
27,5,14,10,13
28,18,13,21,23
29,29,3,18,12
30,21,3,14,12
31,19,4,28,14
32,16,25,12,27
33,17,9,11,13
34,19,9,12,30
35,9,24,15,2
36,17,26,22,21
37,15,16,27,11
38,23,31,23,23
39,14,24,2,9
40,12,2,9,9
41,14,26,6,12
42,10,28,17,4
43,29,0,13,28
44,20,13,20,12
45,19,27,28,30
46,25,6,2,3
47,3,28,6,25
48,21,15,10,30
49,19,5,31,7
50,15,8,28,13
51,7,1,13,19
52,6,15,4,14
53,0,20,17,19
54,23,19,1,9
55,31,4,9,17
56,22,18,9,13
57,21,25,10,11
58,25,19,20,3
59,28,17,8,10
60,20,5,7,5
61,22,14,13,3
62,31,11,2,14
63,12,20,12,0
64,13,27,4,15
65,9,31,2,20
66,5,6,24,9
67,18,5,21,31
68,18,8,1,22
69,31,0,31,6
70,22,31,15,13
71,28,20,26,16
72,5,10,26,5
73,2,1,3,15
74,18,2,26,15
75,17,10,17,18
76,17,25,12,29
77,2,27,30,1
78,2,12,5,18
79,7,28,1,19
80,10,31,11,25
81,31,16,6,5
