9
Grid:
32,32
................................
................................
................................
................................
................................
................................
................................
................................
................................
................................
................................
................................
................................
................................
................................
................................
................................
................................
................................
................................
................................
................................
................................
................................
................................
................................
................................
................................
................................
................................
................................
................................
Agents:
16
0,18,28,27,27
1,18,11,11,23
2,21,10,19,14
3,11,7,28,17
4,28,17,24,5
5,26,31,24,26
6,6,2,3,5
7,17,19,31,30
8,4,24,6,3
9,0,12,7,27
10,22,2,17,10
11,22,8,13,18
12,4,21,13,6
13,1,22,18,8
14,13,17,8,16
15,20,18,15,19
