8
Grid:
32,32
................................
................................
................................
................................
................................
................................
................................
................................
................................
................................
................................
................................
................................
................................
................................
................................
................................
................................
................................
................................
................................
................................
................................
................................
................................
................................
................................
................................
................................
................................
................................
................................
Agents:
104
0,25,0,25,17
1,7,24,14,30
2,2,29,26,15
3,7,28,0,8
4,13,8,17,19
5,7,20,20,11
6,22,1,9,0
7,19,10,8,5
8,5,27,11,11
9,3,0,23,31
10,20,28,25,20
11,28,22,27,22
12,4,14,6,10
13,30,10,24,25
14,29,26,14,16
15,21,9,20,1
16,30,14,13,2
17,26,0,18,1
18,22,26,14,6
19,1,11,10,6
20,27,22,18,6
21,18,15,10,21
22,26,10,4,25
23,18,30,6,7
24,28,10,22,29
25,2,10,2,15
26,7,3,23,15
27,16,29,27,26
28,4,16,29,31
29,20,20,20,30
30,30,29,23,8
31,31,19,29,6
32,19,29,20,4
33,21,8,23,22
34,7,19,25,7
35,19,11,18,16
36,26,24,22,19
37,4,30,4,15
38,9,12,23,12
39,28,25,12,14
40,27,0,18,17
41,14,18,5,2
42,24,10,29,18
43,1,27,31,27
44,28,6,31,14
45,5,12,6,27
46,13,30,22,26
47,22,31,12,26
48,28,28,27,19
49,20,10,18,31
50,23,9,24,22
51,23,23,1,23
52,16,15,27,4
53,30,17,10,26
54,19,23,3,9
55,20,27,10,8
56,25,30,16,23
57,14,13,27,0
58,27,9,23,28
59,28,26,9,7
60,9,9,30,20
61,22,12,21,19
62,5,13,0,1
63,11,6,30,21
64,7,9,26,3
65,16,31,19,16
66,8,4,12,30
67,25,18,22,6
68,28,12,7,29
69,9,5,8,6
70,17,10,12,16
71,19,14,8,3
72,15,9,14,20
73,4,18,2,11
74,0,26,27,1
75,1,13,19,25
76,17,2,15,10
77,4,24,26,2
78,10,9,23,25
79,22,8,31,3
80,21,10,7,13
81,18,26,10,16
82,16,9,5,13
83,29,29,14,9
84,0,17,29,24
85,26,27,9,5
86,26,28,26,30
87,23,29,17,4
88,5,29,15,23
89,15,27,4,6
90,17,16,21,3
91,14,22,2,22
92,14,4,30,22
93,2,31,6,25
94,25,5,25,23
95,23,10,8,20
96,2,23,23,5
97,28,4,25,2
98,13,1,12,18
99,15,22,25,10
100,8,7,18,22
101,1,12,1,13
102,4,9,19,21
103,21,11,12,29
