3
Grid:
32,32
................................
................................
................................
................................
................................
................................
................................
................................
................................
................................
................................
................................
................................
................................
................................
................................
................................
................................
................................
................................
................................
................................
................................
................................
................................
................................
................................
................................
................................
................................
................................
................................
Agents:
116
0,22,20,17,2
1,3,31,12,27
2,15,20,26,12
3,3,18,29,27
4,6,22,7,10
5,3,13,29,21
6,26,7,15,13
7,22,26,16,17
8,3,20,10,31
9,25,25,27,31
10,30,20,1,13
11,7,21,15,29
12,30,13,31,22
13,2,3,26,29
14,1,21,5,17
15,28,27,18,16
16,14,14,19,14
17,17,9,3,3
18,0,23,30,14
19,5,28,1,1
20,12,6,25,25
21,0,5,5,13
22,22,28,31,18
23,31,29,3,13
24,29,31,20,26
25,23,2,2,8
26,13,14,21,25
27,0,2,25,3
28,18,0,2,22
29,17,16,29,29
30,15,13,18,25
31,16,31,25,20
32,25,7,20,28
33,27,14,2,0
34,2,15,13,26
35,25,6,17,23
36,14,11,4,9
37,9,24,7,20
38,12,29,14,19
39,12,5,30,18
40,21,9,27,20
41,25,29,10,20
42,3,12,10,24
43,1,16,4,21
44,19,15,7,22
45,22,31,10,26
46,6,21,15,18
47,12,31,22,9
48,21,1,8,15
49,11,15,9,6
50,0,17,0,27
51,27,13,3,17
52,6,17,30,28
53,19,1,9,12
54,4,8,22,31
55,22,21,13,9
56,19,11,28,1
57,27,6,13,2
58,19,19,17,28
59,6,11,17,16
60,27,19,15,1
61,31,25,28,17
62,30,10,27,0
63,2,11,12,8
64,17,29,12,20
65,4,4,24,12
66,22,17,28,27
67,24,31,14,29
68,11,10,0,22
69,24,1,21,17
70,12,27,21,11
71,26,5,7,2
72,11,2,15,21
73,5,30,10,0
74,8,21,18,21
75,21,7,26,5
76,20,12,14,5
77,17,26,4,31
78,2,26,6,10
79,6,10,0,28
80,4,21,7,19
81,7,22,18,15
82,24,8,24,30
83,28,10,6,3
84,20,6,12,18
85,31,16,2,9
86,26,23,6,30
87,12,4,28,15
88,31,24,8,28
89,31,31,1,3
90,5,19,21,0
91,21,15,4,7
92,14,6,11,22
93,22,9,11,31
94,28,17,18,23
95,4,13,17,19
96,29,22,9,1
97,19,3,9,29
98,13,2,31,7
99,5,27,18,1
100,9,1,20,29
101,22,5,27,14
102,13,29,0,30
103,0,13,6,15
104,27,9,29,19
105,5,17,16,19
106,0,24,3,27
107,8,18,6,17
108,18,18,20,13
109,10,23,12,10
110,9,13,29,18
111,11,12,27,25
112,26,22,4,26
113,16,27,13,21
114,11,28,5,25
115,26,10,25,27
