0
Grid:
32,32
................................
................................
................................
................................
................................
................................
................................
................................
................................
................................
................................
................................
................................
................................
................................
................................
................................
................................
................................
................................
................................
................................
................................
................................
................................
................................
................................
................................
................................
................................
................................
................................
Agents:
40
0,2,20,6,19
1,23,3,22,3
2,22,5,31,3
3,0,10,18,9
4,21,2,6,23
5,17,5,20,11
6,6,9,27,13
7,27,19,12,2
8,21,10,11,17
9,3,30,22,13
10,9,28,0,9
11,13,27,7,31
12,10,6,0,19
13,29,12,10,12
14,5,0,1,15
15,15,6,31,11
16,5,1,3,13
17,19,1,1,5
18,10,9,19,27
19,0,19,19,15
20,30,11,27,22
21,2,16,23,26
22,18,11,23,1
23,2,13,27,5
24,9,31,5,11
25,24,28,2,24
26,12,25,31,31
27,19,6,28,19
28,6,28,21,20
29,25,16,29,30
30,7,19,13,8
31,4,20,22,0
32,18,10,24,24
33,31,5,27,0
34,22,25,29,16
35,8,12,0,17
36,9,16,13,13
37,31,30,30,14
38,25,29,30,4
39,8,30,11,16
