5
Grid:
32,32
................................
................................
................................
................................
................................
................................
................................
................................
................................
................................
................................
................................
................................
................................
................................
................................
................................
................................
................................
................................
................................
................................
................................
................................
................................
................................
................................
................................
................................
................................
................................
................................
Agents:
50
0,21,4,17,30
1,23,26,4,29
2,14,27,14,15
3,6,13,18,24
4,16,27,12,16
5,16,31,3,9
6,7,24,8,5
7,29,11,24,4
8,18,29,14,20
9,24,1,7,4
10,9,10,8,17
11,29,15,7,6
12,3,17,28,20
13,21,14,20,16
14,30,22,23,9
15,21,31,28,27
16,26,25,22,12
17,7,29,7,12
18,31,26,22,3
19,6,16,6,5
20,27,28,19,3
21,13,11,18,7
22,21,8,1,6
23,22,9,31,20
24,6,14,24,18
25,19,24,16,24
26,14,10,4,13
27,27,13,20,25
28,28,31,14,26
29,23,21,17,2
30,23,1,0,15
31,29,25,26,2
32,10,7,6,3
33,30,4,22,13
34,3,21,3,5
35,30,30,30,15
36,26,24,0,17
37,15,12,21,15
38,28,18,20,24
39,26,27,27,1
40,26,12,14,16
41,7,15,27,5
42,3,28,29,19
43,16,15,1,29
44,29,26,6,27
45,1,0,26,20
46,2,17,30,2
47,25,25,28,13
48,31,19,31,31
49,0,13,17,19
