3
Grid:
32,32
................................
................................
................................
................................
................................
................................
................................
................................
................................
................................
................................
................................
................................
................................
................................
................................
................................
................................
................................
................................
................................
................................
................................
................................
................................
................................
................................
................................
................................
................................
................................
................................
Agents:
74
0,1,31,7,4
1,6,9,12,20
2,16,9,9,14
3,17,20,26,3
4,19,14,9,7
5,26,11,8,22
6,3,2,20,12
7,29,15,9,13
8,5,23,30,27
9,30,16,23,31
10,5,10,7,17
11,15,11,14,10
12,12,15,15,1
13,3,30,2,9
14,6,3,15,15
15,31,13,25,26
16,26,30,23,7
17,20,19,30,18
18,31,10,18,8
19,2,0,12,30
20,20,9,22,30
21,11,22,27,10
22,3,28,7,10
23,20,29,17,20
24,31,31,11,23
25,8,1,29,21
26,8,27,23,28
27,15,23,29,28
28,16,27,6,18
29,28,0,19,7
30,6,18,9,9
31,14,16,28,16
32,15,12,2,13
33,16,5,12,15
34,13,9,0,19
35,15,27,12,8
36,21,29,10,28
37,27,28,10,3
38,30,24,6,30
39,7,15,13,14
40,26,5,13,7
41,31,6,15,25
42,27,29,22,14
43,5,30,9,18
44,15,29,15,10
45,2,4,12,16
46,13,2,16,15
47,26,2,15,3
48,26,27,14,26
49,6,22,25,22
50,15,21,12,25
51,15,13,29,30
52,12,10,27,15
53,31,18,27,2
54,24,24,20,11
55,19,13,8,3
56,6,0,15,31
57,19,7,29,13
58,20,17,26,4
59,7,17,4,15
60,21,16,23,21
61,7,11,2,31
62,13,19,15,8
63,3,25,18,9
64,2,3,5,10
65,18,17,17,12
66,3,10,18,14
67,22,10,31,28
68,23,14,11,0
69,16,26,2,4
70,31,28,1,15
71,16,0,7,26
72,27,25,11,13
73,14,18,30,20
