0
Grid:
32,32
................................
................................
................................
................................
................................
................................
................................
................................
................................
................................
................................
................................
................................
................................
................................
................................
................................
................................
................................
................................
................................
................................
................................
................................
................................
................................
................................
................................
................................
................................
................................
................................
Agents:
88
0,1,15,30,25
1,6,16,14,15
2,9,30,25,26
3,5,26,17,29
4,29,24,30,6
5,31,26,18,24
6,6,17,4,16
7,17,29,10,8
8,22,23,5,2
9,14,5,16,25
10,13,22,13,15
11,21,1,20,18
12,19,1,10,11
13,22,4,25,27
14,1,28,12,15
15,15,10,18,12
16,14,14,12,7
17,9,15,14,16
18,28,23,27,0
19,7,25,19,12
20,20,28,9,22
21,6,9,14,7
22,16,14,28,26
23,28,3,12,21
24,24,23,4,1
25,2,30,17,16
26,26,10,6,27
27,1,11,16,29
28,25,4,12,3
29,29,7,5,7
30,7,1,15,30
31,25,1,17,4
32,9,20,21,31
33,12,23,31,19
34,7,2,24,23
35,0,30,0,4
36,16,21,25,19
37,16,17,20,14
38,15,11,30,29
39,17,4,4,21
40,4,19,23,21
41,11,10,14,29
42,26,17,20,19
43,16,3,1,22
44,12,30,19,15
45,21,24,13,11
46,26,31,7,4
47,17,18,31,23
48,2,5,18,2
49,0,27,25,10
50,2,4,9,27
51,27,21,28,6
52,23,3,16,18
53,13,5,24,15
54,25,16,20,23
55,27,13,0,8
56,18,24,10,19
57,3,20,21,6
58,21,14,21,15
59,6,23,8,7
60,4,8,19,6
61,11,9,1,25
62,12,7,15,6
63,3,16,14,8
64,3,29,6,15
65,14,10,13,5
66,11,22,20,12
67,2,31,18,7
68,23,22,19,22
69,19,22,28,7
70,3,10,13,18
71,10,28,2,22
72,2,8,9,10
73,6,1,24,21
74,27,29,21,30
75,28,19,0,20
76,30,8,1,30
77,22,25,29,2
78,25,18,4,11
79,31,28,8,15
80,1,27,12,13
81,1,17,3,6
82,2,28,31,10
83,22,3,26,8
84,28,31,9,6
85,27,16,30,13
86,20,26,7,24
87,30,14,20,27
