4
Grid:
32,32
................................
................................
................................
................................
................................
................................
................................
................................
................................
................................
................................
................................
................................
................................
................................
................................
................................
................................
................................
................................
................................
................................
................................
................................
................................
................................
................................
................................
................................
................................
................................
................................
Agents:
124
0,22,19,29,11
1,21,6,13,1
2,2,8,19,21
3,4,13,30,23
4,8,27,22,9
5,26,9,10,4
6,11,23,29,10
7,16,14,26,13
8,19,5,15,23
9,28,23,28,3
10,6,13,11,26
11,23,25,9,20
12,14,13,6,5
13,28,3,14,22
14,17,14,14,1
15,27,26,20,1
16,16,7,31,18
17,27,20,31,26
18,29,24,6,12
19,1,11,26,16
20,9,0,29,16
21,9,8,20,29
22,20,26,18,24
23,21,28,2,23
24,16,2,9,12
25,18,17,4,25
26,11,5,17,2
27,18,9,7,19
28,28,27,19,11
29,24,21,8,6
30,12,0,19,16
31,28,26,27,13
32,0,0,4,1
33,25,4,29,23
34,28,28,8,24
35,16,27,5,9
36,3,17,0,14
37,14,5,1,21
38,3,14,27,26
39,5,19,13,21
40,23,31,23,7
41,18,14,20,25
42,27,9,16,13
43,14,10,3,20
44,20,17,4,27
45,24,1,1,0
46,31,12,3,26
47,30,9,5,13
48,8,20,10,25
49,1,17,25,22
50,0,20,0,20
51,17,23,4,15
52,14,26,22,7
53,23,13,11,3
54,5,13,19,28
55,22,5,28,22
56,29,12,7,14
57,14,14,22,23
58,31,22,28,14
59,15,10,26,5
60,4,15,12,18
61,27,23,4,8
62,18,5,15,5
63,1,21,21,22
64,6,17,27,17
65,17,6,16,7
66,31,30,22,22
67,27,19,4,3
68,19,7,2,24
69,12,10,16,4
70,11,25,4,19
71,14,18,4,4
72,27,21,17,10
73,15,17,22,19
74,1,19,5,20
75,27,22,8,20
76,8,18,3,12
77,11,16,12,4
78,6,5,30,12
79,20,23,19,19
80,13,15,11,17
81,18,27,12,2
82,26,30,24,1
83,26,8,15,20
84,30,25,22,1
85,3,2,7,30
86,8,0,16,14
87,10,12,11,1
88,5,20,24,3
89,15,30,17,29
90,4,9,29,25
91,13,25,14,17
92,7,5,21,3
93,11,1,25,11
94,3,5,15,26
95,5,23,27,9
96,4,11,1,14
97,2,19,24,19
98,22,3,0,31
99,24,25,29,9
100,23,23,11,12
101,13,7,16,11
102,8,30,15,16
103,10,18,25,21
104,21,21,21,16
105,18,4,19,27
106,2,24,20,18
107,19,21,19,1
108,18,25,23,10
109,11,2,12,21
110,21,29,22,6
111,28,16,10,10
112,27,30,21,21
113,10,17,17,7
114,30,12,13,30
115,5,10,6,29
116,17,22,8,29
117,26,13,8,17
118,23,3,29,24
119,24,29,7,25
120,17,17,9,26
121,16,15,21,14
122,4,31,4,21
123,8,9,21,31
