8
Grid:
32,32
................................
................................
................................
................................
................................
................................
................................
................................
................................
................................
................................
................................
................................
................................
................................
................................
................................
................................
................................
................................
................................
................................
................................
................................
................................
................................
................................
................................
................................
................................
................................
................................
Agents:
64
0,0,15,6,19
1,31,13,5,6
2,2,18,29,13
3,1,23,4,4
4,26,7,19,10
5,2,2,6,3
6,25,2,7,26
7,12,17,30,5
8,6,24,9,6
9,19,22,17,21
10,15,16,2,15
11,8,31,12,16
12,25,22,1,15
13,23,2,5,13
14,13,6,25,27
15,14,17,23,31
16,16,12,30,18
17,23,16,20,22
18,10,15,26,16
19,19,7,20,20
20,1,19,4,12
21,9,16,10,19
22,17,18,2,19
23,27,8,29,27
24,3,5,13,6
25,30,30,21,8
26,6,23,16,27
27,23,15,30,0
28,6,0,20,12
29,20,11,1,26
30,26,31,15,25
31,9,20,16,23
32,25,17,4,21
33,17,12,19,11
34,10,28,2,9
35,7,22,25,6
36,4,12,8,14
37,21,27,28,20
38,7,24,25,29
39,26,15,21,26
40,30,7,26,6
41,7,16,6,27
42,11,25,27,15
43,20,8,22,11
44,9,9,1,11
45,12,2,16,0
46,10,21,18,8
47,23,0,26,26
48,0,14,8,10
49,25,25,14,13
50,2,28,12,9
51,8,14,25,24
52,19,13,12,27
53,17,11,20,25
54,0,2,15,10
55,12,8,2,14
56,24,2,3,30
57,19,30,14,4
58,27,28,5,31
59,31,19,22,20
60,0,12,13,14
61,6,11,15,7
62,17,23,16,2
63,9,31,15,11
