9
Grid:
32,32
................................
................................
................................
................................
................................
................................
................................
................................
................................
................................
................................
................................
................................
................................
................................
................................
................................
................................
................................
................................
................................
................................
................................
................................
................................
................................
................................
................................
................................
................................
................................
................................
Agents:
118
0,25,2,27,19
1,28,0,6,31
2,15,9,6,12
3,25,16,1,12
4,15,2,3,28
5,28,8,13,9
6,23,5,0,12
7,3,6,31,28
8,19,13,19,5
9,14,20,26,2
10,6,6,26,13
11,21,15,1,7
12,11,10,15,13
13,18,20,23,5
14,1,10,5,24
15,26,11,28,14
16,4,18,29,27
17,24,28,19,16
18,17,28,13,4
19,4,8,17,11
20,25,10,4,0
21,6,31,24,25
22,25,22,2,12
23,3,22,22,27
24,1,12,3,22
25,2,12,12,6
26,18,0,3,3
27,12,13,17,12
28,20,5,28,27
29,23,4,29,30
30,14,5,24,12
31,7,17,24,31
32,3,5,16,7
33,13,6,6,0
34,20,22,29,10
35,8,6,22,1
36,27,27,9,20
37,0,22,7,14
38,21,21,18,19
39,6,28,27,9
40,18,21,0,9
41,8,14,23,31
42,25,4,20,13
43,13,5,30,26
44,15,4,15,2
45,7,30,15,23
46,17,20,16,2
47,28,1,12,1
48,23,8,26,28
49,18,30,3,14
50,8,26,8,13
51,23,12,5,20
52,3,11,4,5
53,5,8,18,25
54,18,22,27,30
55,23,31,6,17
56,30,26,26,25
57,17,25,16,8
58,28,25,7,20
59,24,31,26,18
60,23,16,5,0
61,14,10,0,5
62,21,6,25,28
63,31,30,21,7
64,31,12,31,19
65,3,8,4,20
66,19,24,29,22
67,29,28,5,23
68,10,13,1,21
69,30,4,2,18
70,18,25,31,5
71,12,8,7,31
72,2,2,17,16
73,4,29,20,15
74,15,18,14,8
75,3,7,23,22
76,30,25,15,29
77,22,30,20,4
78,9,19,20,28
79,22,10,28,16
80,28,21,30,13
81,6,25,28,19
82,14,11,6,30
83,0,18,26,6
84,22,29,1,0
85,9,31,24,22
86,29,16,16,24
87,1,20,22,31
88,20,21,22,30
89,29,17,5,16
90,22,0,13,25
91,27,30,6,25
92,3,1,4,18
93,12,10,31,1
94,15,8,27,28
95,6,4,3,9
96,14,4,2,4
97,17,19,3,27
98,9,6,24,8
99,4,24,10,2
100,15,23,16,10
101,26,12,18,17
102,26,20,27,21
103,13,11,6,23
104,20,18,14,27
105,4,6,7,11
106,2,29,6,29
107,20,0,4,6
108,23,23,24,16
109,26,1,10,27
110,25,30,11,17
111,16,27,9,30
112,22,21,13,22
113,30,13,20,16
114,10,14,30,1
115,17,5,18,28
116,1,31,5,13
117,5,15,9,31
