3
Grid:
32,32
................................
................................
................................
................................
................................
................................
................................
................................
................................
................................
................................
................................
................................
................................
................................
................................
................................
................................
................................
................................
................................
................................
................................
................................
................................
................................
................................
................................
................................
................................
................................
................................
Agents:
40
0,7,20,4,6
1,27,21,6,23
2,1,26,21,16
3,18,23,0,1
4,2,26,15,27
5,16,29,17,18
6,19,28,20,23
7,1,12,18,27
8,4,24,23,27
9,21,31,6,7
10,19,29,25,16
11,6,7,1,16
12,7,5,4,8
13,30,28,1,28
14,31,12,19,21
15,22,8,14,6
16,2,0,12,12
17,5,31,8,28
18,15,2,11,30
19,29,16,26,23
20,7,29,13,2
21,24,15,16,3
22,30,12,16,4
23,2,6,17,6
24,15,17,5,13
25,10,18,28,5
26,12,10,5,18
27,14,20,14,12
28,13,27,9,14
29,24,21,25,28
30,4,8,27,7
31,26,19,4,0
32,29,4,25,20
33,7,4,8,19
34,9,18,4,22
35,1,3,0,22
36,21,9,12,15
37,15,24,23,14
38,6,18,7,26
39,26,25,17,2
