7
Grid:
32,32
................................
................................
................................
................................
................................
................................
................................
................................
................................
................................
................................
................................
................................
................................
................................
................................
................................
................................
................................
................................
................................
................................
................................
................................
................................
................................
................................
................................
................................
................................
................................
................................
Agents:
48
0,4,14,4,5
1,20,8,17,10
2,19,20,21,17
3,25,16,4,14
4,8,5,3,6
5,31,6,25,22
6,31,2,27,8
7,24,3,25,20
8,14,9,28,21
9,12,7,4,25
10,7,18,30,29
11,29,18,28,30
12,4,12,14,22
13,18,19,12,23
14,26,20,12,4
15,4,31,12,24
16,7,5,12,10
17,26,9,16,23
18,0,29,28,11
19,18,20,26,28
20,7,9,6,12
21,0,22,15,25
22,23,2,6,20
23,11,16,14,20
24,14,0,18,2
25,19,30,1,3
26,26,31,0,24
27,23,17,11,5
28,17,1,22,2
29,3,6,27,7
30,2,6,9,0
31,21,20,26,30
32,0,0,7,17
33,31,26,1,17
34,7,14,18,9
35,3,16,1,11
36,22,23,0,22
37,31,29,1,19
38,17,6,20,9
39,26,2,22,7
40,0,2,4,31
41,4,25,25,2
42,0,5,28,2
43,4,8,2,18
44,13,8,3,23
45,24,30,24,17
46,26,11,9,17
47,18,1,21,10
