9
Grid:
32,32
................................
................................
................................
................................
................................
................................
................................
................................
................................
................................
................................
................................
................................
................................
................................
................................
................................
................................
................................
................................
................................
................................
................................
................................
................................
................................
................................
................................
................................
................................
................................
................................
Agents:
108
0,22,6,10,31
1,8,24,29,4
2,5,7,27,17
3,30,14,17,8
4,24,20,13,4
5,28,13,30,22
6,12,1,28,4
7,24,12,6,11
8,25,13,15,23
9,29,0,31,11
10,2,27,22,30
11,1,14,12,10
12,3,10,0,8
13,21,7,29,5
14,5,2,12,13
15,13,1,9,8
16,14,13,28,28
17,29,10,21,25
18,3,18,20,29
19,1,24,11,0
20,12,17,6,10
21,19,27,1,15
22,19,1,29,20
23,10,13,11,7
24,15,18,23,0
25,27,16,2,25
26,15,26,5,10
27,4,26,25,20
28,21,27,14,21
29,17,23,27,13
30,9,22,2,13
31,6,26,17,9
32,30,31,3,1
33,3,9,16,1
34,15,14,27,18
35,9,11,15,7
36,31,9,8,11
37,15,16,30,16
38,26,7,14,28
39,22,19,14,12
40,28,23,10,18
41,18,27,14,7
42,6,30,2,11
43,29,3,2,2
44,10,2,17,7
45,21,8,16,14
46,0,10,18,1
47,15,22,12,21
48,11,25,15,26
49,28,20,14,4
50,30,0,30,10
51,8,16,30,13
52,17,6,4,23
53,11,20,23,3
54,0,13,0,18
55,5,29,12,0
56,26,17,24,7
57,19,0,15,12
58,1,31,13,5
59,31,13,6,12
60,24,1,29,24
61,10,20,5,20
62,25,24,7,1
63,4,0,15,3
64,11,2,12,8
65,21,28,0,9
66,25,17,2,7
67,18,22,0,3
68,12,23,1,10
69,24,21,4,5
70,2,8,12,27
71,2,2,12,7
72,16,29,5,16
73,18,0,11,13
74,5,28,3,27
75,18,30,9,12
76,1,17,18,14
77,7,7,11,28
78,12,18,8,25
79,16,31,16,15
80,8,29,5,25
81,24,17,12,16
82,24,29,1,0
83,19,10,2,5
84,6,9,28,19
85,10,16,0,20
86,30,8,10,17
87,4,28,22,28
88,5,3,11,8
89,26,14,3,21
90,16,22,8,23
91,26,8,6,8
92,17,16,13,23
93,11,6,24,19
94,6,0,6,0
95,25,18,1,14
96,4,1,5,1
97,8,7,7,25
98,9,8,27,15
99,24,23,6,31
100,6,23,31,4
101,8,28,3,17
102,24,15,27,26
103,12,12,20,26
104,4,19,16,11
105,18,18,26,16
106,3,16,30,17
107,7,13,25,19
