3
Grid:
32,32
................................
................................
................................
................................
................................
................................
................................
................................
................................
................................
................................
................................
................................
................................
................................
................................
................................
................................
................................
................................
................................
................................
................................
................................
................................
................................
................................
................................
................................
................................
................................
................................
Agents:
36
0,0,15,4,3
1,2,3,20,16
2,5,1,26,31
3,13,0,25,21
4,25,20,14,19
5,15,21,22,2
6,15,10,9,25
7,15,6,30,18
8,1,29,8,3
9,15,12,27,25
10,27,2,2,12
11,25,19,29,24
12,22,10,14,2
13,30,19,5,22
14,8,9,3,24
15,28,27,20,14
16,20,1,1,3
17,19,14,6,14
18,19,8,18,11
19,20,3,28,13
20,12,8,13,21
21,25,2,27,7
22,7,8,25,14
23,26,26,3,1
24,11,12,30,23
25,7,13,13,24
26,29,9,29,3
27,21,29,17,30
28,21,15,6,11
29,13,27,8,6
30,3,26,26,25
31,23,16,28,9
32,24,20,8,22
33,1,13,4,18
34,23,0,17,24
35,18,25,30,9
