7
Grid:
32,32
................................
................................
................................
................................
................................
................................
................................
................................
................................
................................
................................
................................
................................
................................
................................
................................
................................
................................
................................
................................
................................
................................
................................
................................
................................
................................
................................
................................
................................
................................
................................
................................
Agents:
30
0,1,17,30,16
1,9,19,8,8
2,18,8,24,6
3,8,22,15,13
4,4,21,10,14
5,23,31,12,18
6,26,21,12,19
7,9,10,29,26
8,15,23,30,18
9,29,31,30,14
10,3,25,13,2
11,8,1,17,25
12,9,20,15,5
13,23,8,9,6
14,7,27,2,14
15,1,7,5,30
16,16,28,17,1
17,16,7,27,13
18,28,26,7,20
19,10,20,21,31
20,26,25,0,14
21,27,30,10,28
22,1,25,9,11
23,31,0,18,6
24,16,22,1,5
25,19,28,14,7
26,16,4,16,1
27,31,8,12,2
28,9,7,23,31
29,9,29,13,31
