1
Grid:
32,32
................................
................................
................................
................................
................................
................................
................................
................................
................................
................................
................................
................................
................................
................................
................................
................................
................................
................................
................................
................................
................................
................................
................................
................................
................................
................................
................................
................................
................................
................................
................................
................................
Agents:
60
0,19,19,10,8
1,6,4,2,6
2,7,11,2,21
3,22,9,11,23
4,2,28,30,21
5,9,2,28,30
6,24,7,22,15
7,2,23,30,10
8,14,10,25,18
9,24,28,4,15
10,31,23,14,20
11,15,7,9,31
12,16,15,10,30
13,14,3,0,27
14,18,25,10,28
15,13,0,16,22
16,12,19,2,5
17,4,11,3,11
18,26,13,18,15
19,3,18,16,6
20,20,9,11,22
21,14,12,10,14
22,7,31,2,29
23,22,31,6,8
24,11,31,14,1
25,10,0,29,24
26,28,28,10,5
27,4,27,10,1
28,4,31,24,21
29,20,23,25,6
30,28,19,0,12
31,15,9,25,28
32,21,4,25,24
33,3,22,14,25
34,28,0,22,23
35,6,5,25,12
36,7,21,5,4
37,9,3,9,17
38,31,17,9,20
39,24,15,19,11
40,23,19,10,2
41,3,16,14,15
42,7,27,5,19
43,25,12,8,21
44,22,0,19,29
45,19,5,25,22
46,28,30,8,22
47,9,18,29,20
48,28,21,23,1
49,2,9,16,27
50,25,22,17,15
51,20,14,11,18
52,18,1,20,21
53,0,2,13,26
54,31,12,20,0
55,27,3,25,4
56,26,2,1,3
57,5,5,27,13
58,20,25,14,4
59,14,1,17,9
