3
Grid:
32,32
................................
................................
................................
................................
................................
................................
................................
................................
................................
................................
................................
................................
................................
................................
................................
................................
................................
................................
................................
................................
................................
................................
................................
................................
................................
................................
................................
................................
................................
................................
................................
................................
Agents:
30
0,3,17,19,11
1,26,26,26,2
2,18,26,19,1
3,29,10,1,15
4,8,0,4,2
5,29,17,18,3
6,18,10,22,17
7,11,30,2,1
8,21,2,26,23
9,30,18,1,22
10,24,27,31,5
11,6,23,7,18
12,21,21,8,14
13,5,17,15,12
14,29,1,8,15
15,4,6,11,8
16,0,6,2,27
17,4,24,29,21
18,2,12,22,19
19,1,0,14,21
20,20,10,13,18
21,9,13,21,31
22,0,2,7,16
23,7,30,17,9
24,27,16,26,13
25,31,12,18,10
26,0,12,3,6
27,1,8,27,19
28,10,3,13,4
29,5,28,30,1
