8
Grid:
32,32
................................
................................
................................
................................
................................
................................
................................
................................
................................
................................
................................
................................
................................
................................
................................
................................
................................
................................
................................
................................
................................
................................
................................
................................
................................
................................
................................
................................
................................
................................
................................
................................
Agents:
86
0,12,7,23,1
1,15,15,5,22
2,11,26,6,17
3,25,3,18,13
4,12,30,0,3
5,4,20,3,0
6,25,23,24,4
7,2,17,7,4
8,30,11,2,6
9,20,0,4,25
10,14,26,11,26
11,26,22,1,19
12,18,20,18,31
13,28,8,10,13
14,5,24,12,8
15,24,7,22,7
16,16,3,21,20
17,26,10,0,6
18,2,25,14,8
19,22,18,18,4
20,5,12,3,3
21,24,14,30,25
22,6,28,29,27
23,1,25,6,11
24,26,30,27,18
25,25,14,9,22
26,23,31,18,21
27,8,17,29,8
28,12,25,22,22
29,28,23,28,6
30,29,17,19,18
31,29,19,19,23
32,4,22,8,15
33,29,23,19,6
34,14,5,8,5
35,20,1,7,9
36,27,2,31,30
37,2,12,20,3
38,15,22,4,3
39,19,3,22,13
40,14,7,9,25
41,30,9,7,12
42,15,17,10,2
43,26,8,10,20
44,28,31,22,29
45,21,19,28,24
46,15,4,7,30
47,7,9,6,6
48,23,10,11,28
49,28,2,22,15
50,16,20,14,6
51,25,21,23,24
52,3,6,22,17
53,15,0,10,6
54,9,6,25,11
55,4,26,11,22
56,3,22,19,15
57,20,28,9,1
58,12,19,13,18
59,27,20,3,10
60,25,4,28,13
61,8,21,18,28
62,18,29,23,14
63,4,6,19,9
64,30,8,8,3
65,6,11,5,18
66,22,10,21,27
67,15,26,3,29
68,13,20,24,5
69,25,29,14,13
70,0,22,24,23
71,27,26,8,27
72,16,25,24,19
73,16,11,6,1
74,28,4,5,7
75,9,11,2,4
76,12,4,20,10
77,8,27,3,4
78,19,17,21,17
79,7,27,26,8
80,19,23,16,28
81,31,10,30,2
82,12,18,1,31
83,5,7,27,28
84,26,27,18,10
85,4,17,22,31
