6
Grid:
32,32
................................
................................
................................
................................
................................
................................
................................
................................
................................
................................
................................
................................
................................
................................
................................
................................
................................
................................
................................
................................
................................
................................
................................
................................
................................
................................
................................
................................
................................
................................
................................
................................
Agents:
28
0,14,13,0,14
1,16,31,28,27
2,21,4,23,16
3,9,18,17,18
4,2,21,17,16
5,26,10,14,22
6,21,9,10,30
7,24,20,0,31
8,15,14,18,26
9,0,18,20,0
10,30,9,16,3
11,3,20,25,3
12,8,29,9,26
13,2,0,2,14
14,1,25,10,2
15,29,15,30,27
16,2,3,29,29
17,25,2,27,22
18,20,20,8,17
19,22,7,0,16
20,11,16,14,29
21,7,6,21,5
22,23,9,0,3
23,25,30,8,10
24,9,30,4,22
25,28,7,23,9
26,7,20,28,1
27,28,5,20,22
