9
Grid:
32,32
................................
................................
................................
................................
................................
................................
................................
................................
................................
................................
................................
................................
................................
................................
................................
................................
................................
................................
................................
................................
................................
................................
................................
................................
................................
................................
................................
................................
................................
................................
................................
................................
Agents:
74
0,25,27,25,19
1,10,28,26,4
2,4,29,28,16
3,27,7,18,6
4,5,29,8,21
5,28,26,20,23
6,24,9,6,9
7,22,23,2,14
8,10,1,3,16
9,27,11,31,25
10,2,28,15,11
11,20,15,26,27
12,31,19,21,1
13,15,26,1,27
14,29,22,16,24
15,7,2,19,0
16,11,14,30,4
17,28,8,16,11
18,7,30,31,9
19,25,26,0,22
20,4,5,23,27
21,30,8,8,24
22,17,27,14,12
23,29,7,0,27
24,27,21,16,16
25,3,26,9,26
26,17,31,26,12
27,14,28,18,22
28,6,26,9,23
29,29,17,31,2
30,13,0,30,26
31,10,15,26,18
32,22,26,30,9
33,15,9,5,0
34,12,14,26,26
35,15,12,10,6
36,8,1,19,19
37,7,29,7,10
38,30,12,23,7
39,30,3,25,8
40,22,7,17,28
41,31,7,29,12
42,18,12,8,1
43,17,11,7,23
44,31,0,9,27
45,1,12,12,28
46,1,8,17,10
47,12,4,0,16
48,27,15,26,11
49,17,22,4,6
50,12,19,12,10
51,27,12,10,1
52,6,23,8,16
53,18,16,6,13
54,24,17,7,0
55,30,26,6,26
56,28,25,23,3
57,26,5,3,28
58,0,2,28,15
59,28,9,1,13
60,8,4,4,1
61,10,11,18,3
62,12,3,1,20
63,11,0,18,7
64,20,3,3,11
65,1,14,9,18
66,26,7,0,8
67,23,2,20,10
68,12,18,19,3
69,1,27,14,26
70,26,1,20,18
71,18,14,1,26
72,1,6,10,24
73,16,7,4,20
