0
Grid:
32,32
................................
................................
................................
................................
................................
................................
................................
................................
................................
................................
................................
................................
................................
................................
................................
................................
................................
................................
................................
................................
................................
................................
................................
................................
................................
................................
................................
................................
................................
................................
................................
................................
Agents:
96
0,22,31,9,5
1,14,30,10,25
2,10,3,5,12
3,30,15,28,23
4,30,5,27,12
5,11,4,8,13
6,17,10,12,19
7,29,25,10,31
8,30,17,13,14
9,19,8,4,14
10,3,17,11,24
11,4,10,25,19
12,28,5,24,23
13,3,10,22,8
14,15,23,20,18
15,16,10,30,11
16,17,17,10,9
17,25,6,26,24
18,17,6,6,17
19,11,9,2,17
20,24,22,1,18
21,28,24,0,28
22,10,21,28,20
23,3,1,16,31
24,10,5,15,13
25,5,9,2,30
26,0,14,23,23
27,13,5,1,5
28,26,3,3,18
29,1,4,2,22
30,0,19,14,16
31,31,7,8,2
32,21,0,29,14
33,19,31,10,0
34,16,22,27,19
35,8,23,21,12
36,16,13,30,8
37,20,12,21,11
38,0,7,18,25
39,2,1,8,7
40,0,9,5,28
41,18,7,26,16
42,10,2,3,25
43,4,20,9,10
44,12,13,8,21
45,4,6,9,28
46,9,4,28,26
47,23,21,11,20
48,1,3,15,14
49,16,19,10,20
50,29,13,16,19
51,3,22,15,16
52,30,31,10,15
53,17,14,19,21
54,2,26,18,29
55,2,30,28,30
56,18,21,21,15
57,20,13,21,13
58,21,16,31,0
59,26,28,18,9
60,10,26,25,31
61,19,30,20,7
62,0,11,5,4
63,22,30,3,6
64,9,22,31,24
65,5,30,5,31
66,17,12,12,27
67,3,19,2,12
68,4,4,16,17
69,3,29,10,27
70,10,10,7,29
71,17,1,25,16
72,0,21,9,8
73,20,16,4,7
74,9,20,8,20
75,9,3,3,11
76,26,4,19,13
77,22,18,16,20
78,9,18,23,2
79,5,12,5,11
80,20,4,21,17
81,9,16,28,19
82,9,2,3,4
83,12,22,18,3
84,25,12,21,19
85,15,8,13,9
86,27,22,19,16
87,25,20,13,11
88,29,19,16,7
89,2,20,11,15
90,20,28,9,25
91,3,8,15,23
92,9,31,14,14
93,29,17,25,22
94,26,16,2,8
95,24,30,24,14
