4
Grid:
32,32
................................
................................
................................
................................
................................
................................
................................
................................
................................
................................
................................
................................
................................
................................
................................
................................
................................
................................
................................
................................
................................
................................
................................
................................
................................
................................
................................
................................
................................
................................
................................
................................
Agents:
60
0,4,7,26,6
1,6,2,30,21
2,13,1,3,24
3,19,22,6,26
4,12,8,20,11
5,23,15,22,25
6,25,4,28,17
7,18,6,16,29
8,29,30,6,13
9,18,1,26,28
10,1,12,0,29
11,19,24,7,15
12,31,3,7,21
13,1,15,25,1
14,26,10,6,8
15,27,7,2,6
16,29,29,27,29
17,10,21,11,30
18,0,26,10,23
19,0,30,31,16
20,10,8,16,1
21,22,11,27,1
22,14,21,0,6
23,18,0,24,28
24,0,22,25,26
25,10,10,22,5
26,10,20,4,8
27,13,24,7,1
28,19,13,31,15
29,3,10,11,5
30,0,4,1,27
31,27,1,1,15
32,12,15,20,29
33,18,28,29,1
34,25,29,14,2
35,29,20,9,13
36,23,24,18,5
37,22,7,5,9
38,9,9,5,23
39,16,0,0,5
40,14,4,3,18
41,0,17,1,12
42,29,9,2,9
43,16,17,16,17
44,1,18,29,18
45,22,22,15,10
46,30,5,28,2
47,13,21,6,18
48,30,31,31,5
49,3,22,20,16
50,16,8,12,1
51,12,22,12,8
52,28,20,10,3
53,2,11,18,20
54,3,26,13,1
55,25,31,6,1
56,21,22,20,24
57,1,27,24,24
58,17,8,13,5
59,11,8,20,18
