3
Grid:
32,32
................................
................................
................................
................................
................................
................................
................................
................................
................................
................................
................................
................................
................................
................................
................................
................................
................................
................................
................................
................................
................................
................................
................................
................................
................................
................................
................................
................................
................................
................................
................................
................................
Agents:
114
0,6,29,25,28
1,30,29,17,5
2,1,20,11,28
3,10,11,8,11
4,10,24,20,7
5,10,22,24,8
6,24,19,29,27
7,5,30,15,24
8,7,11,22,17
9,4,22,1,17
10,9,8,20,2
11,16,12,13,11
12,28,16,8,6
13,9,16,16,14
14,4,9,19,16
15,14,11,15,7
16,30,22,2,3
17,6,0,6,2
18,23,0,31,12
19,25,10,17,1
20,19,20,8,16
21,18,28,16,10
22,22,13,21,23
23,6,3,0,13
24,24,9,2,4
25,1,8,10,14
26,28,5,5,29
27,23,29,15,1
28,13,18,12,11
29,0,16,12,4
30,11,26,9,15
31,6,1,30,30
32,10,31,30,29
33,24,1,16,20
34,12,5,5,28
35,7,6,21,24
36,17,25,14,24
37,3,21,15,6
38,22,19,28,9
39,22,15,0,29
40,10,6,17,26
41,23,27,14,15
42,15,24,18,18
43,30,8,7,18
44,18,5,10,7
45,31,8,12,7
46,31,25,4,16
47,13,17,10,8
48,18,23,2,22
49,20,4,8,13
50,1,26,2,2
51,22,2,17,10
52,2,2,29,25
53,7,26,6,12
54,27,16,8,7
55,6,4,21,20
56,2,11,21,3
57,25,4,31,17
58,15,31,9,28
59,2,4,29,18
60,19,2,1,15
61,7,9,1,31
62,26,9,2,18
63,7,5,19,7
64,1,31,22,27
65,27,6,29,26
66,15,4,1,29
67,25,12,10,10
68,15,12,15,22
69,22,28,25,20
70,0,24,1,30
71,9,15,8,25
72,2,26,6,28
73,22,1,5,5
74,23,13,6,16
75,7,21,9,5
76,1,17,20,10
77,31,31,16,30
78,19,13,23,19
79,8,24,21,9
80,26,1,17,7
81,25,27,14,4
82,21,31,22,3
83,21,30,14,3
84,18,12,11,20
85,20,3,4,7
86,8,6,12,29
87,3,26,28,17
88,24,23,10,29
89,13,19,14,27
90,24,5,10,3
91,4,30,4,24
92,4,25,12,25
93,24,2,26,19
94,31,13,18,29
95,25,2,23,29
96,5,24,14,12
97,15,11,15,28
98,24,4,23,1
99,12,27,30,28
100,13,5,21,6
101,7,28,15,5
102,6,7,21,28
103,5,21,2,13
104,19,5,12,0
105,3,15,30,11
106,27,22,7,11
107,25,25,16,9
108,19,18,0,10
109,30,10,28,5
110,4,4,7,29
111,27,10,21,0
112,30,3,27,5
113,27,26,27,24
