4
Grid:
32,32
................................
................................
................................
................................
................................
................................
................................
................................
................................
................................
................................
................................
................................
................................
................................
................................
................................
................................
................................
................................
................................
................................
................................
................................
................................
................................
................................
................................
................................
................................
................................
................................
Agents:
74
0,20,4,19,15
1,31,28,27,12
2,14,2,5,23
3,16,21,23,24
4,29,30,3,7
5,17,12,26,1
6,12,2,12,7
7,21,27,1,23
8,31,29,29,20
9,2,19,15,18
10,10,0,27,2
11,5,28,24,27
12,25,20,24,11
13,28,15,3,24
14,24,28,30,29
15,7,7,20,14
16,20,0,24,3
17,25,14,23,28
18,10,13,1,11
19,17,28,23,11
20,22,7,22,5
21,19,0,9,21
22,16,22,7,14
23,31,12,19,1
24,25,27,28,5
25,21,22,4,29
26,11,26,31,4
27,27,19,17,0
28,31,2,12,11
29,2,25,24,16
30,6,0,3,0
31,28,0,10,12
32,23,9,5,27
33,24,11,15,20
34,8,6,21,21
35,17,17,30,26
36,11,5,22,3
37,29,3,7,22
38,12,4,30,1
39,12,3,26,24
40,21,15,2,20
41,22,29,23,25
42,7,16,11,0
43,28,25,22,2
44,5,6,5,26
45,15,7,13,7
46,11,23,10,26
47,22,21,23,12
48,10,19,2,11
49,9,6,7,13
50,30,19,14,21
51,4,18,28,15
52,9,4,12,26
53,10,5,14,12
54,28,23,20,26
55,6,27,29,11
56,21,30,31,28
57,4,22,25,27
58,10,31,7,9
59,25,6,3,2
60,13,30,2,14
61,5,2,7,19
62,23,10,12,12
63,5,19,6,13
64,14,8,28,12
65,24,25,31,9
66,27,6,22,28
67,10,3,6,29
68,20,2,15,26
69,6,22,19,21
70,29,13,13,10
71,31,20,11,30
72,10,11,2,18
73,25,2,25,22
