1
Grid:
32,32
................................
................................
................................
................................
................................
................................
................................
................................
................................
................................
................................
................................
................................
................................
................................
................................
................................
................................
................................
................................
................................
................................
................................
................................
................................
................................
................................
................................
................................
................................
................................
................................
Agents:
122
0,29,13,7,6
1,17,23,18,10
2,11,30,19,15
3,15,10,13,22
4,3,19,26,15
5,25,12,12,12
6,0,20,4,25
7,25,23,21,3
8,9,4,2,19
9,29,9,17,28
10,27,25,27,15
11,13,28,17,13
12,20,31,24,29
13,2,1,22,7
14,3,12,15,23
15,25,13,12,7
16,8,11,13,13
17,7,27,25,30
18,30,10,16,18
19,14,9,13,25
20,17,3,26,16
21,23,16,29,24
22,7,12,28,20
23,7,3,12,4
24,2,28,23,27
25,2,12,13,7
26,31,22,6,15
27,10,3,0,25
28,28,13,16,12
29,6,22,19,14
30,26,12,31,23
31,4,20,22,26
32,12,30,22,16
33,24,31,21,2
34,21,19,20,1
35,23,23,2,15
36,21,7,31,3
37,23,31,5,17
38,31,7,29,21
39,10,12,5,22
40,14,17,0,16
41,0,4,1,7
42,26,9,7,23
43,7,2,10,2
44,13,4,6,16
45,29,0,14,16
46,21,27,30,6
47,8,18,24,3
48,22,4,31,12
49,3,2,24,10
50,22,11,16,28
51,30,18,14,27
52,0,3,2,21
53,31,27,15,5
54,20,28,4,9
55,14,31,0,17
56,11,14,10,4
57,29,18,19,20
58,20,7,16,27
59,3,14,3,14
60,24,19,10,26
61,5,19,15,20
62,26,1,27,19
63,7,26,26,6
64,31,5,26,24
65,8,26,14,11
66,3,8,1,18
67,21,2,12,16
68,19,14,27,26
69,3,22,21,9
70,10,11,18,25
71,13,16,0,6
72,21,30,2,2
73,29,21,2,12
74,30,14,4,16
75,1,21,20,9
76,9,3,29,16
77,5,10,11,23
78,28,4,10,22
79,27,15,22,21
80,20,20,15,17
81,27,3,31,11
82,24,27,9,10
83,4,12,29,14
84,6,20,24,21
85,30,28,12,8
86,12,31,23,15
87,6,25,12,31
88,25,14,24,31
89,28,8,1,20
90,21,3,22,1
91,26,5,13,20
92,15,29,27,9
93,28,1,2,24
94,2,17,31,22
95,15,1,3,5
96,22,24,10,25
97,10,20,0,14
98,17,28,14,23
99,29,17,25,4
100,12,27,7,18
101,18,29,11,21
102,7,17,21,11
103,9,26,20,21
104,5,5,25,27
105,30,22,6,23
106,16,0,18,20
107,18,30,15,8
108,29,8,8,9
109,24,28,29,3
110,26,26,13,21
111,16,27,8,17
112,19,13,10,5
113,15,4,23,19
114,29,1,2,9
115,21,11,13,26
116,28,26,7,28
117,30,29,22,25
118,19,2,1,25
119,12,9,4,26
120,3,31,5,25
121,8,9,4,8
