8
Grid:
32,32
................................
................................
................................
................................
................................
................................
................................
................................
................................
................................
................................
................................
................................
................................
................................
................................
................................
................................
................................
................................
................................
................................
................................
................................
................................
................................
................................
................................
................................
................................
................................
................................
Agents:
80
0,30,23,18,11
1,28,12,28,25
2,10,26,26,1
3,11,7,11,17
4,3,29,5,19
5,25,30,11,8
6,4,10,6,27
7,16,30,26,7
8,6,15,3,3
9,26,6,27,12
10,16,23,28,6
11,22,11,6,30
12,7,3,29,0
13,2,9,0,4
14,3,30,25,22
15,11,19,25,23
16,16,31,18,26
17,11,8,25,25
18,30,4,2,20
19,13,4,7,13
20,25,29,14,31
21,30,29,25,3
22,13,26,16,28
23,3,8,16,17
24,29,1,21,12
25,12,9,29,18
26,26,4,24,28
27,0,7,9,0
28,1,16,28,9
29,5,6,15,3
30,23,1,15,10
31,3,5,31,15
32,18,6,31,20
33,14,4,21,1
34,31,7,22,7
35,31,2,28,3
36,2,22,11,12
37,13,19,30,13
38,24,24,18,27
39,30,12,13,2
40,0,25,11,10
41,12,2,6,19
42,17,1,2,2
43,24,11,14,6
44,31,4,7,26
45,7,14,20,18
46,30,6,6,17
47,12,23,24,5
48,25,25,29,21
49,11,6,10,4
50,11,30,14,14
51,9,21,13,30
52,1,9,30,27
53,23,13,6,23
54,14,8,5,12
55,17,24,2,16
56,6,30,10,26
57,21,1,21,20
58,20,17,22,5
59,13,2,1,8
60,5,26,2,14
61,0,17,7,12
62,3,28,24,10
63,10,21,25,12
64,25,31,3,28
65,13,24,29,31
66,0,1,10,18
67,25,20,13,26
68,20,18,26,3
69,21,30,4,14
70,28,6,28,22
71,31,14,21,4
72,2,23,3,30
73,4,25,23,15
74,25,9,13,13
75,25,14,27,27
76,20,15,27,4
77,5,10,4,25
78,25,1,29,6
79,19,14,21,23
