4
Grid:
32,32
................................
................................
................................
................................
................................
................................
................................
................................
................................
................................
................................
................................
................................
................................
................................
................................
................................
................................
................................
................................
................................
................................
................................
................................
................................
................................
................................
................................
................................
................................
................................
................................
Agents:
122
0,3,5,23,10
1,25,10,27,18
2,2,23,26,5
3,14,8,19,30
4,0,18,3,25
5,17,21,7,20
6,17,30,25,22
7,4,10,10,19
8,7,2,14,18
9,5,26,30,10
10,12,2,13,8
11,23,21,29,6
12,12,8,1,28
13,22,16,18,20
14,20,10,6,21
15,20,27,3,7
16,10,27,16,4
17,31,17,24,6
18,22,26,28,4
19,24,0,1,25
20,20,26,7,29
21,21,7,12,18
22,21,16,10,13
23,23,30,5,17
24,31,4,3,5
25,24,10,3,24
26,23,2,22,14
27,0,1,17,15
28,13,3,15,20
29,30,26,26,1
30,1,30,4,9
31,20,21,4,0
32,29,21,12,23
33,10,22,1,17
34,31,19,0,18
35,20,13,27,12
36,10,4,18,6
37,6,18,24,9
38,12,16,6,13
39,0,27,16,2
40,16,23,23,3
41,16,15,15,0
42,18,10,4,3
43,4,8,5,11
44,26,29,29,25
45,3,18,11,21
46,28,30,30,25
47,31,22,13,24
48,6,31,17,24
49,9,31,17,1
50,5,1,2,16
51,31,11,3,23
52,16,11,27,6
53,31,18,15,2
54,28,13,14,22
55,20,28,24,28
56,3,2,12,15
57,9,9,22,21
58,13,4,17,27
59,3,19,15,27
60,17,1,17,11
61,27,1,26,4
62,16,1,5,5
63,16,12,24,26
64,5,15,1,2
65,12,13,25,3
66,7,0,25,5
67,21,15,25,12
68,24,4,14,27
69,30,6,21,22
70,10,17,1,8
71,9,6,6,29
72,15,25,19,22
73,8,1,7,26
74,27,21,10,15
75,14,3,14,5
76,5,29,25,6
77,27,15,11,14
78,26,19,20,10
79,12,12,25,0
80,1,6,3,17
81,21,3,2,3
82,12,26,3,16
83,16,8,8,0
84,5,28,21,16
85,21,14,31,2
86,18,22,25,17
87,24,16,19,4
88,7,11,28,10
89,18,18,5,20
90,17,17,9,30
91,9,26,18,9
92,9,15,31,25
93,12,23,21,26
94,5,0,9,22
95,11,2,6,5
96,12,25,16,30
97,4,31,17,26
98,27,30,28,15
99,11,15,19,13
100,14,23,9,11
101,5,17,11,12
102,28,3,27,28
103,26,28,8,22
104,4,22,7,14
105,20,2,7,18
106,17,27,4,18
107,17,22,2,27
108,16,18,31,19
109,26,21,10,27
110,2,21,20,2
111,25,6,21,28
112,9,30,29,14
113,11,7,13,0
114,15,20,8,12
115,6,2,5,9
116,3,17,21,3
117,21,24,2,2
118,18,8,27,9
119,28,8,4,28
120,14,14,19,23
121,25,17,26,15
