8
Grid:
32,32
................................
................................
................................
................................
................................
................................
................................
................................
................................
................................
................................
................................
................................
................................
................................
................................
................................
................................
................................
................................
................................
................................
................................
................................
................................
................................
................................
................................
................................
................................
................................
................................
Agents:
38
0,23,4,22,15
1,13,16,19,24
2,18,9,19,6
3,4,15,0,27
4,30,25,16,5
5,3,3,8,11
6,13,20,4,5
7,7,9,31,0
8,7,17,6,2
9,30,6,27,31
10,5,17,7,30
11,8,5,24,21
12,6,22,6,18
13,29,8,17,4
14,19,10,27,21
15,1,3,6,26
16,17,4,20,13
17,24,26,14,18
18,3,11,14,28
19,23,0,8,8
20,4,3,12,13
21,2,20,0,26
22,6,5,29,8
23,6,7,25,7
24,5,21,19,26
25,30,4,29,6
26,23,27,7,26
27,2,6,14,20
28,28,7,10,12
29,9,27,27,13
30,11,27,14,16
31,28,19,19,8
32,17,9,27,6
33,28,12,5,31
34,6,27,4,24
35,26,30,15,7
36,1,1,28,17
37,14,20,14,5
