0
Grid:
32,32
................................
................................
................................
................................
................................
................................
................................
................................
................................
................................
................................
................................
................................
................................
................................
................................
................................
................................
................................
................................
................................
................................
................................
................................
................................
................................
................................
................................
................................
................................
................................
................................
Agents:
32
0,26,10,4,3
1,12,30,24,5
2,9,7,13,25
3,24,16,18,30
4,5,25,14,1
5,29,27,27,18
6,17,18,6,18
7,29,29,16,11
8,2,2,5,8
9,3,2,30,26
10,19,9,31,8
11,8,8,18,13
12,22,4,22,3
13,7,23,25,24
14,31,23,31,1
15,5,24,31,25
16,27,28,29,11
17,23,22,4,17
18,5,0,25,22
19,25,16,5,25
20,2,0,7,15
21,29,4,3,18
22,23,1,5,4
23,12,23,5,14
24,17,28,22,21
25,20,24,19,30
26,6,1,25,21
27,20,17,27,26
28,2,3,12,27
29,7,5,10,6
30,0,0,14,2
31,17,13,27,27
