2
Grid:
32,32
................................
................................
................................
................................
................................
................................
................................
................................
................................
................................
................................
................................
................................
................................
................................
................................
................................
................................
................................
................................
................................
................................
................................
................................
................................
................................
................................
................................
................................
................................
................................
................................
Agents:
50
0,29,20,2,31
1,11,8,6,1
2,7,22,3,3
3,24,18,14,8
4,16,21,9,30
5,13,3,30,3
6,7,25,20,21
7,14,9,30,14
8,15,23,26,3
9,6,6,11,1
10,15,25,27,9
11,4,22,26,24
12,13,23,0,2
13,6,18,3,30
14,20,18,19,16
15,20,23,12,17
16,25,1,28,11
17,31,5,18,21
18,2,17,4,27
19,30,13,19,7
20,27,14,31,17
21,22,7,5,20
22,6,22,14,1
23,0,29,25,19
24,19,0,14,10
25,29,22,27,16
26,29,4,22,21
27,13,21,16,8
28,3,16,26,15
29,8,0,26,7
30,11,30,5,10
31,1,26,19,9
32,15,16,12,4
33,31,13,16,18
34,9,10,26,21
35,21,20,25,27
36,8,2,1,8
37,29,24,17,18
38,31,29,18,22
39,23,9,12,14
40,30,20,15,22
41,20,29,31,2
42,25,20,27,8
43,19,10,31,22
44,1,17,8,27
45,8,29,24,6
46,2,28,14,22
47,13,28,2,23
48,23,22,26,29
49,22,18,21,23
