9
Grid:
32,32
................................
................................
................................
................................
................................
................................
................................
................................
................................
................................
................................
................................
................................
................................
................................
................................
................................
................................
................................
................................
................................
................................
................................
................................
................................
................................
................................
................................
................................
................................
................................
................................
Agents:
76
0,5,21,2,25
1,19,13,7,16
2,7,19,26,25
3,10,10,26,22
4,8,5,21,3
5,5,1,17,18
6,2,12,30,19
7,0,10,30,3
8,10,7,2,5
9,20,28,1,8
10,1,11,23,17
11,12,25,14,12
12,4,17,3,16
13,0,24,25,14
14,24,15,27,17
15,31,8,9,10
16,26,23,22,8
17,18,0,10,20
18,29,2,29,28
19,9,13,13,5
20,13,5,6,23
21,5,12,31,17
22,23,30,1,7
23,3,20,5,2
24,25,24,12,20
25,26,24,15,30
26,2,24,20,18
27,30,25,19,7
28,8,25,15,18
29,9,21,28,17
30,18,18,0,1
31,18,25,11,21
32,6,28,8,21
33,6,10,25,17
34,25,0,30,24
35,13,7,4,27
36,29,7,2,12
37,14,28,12,18
38,6,0,7,28
39,2,6,2,22
40,14,11,6,3
41,30,0,23,22
42,20,7,28,14
43,6,2,28,13
44,25,25,30,13
45,23,3,15,12
46,24,20,21,11
47,26,27,15,10
48,18,11,11,10
49,5,26,19,21
50,23,24,3,11
51,27,25,14,30
52,11,18,28,1
53,9,2,11,26
54,19,8,27,8
55,7,7,8,1
56,20,18,18,11
57,4,30,20,2
58,22,4,7,10
59,17,0,4,28
60,9,9,22,6
61,15,9,24,25
62,12,19,8,18
63,9,26,23,19
64,26,8,2,1
65,14,21,12,4
66,16,5,5,24
67,21,2,12,12
68,13,10,6,4
69,24,22,13,8
70,5,14,7,25
71,12,21,19,13
72,13,19,0,14
73,4,19,12,23
74,7,27,7,7
75,15,1,20,27
