0
Grid:
32,32
................................
................................
................................
................................
................................
................................
................................
................................
................................
................................
................................
................................
................................
................................
................................
................................
................................
................................
................................
................................
................................
................................
................................
................................
................................
................................
................................
................................
................................
................................
................................
................................
Agents:
104
0,15,7,25,2
1,0,23,29,3
2,24,29,4,11
3,23,25,24,7
4,20,21,19,11
5,15,15,27,14
6,15,0,12,4
7,3,25,15,20
8,29,16,21,23
9,19,22,13,25
10,21,29,22,8
11,7,10,4,7
12,26,25,28,23
13,26,6,9,20
14,16,9,17,5
15,1,29,17,23
16,0,4,6,25
17,12,12,17,9
18,4,0,3,14
19,17,20,26,8
20,21,17,28,30
21,28,20,18,27
22,9,16,9,17
23,7,15,16,27
24,30,27,26,21
25,8,18,4,13
26,31,21,8,22
27,29,31,8,3
28,2,16,31,5
29,8,11,4,4
30,20,17,13,23
31,14,11,15,3
32,9,10,30,27
33,12,17,2,20
34,11,18,12,31
35,8,22,6,22
36,13,6,14,4
37,15,10,10,15
38,30,1,2,18
39,11,5,0,15
40,20,14,7,26
41,27,4,4,3
42,25,23,23,13
43,15,5,10,8
44,30,0,6,13
45,12,10,23,25
46,28,10,2,1
47,5,30,15,24
48,7,29,23,10
49,2,13,9,1
50,15,22,31,9
51,13,8,28,17
52,10,8,6,9
53,7,22,11,18
54,16,24,16,0
55,18,7,16,6
56,31,14,13,13
57,16,4,31,7
58,16,20,15,7
59,1,6,5,6
60,20,3,15,19
61,20,30,10,26
62,25,2,21,29
63,0,16,14,24
64,2,1,7,1
65,30,29,4,16
66,22,30,2,25
67,1,19,10,19
68,26,17,11,2
69,15,24,23,12
70,21,5,9,13
71,14,5,18,19
72,10,14,31,20
73,13,5,1,1
74,13,2,27,13
75,13,13,7,7
76,11,9,13,8
77,1,9,9,30
78,19,12,24,26
79,15,4,27,27
80,21,31,19,18
81,8,2,4,26
82,23,31,9,24
83,10,31,6,29
84,5,9,6,6
85,16,14,7,31
86,21,15,1,7
87,19,10,12,30
88,21,26,18,6
89,3,0,15,21
90,19,17,10,5
91,18,12,28,26
92,28,23,19,8
93,31,13,13,1
94,2,10,29,13
95,2,22,13,2
96,16,29,26,16
97,28,7,26,14
98,23,14,1,10
99,7,16,10,7
100,24,19,8,29
101,20,4,26,30
102,24,4,7,10
103,15,26,18,31
