0
Grid:
32,32
................................
................................
................................
................................
................................
................................
................................
................................
................................
................................
................................
................................
................................
................................
................................
................................
................................
................................
................................
................................
................................
................................
................................
................................
................................
................................
................................
................................
................................
................................
................................
................................
Agents:
110
0,16,5,5,11
1,13,27,2,14
2,10,1,31,24
3,3,30,8,11
4,5,14,16,5
5,11,5,14,25
6,3,22,19,4
7,8,21,24,29
8,13,1,6,25
9,30,8,5,17
10,25,20,3,29
11,15,23,8,25
12,0,15,12,4
13,11,21,16,12
14,15,6,13,26
15,2,13,2,27
16,14,4,19,24
17,0,25,15,1
18,18,7,12,29
19,30,1,19,11
20,16,16,26,9
21,2,7,20,0
22,26,12,21,22
23,16,4,11,16
24,26,0,31,20
25,2,26,9,13
26,15,18,2,4
27,20,27,31,11
28,21,22,26,23
29,27,26,18,11
30,21,13,28,30
31,15,30,21,25
32,11,29,11,6
33,22,30,27,8
34,22,14,28,21
35,2,5,24,3
36,3,28,28,19
37,23,8,30,7
38,18,8,27,17
39,28,20,19,13
40,31,6,24,16
41,27,15,7,31
42,4,7,0,19
43,30,27,21,31
44,4,28,30,3
45,12,3,13,24
46,11,3,15,15
47,1,3,3,4
48,28,29,21,7
49,21,17,30,8
50,14,12,23,28
51,29,28,17,24
52,23,18,31,31
53,27,11,31,14
54,8,13,9,16
55,26,6,4,17
56,27,14,16,9
57,18,31,12,5
58,26,4,21,20
59,30,26,1,26
60,13,17,17,21
61,9,6,8,17
62,25,31,7,18
63,17,20,5,19
64,6,15,9,22
65,12,30,19,5
66,30,13,3,11
67,24,15,24,14
68,16,12,13,22
69,0,5,15,4
70,27,23,0,25
71,1,5,26,31
72,8,29,20,18
73,17,2,9,30
74,9,23,19,20
75,31,26,6,29
76,4,29,30,2
77,2,22,26,0
78,2,23,10,2
79,0,7,25,25
80,5,25,29,29
81,1,27,26,2
82,8,14,12,27
83,22,3,23,15
84,19,17,31,22
85,26,8,11,26
86,21,18,7,8
87,4,19,21,19
88,23,20,7,6
89,3,4,16,27
90,5,20,1,18
91,31,3,21,5
92,9,26,28,4
93,12,27,30,18
94,5,24,27,27
95,11,25,15,11
96,0,2,20,1
97,21,5,13,20
98,29,25,28,29
99,6,13,3,21
100,20,23,4,27
101,4,13,8,9
102,0,27,25,19
103,7,15,15,30
104,17,14,12,13
105,0,12,8,19
106,4,0,5,29
107,20,13,20,17
108,28,4,26,3
109,4,27,24,11
