0
Grid:
32,32
................................
................................
................................
................................
................................
................................
................................
................................
................................
................................
................................
................................
................................
................................
................................
................................
................................
................................
................................
................................
................................
................................
................................
................................
................................
................................
................................
................................
................................
................................
................................
................................
Agents:
122
0,5,14,21,27
1,12,21,1,21
2,28,9,12,18
3,30,18,27,25
4,7,29,8,6
5,10,22,10,22
6,5,15,1,12
7,24,19,3,27
8,24,2,2,31
9,25,17,10,3
10,6,3,1,4
11,5,25,20,26
12,3,18,21,8
13,14,14,31,26
14,9,15,16,4
15,15,10,19,22
16,27,20,11,26
17,8,25,8,12
18,15,7,6,9
19,29,2,10,23
20,19,26,26,13
21,9,27,27,12
22,25,10,28,12
23,10,27,8,25
24,6,22,23,7
25,26,5,4,17
26,4,18,13,23
27,12,2,24,12
28,9,18,11,23
29,17,9,3,14
30,26,16,27,9
31,8,24,14,9
32,13,0,2,21
33,6,31,26,28
34,4,17,29,11
35,5,22,7,14
36,30,12,6,15
37,26,10,31,28
38,0,24,19,8
39,7,18,12,31
40,7,19,4,30
41,21,9,27,30
42,6,8,3,2
43,8,6,24,24
44,16,28,22,1
45,21,19,6,25
46,8,2,9,2
47,17,17,7,18
48,14,25,0,0
49,15,26,7,22
50,21,7,30,30
51,18,8,10,11
52,0,13,30,22
53,20,0,13,10
54,7,30,29,6
55,18,25,17,1
56,1,7,23,13
57,9,21,2,29
58,2,3,11,13
59,25,18,28,1
60,8,0,29,31
61,15,8,18,31
62,28,17,25,25
63,14,27,16,5
64,26,8,15,10
65,28,7,26,23
66,9,13,16,1
67,29,31,0,27
68,1,12,28,23
69,9,24,14,6
70,20,8,1,8
71,30,17,17,28
72,10,28,0,6
73,17,0,25,19
74,25,28,23,4
75,14,10,13,21
76,31,29,16,28
77,18,21,17,10
78,24,9,23,22
79,12,15,28,11
80,31,24,27,22
81,5,31,11,19
82,2,10,16,7
83,15,20,17,18
84,9,9,14,30
85,19,22,5,16
86,26,0,2,6
87,30,0,0,4
88,1,29,13,3
89,29,0,4,31
90,31,13,18,0
91,2,29,27,16
92,26,17,25,20
93,8,11,12,25
94,27,8,7,27
95,7,23,30,1
96,0,25,26,18
97,25,27,2,17
98,2,31,15,29
99,15,31,31,13
100,12,29,26,26
101,22,15,2,28
102,8,23,25,30
103,16,30,23,10
104,31,18,21,31
105,12,12,29,16
106,15,17,27,6
107,22,8,15,12
108,4,16,30,13
109,24,1,17,29
110,2,28,26,8
111,22,0,18,16
112,7,2,16,25
113,29,1,18,27
114,14,29,17,24
115,19,2,30,2
116,23,18,22,7
117,20,2,28,3
118,0,9,12,3
119,12,9,13,26
120,20,12,25,6
121,11,20,30,26
