9
Grid:
32,32
................................
................................
................................
................................
................................
................................
................................
................................
................................
................................
................................
................................
................................
................................
................................
................................
................................
................................
................................
................................
................................
................................
................................
................................
................................
................................
................................
................................
................................
................................
................................
................................
Agents:
56
0,29,18,9,21
1,26,1,3,27
2,16,25,19,13
3,28,29,31,23
4,3,27,4,4
5,19,8,2,13
6,21,6,11,4
7,6,28,7,5
8,0,8,12,3
9,29,2,17,16
10,8,19,19,22
11,0,5,11,8
12,11,17,5,21
13,0,9,23,10
14,21,19,29,14
15,19,5,22,13
16,27,20,18,14
17,11,27,1,16
18,29,5,29,12
19,19,9,7,21
20,25,28,10,6
21,2,1,31,21
22,25,29,31,18
23,15,20,9,2
24,11,18,18,20
25,10,0,20,12
26,9,14,9,11
27,22,10,19,2
28,17,21,15,6
29,21,31,11,18
30,24,19,12,24
31,8,16,22,8
32,7,14,8,25
33,13,0,26,16
34,26,11,24,27
35,30,27,27,28
36,9,12,16,30
37,17,30,6,13
38,11,14,0,9
39,2,12,25,6
40,8,18,25,0
41,27,12,1,8
42,30,1,23,19
43,9,8,15,12
44,17,5,8,10
45,19,18,23,4
46,26,10,21,16
47,16,14,8,2
48,25,31,9,7
49,20,15,20,18
50,11,22,23,21
51,4,9,27,25
52,24,18,10,25
53,9,7,7,15
54,29,11,4,21
55,21,5,10,11
