9
Grid:
32,32
................................
................................
................................
................................
................................
................................
................................
................................
................................
................................
................................
................................
................................
................................
................................
................................
................................
................................
................................
................................
................................
................................
................................
................................
................................
................................
................................
................................
................................
................................
................................
................................
Agents:
22
0,12,9,1,20
1,31,27,16,24
2,10,14,17,20
3,2,19,8,18
4,13,30,0,0
5,0,13,27,18
6,29,16,15,19
7,10,2,21,4
8,31,29,31,4
9,22,22,9,15
10,7,14,27,30
11,11,22,20,28
12,23,8,6,16
13,24,0,21,11
14,17,22,26,29
15,14,13,11,10
16,20,20,25,23
17,6,28,9,17
18,12,25,11,22
19,14,26,6,21
20,9,12,23,31
21,1,7,0,19
