4
Grid:
32,32
................................
................................
................................
................................
................................
................................
................................
................................
................................
................................
................................
................................
................................
................................
................................
................................
................................
................................
................................
................................
................................
................................
................................
................................
................................
................................
................................
................................
................................
................................
................................
................................
Agents:
120
0,7,15,15,0
1,27,31,17,26
2,27,21,15,9
3,12,0,13,12
4,28,31,28,29
5,29,17,25,9
6,14,24,8,4
7,22,0,23,19
8,9,29,23,8
9,17,20,10,15
10,11,10,20,2
11,31,16,7,23
12,6,1,31,19
13,21,27,11,14
14,13,14,14,24
15,5,3,21,25
16,5,6,27,10
17,17,5,15,23
18,15,21,6,5
19,23,5,6,29
20,2,7,26,26
21,17,23,10,8
22,12,20,2,17
23,0,2,27,24
24,4,4,26,15
25,18,29,6,8
26,0,14,12,28
27,13,29,13,17
28,15,10,23,3
29,25,26,30,25
30,0,17,4,21
31,18,13,27,20
32,11,7,23,22
33,7,16,28,14
34,16,20,25,30
35,5,12,18,27
36,18,3,29,10
37,24,8,14,14
38,4,17,28,18
39,1,18,16,22
40,23,8,0,9
41,28,8,25,29
42,2,23,10,22
43,24,19,5,16
44,22,4,22,22
45,28,29,22,19
46,21,4,2,2
47,8,24,21,13
48,26,19,17,20
49,19,30,17,17
50,23,20,28,20
51,27,10,24,15
52,4,6,31,4
53,6,7,8,14
54,25,13,5,25
55,26,9,20,10
56,17,17,12,21
57,24,20,0,16
58,15,19,13,19
59,25,12,8,3
60,24,7,17,9
61,7,1,28,10
62,14,20,12,19
63,11,18,13,26
64,8,8,16,19
65,23,3,0,11
66,20,29,28,30
67,16,13,19,15
68,27,13,1,5
69,15,16,17,23
70,29,20,2,12
71,4,22,21,1
72,23,11,4,8
73,19,12,27,3
74,25,20,14,15
75,8,7,17,24
76,25,7,28,24
77,6,15,26,17
78,13,26,24,5
79,28,16,26,8
80,26,20,2,27
81,21,22,3,16
82,21,19,23,25
83,0,11,8,18
84,24,1,6,3
85,4,9,26,16
86,14,3,20,31
87,3,17,16,28
88,10,3,29,25
89,0,31,16,20
90,9,13,20,7
91,23,0,8,12
92,0,1,21,24
93,17,30,27,18
94,21,9,16,27
95,20,20,30,11
96,0,0,2,14
97,22,31,15,19
98,11,14,22,29
99,28,7,5,17
100,2,15,25,25
101,24,2,0,5
102,12,28,24,27
103,15,24,22,27
104,15,27,24,4
105,27,11,1,24
106,16,5,10,0
107,13,7,22,9
108,11,22,19,5
109,20,5,27,27
110,14,14,4,29
111,16,10,3,1
112,13,0,0,27
113,19,10,2,5
114,23,24,1,22
115,14,25,13,6
116,20,3,7,19
117,17,24,1,11
118,14,9,31,0
119,3,27,29,11
