8
Grid:
32,32
................................
................................
................................
................................
................................
................................
................................
................................
................................
................................
................................
................................
................................
................................
................................
................................
................................
................................
................................
................................
................................
................................
................................
................................
................................
................................
................................
................................
................................
................................
................................
................................
Agents:
24
0,16,6,6,25
1,22,19,13,25
2,19,24,23,24
3,23,28,25,7
4,31,20,10,4
5,31,19,22,2
6,16,8,24,9
7,10,7,28,14
8,5,5,5,29
9,15,27,14,7
10,29,4,7,18
11,28,4,26,23
12,23,15,22,25
13,16,15,15,23
14,21,15,9,28
15,4,28,13,9
16,0,15,7,5
17,10,9,19,18
18,20,18,15,21
19,12,15,25,4
20,8,24,11,19
21,4,21,9,26
22,29,13,29,31
23,5,1,16,15
