5
Grid:
32,32
................................
................................
................................
................................
................................
................................
................................
................................
................................
................................
................................
................................
................................
................................
................................
................................
................................
................................
................................
................................
................................
................................
................................
................................
................................
................................
................................
................................
................................
................................
................................
................................
Agents:
110
0,13,2,23,27
1,22,18,18,30
2,26,1,28,0
3,8,10,18,8
4,11,20,10,2
5,6,6,10,30
6,19,2,28,13
7,20,26,18,2
8,25,6,15,27
9,31,22,11,15
10,27,5,22,18
11,22,3,23,15
12,25,19,15,6
13,2,31,28,28
14,0,1,29,8
15,23,30,25,18
16,22,4,22,6
17,27,31,8,14
18,26,30,11,26
19,12,26,7,29
20,16,23,15,14
21,9,25,5,16
22,16,29,22,27
23,19,10,30,31
24,18,7,3,26
25,21,18,26,1
26,0,21,5,30
27,9,7,29,6
28,11,19,17,13
29,31,8,4,23
30,9,10,30,17
31,29,7,21,12
32,15,14,10,29
33,7,20,5,19
34,0,27,20,1
35,25,4,15,11
36,5,4,5,25
37,28,28,10,23
38,18,27,2,17
39,0,23,6,9
40,13,25,6,20
41,11,4,29,3
42,30,0,5,8
43,27,19,24,27
44,19,7,11,0
45,4,6,3,31
46,27,8,0,16
47,13,31,25,6
48,13,5,0,24
49,3,29,3,28
50,7,26,6,17
51,25,27,19,9
52,15,5,26,26
53,11,15,4,6
54,0,30,22,14
55,6,7,0,7
56,27,16,4,20
57,30,24,27,30
58,9,14,28,26
59,19,19,26,5
60,1,25,11,3
61,22,19,27,4
62,9,29,12,8
63,22,29,9,22
64,1,10,21,1
65,13,27,29,26
66,20,15,19,24
67,18,17,16,20
68,11,2,24,30
69,17,22,2,30
70,8,4,20,13
71,31,19,31,31
72,13,28,27,21
73,0,2,23,20
74,31,31,4,10
75,17,15,28,14
76,28,13,26,21
77,3,6,17,18
78,18,18,1,25
79,14,13,16,4
80,13,21,11,28
81,16,11,21,31
82,19,11,21,18
83,30,13,22,2
84,13,6,20,14
85,29,29,21,24
86,10,28,29,18
87,18,15,8,30
88,19,21,5,21
89,16,26,17,0
90,28,30,12,19
91,10,14,8,23
92,9,4,15,5
93,18,4,19,8
94,16,30,26,25
95,22,16,7,11
96,22,20,13,28
97,30,18,6,21
98,21,24,4,7
99,1,20,7,28
100,4,31,22,12
101,26,19,29,25
102,18,28,1,13
103,2,20,3,20
104,16,15,2,27
105,1,14,13,16
106,25,25,31,8
107,31,7,12,16
108,22,31,10,22
109,21,15,14,16
