5
Grid:
32,32
................................
................................
................................
................................
................................
................................
................................
................................
................................
................................
................................
................................
................................
................................
................................
................................
................................
................................
................................
................................
................................
................................
................................
................................
................................
................................
................................
................................
................................
................................
................................
................................
Agents:
104
0,3,31,30,8
1,1,19,10,9
2,22,15,6,8
3,14,14,29,4
4,1,4,6,4
5,18,8,9,21
6,7,20,28,1
7,2,8,10,20
8,20,29,30,24
9,10,28,24,23
10,28,20,6,22
11,23,1,0,14
12,22,9,18,16
13,15,2,13,24
14,8,29,3,9
15,29,24,29,3
16,30,14,26,28
17,30,4,24,17
18,16,14,15,1
19,15,0,10,16
20,31,9,15,26
21,26,5,23,2
22,28,28,4,23
23,20,12,10,27
24,21,29,14,20
25,12,23,30,25
26,31,30,1,22
27,22,14,31,26
28,7,31,12,31
29,29,12,15,10
30,0,11,24,27
31,6,4,26,20
32,6,25,7,1
33,9,24,2,31
34,22,30,10,23
35,23,5,17,9
36,13,10,5,16
37,29,18,31,1
38,26,18,24,3
39,5,25,0,21
40,21,2,0,12
41,12,10,11,18
42,17,5,20,11
43,24,0,6,3
44,23,15,28,3
45,28,17,2,10
46,17,3,16,5
47,31,19,17,28
48,3,22,29,25
49,30,3,15,15
50,19,27,3,26
51,21,23,8,9
52,5,6,29,9
53,10,21,14,18
54,0,4,9,24
55,20,21,9,18
56,25,3,11,8
57,23,30,15,24
58,31,27,4,8
59,19,1,30,16
60,0,8,22,19
61,0,6,3,18
62,2,6,3,20
63,20,9,31,28
64,10,9,22,10
65,15,3,31,27
66,20,2,28,29
67,12,21,25,31
68,4,10,24,16
69,26,3,7,17
70,0,19,13,4
71,27,6,24,1
72,23,13,12,28
73,12,1,27,15
74,20,7,28,8
75,3,28,17,10
76,2,10,7,13
77,26,14,22,0
78,21,31,2,23
79,18,0,18,0
80,10,23,2,22
81,20,16,20,2
82,0,23,28,24
83,29,29,1,21
84,17,9,13,9
85,23,8,22,24
86,6,29,17,23
87,8,13,14,25
88,11,27,2,12
89,14,6,16,19
90,29,9,18,24
91,21,8,27,10
92,24,25,6,11
93,24,8,31,12
94,31,11,7,5
95,6,0,15,14
96,15,10,29,8
97,16,26,26,25
98,22,5,14,29
99,2,13,0,25
100,3,26,13,20
101,17,12,11,10
102,3,1,23,13
103,2,12,2,2
