4
Grid:
32,32
................................
................................
................................
................................
................................
................................
................................
................................
................................
................................
................................
................................
................................
................................
................................
................................
................................
................................
................................
................................
................................
................................
................................
................................
................................
................................
................................
................................
................................
................................
................................
................................
Agents:
26
0,15,17,9,28
1,17,0,19,10
2,20,19,5,17
3,16,26,30,16
4,23,13,9,8
5,8,12,22,12
6,31,11,8,15
7,3,5,15,4
8,5,15,2,11
9,23,3,16,14
10,15,24,27,6
11,26,6,13,18
12,22,20,17,10
13,21,4,10,28
14,15,26,5,11
15,31,15,25,16
16,18,7,11,14
17,11,28,4,3
18,30,5,26,30
19,2,3,8,16
20,31,19,1,17
21,21,31,6,11
22,23,16,11,18
23,3,1,23,0
24,4,7,11,25
25,27,16,4,30
