1
Grid:
32,32
................................
................................
................................
................................
................................
................................
................................
................................
................................
................................
................................
................................
................................
................................
................................
................................
................................
................................
................................
................................
................................
................................
................................
................................
................................
................................
................................
................................
................................
................................
................................
................................
Agents:
64
0,14,21,24,0
1,27,15,6,3
2,4,4,10,21
3,17,5,9,1
4,1,22,13,25
5,3,6,22,20
6,16,12,17,1
7,10,1,3,1
8,5,27,4,3
9,2,12,1,19
10,31,24,11,23
11,20,5,19,11
12,16,25,16,25
13,31,28,31,12
14,19,2,28,26
15,9,0,4,5
16,31,1,22,23
17,29,9,24,10
18,7,19,9,18
19,21,11,15,16
20,4,12,19,15
21,27,21,4,8
22,15,12,3,18
23,16,1,31,3
24,1,17,17,24
25,22,6,27,18
26,10,25,21,12
27,16,22,29,28
28,30,11,24,13
29,5,20,21,26
30,17,30,13,16
31,12,3,5,29
32,6,14,13,14
33,15,0,4,11
34,26,18,10,29
35,6,23,21,24
36,29,30,25,31
37,21,4,0,9
38,8,29,12,24
39,27,2,16,20
40,17,7,24,19
41,7,17,26,5
42,20,10,18,9
43,6,15,23,1
44,26,28,21,9
45,8,12,8,25
46,5,1,8,9
47,18,0,8,18
48,22,4,5,13
49,0,19,26,0
50,17,28,21,13
51,25,2,10,25
52,1,25,23,21
53,2,7,31,7
54,24,15,8,0
55,18,9,27,17
56,13,31,26,15
57,29,8,5,24
58,24,9,11,6
59,29,28,4,4
60,17,23,13,31
61,24,0,15,7
62,22,8,2,16
63,31,7,10,11
