0
Grid:
32,32
................................
................................
................................
................................
................................
................................
................................
................................
................................
................................
................................
................................
................................
................................
................................
................................
................................
................................
................................
................................
................................
................................
................................
................................
................................
................................
................................
................................
................................
................................
................................
................................
Agents:
54
0,4,28,31,8
1,2,21,10,4
2,15,8,30,4
3,13,2,14,16
4,22,1,16,9
5,27,11,17,1
6,27,26,2,9
7,28,7,11,23
8,28,15,8,15
9,14,21,9,22
10,3,20,29,19
11,0,12,29,25
12,22,3,25,14
13,8,0,26,22
14,10,13,12,26
15,27,19,21,24
16,8,19,10,12
17,12,2,25,2
18,10,14,28,4
19,7,25,7,9
20,3,13,19,13
21,16,10,30,2
22,0,4,8,12
23,29,13,12,6
24,27,2,22,6
25,7,29,12,23
26,8,31,16,29
27,14,16,19,12
28,27,21,25,9
29,31,12,24,29
30,24,9,25,3
31,6,8,2,16
32,3,7,11,11
33,14,25,23,8
34,29,14,1,17
35,7,20,11,26
36,17,22,1,27
37,3,22,0,12
38,11,17,6,11
39,5,27,0,2
40,5,8,13,20
41,5,29,2,1
42,10,8,27,2
43,5,28,30,3
44,6,20,29,11
45,14,27,26,18
46,25,22,22,16
47,21,7,12,17
48,3,24,5,14
49,1,21,27,9
50,31,2,1,24
51,4,24,30,5
52,22,20,14,19
53,13,24,28,10
