1
Grid:
32,32
................................
................................
................................
................................
................................
................................
................................
................................
................................
................................
................................
................................
................................
................................
................................
................................
................................
................................
................................
................................
................................
................................
................................
................................
................................
................................
................................
................................
................................
................................
................................
................................
Agents:
74
0,19,16,19,22
1,28,7,8,27
2,18,21,14,26
3,16,26,3,3
4,1,16,7,4
5,12,30,10,16
6,31,27,21,8
7,26,7,23,26
8,5,28,10,15
9,5,31,17,20
10,30,28,0,9
11,6,19,25,3
12,23,20,8,30
13,4,26,3,4
14,5,13,20,1
15,30,15,17,25
16,7,25,6,9
17,6,27,29,17
18,1,25,5,30
19,15,14,0,8
20,10,24,11,3
21,2,8,6,12
22,18,7,8,17
23,30,8,28,16
24,3,14,4,2
25,7,13,27,5
26,14,6,13,27
27,27,22,20,5
28,9,9,7,21
29,16,30,8,10
30,17,22,22,27
31,20,20,8,24
32,18,28,31,20
33,22,5,15,10
34,20,31,21,28
35,6,11,5,16
36,13,22,12,3
37,21,5,2,0
38,26,29,25,27
39,0,15,25,28
40,21,28,12,7
41,23,23,2,9
42,5,16,18,31
43,1,1,3,27
44,17,24,2,2
45,9,16,15,14
46,29,20,31,15
47,4,14,29,28
48,22,22,3,14
49,19,3,28,19
50,7,28,25,7
51,31,23,8,1
52,28,12,31,8
53,8,1,26,24
54,8,21,16,23
55,30,29,16,30
56,14,1,31,14
57,27,20,19,14
58,7,5,2,25
59,13,14,28,27
60,2,29,20,23
61,25,1,15,20
62,1,12,19,30
63,7,10,17,18
64,29,28,12,2
65,9,19,0,22
66,15,9,12,5
67,17,9,8,20
68,16,7,28,7
69,18,5,3,30
70,15,7,11,24
71,8,7,24,11
72,22,6,1,25
73,31,20,6,22
