0
Grid:
32,32
................................
................................
................................
................................
................................
................................
................................
................................
................................
................................
................................
................................
................................
................................
................................
................................
................................
................................
................................
................................
................................
................................
................................
................................
................................
................................
................................
................................
................................
................................
................................
................................
Agents:
18
0,16,30,19,10
1,13,20,2,28
2,13,16,14,25
3,31,20,17,5
4,13,27,21,7
5,2,25,30,27
6,8,27,9,17
7,29,28,18,10
8,22,8,7,21
9,8,20,8,7
10,13,17,18,14
11,1,15,14,4
12,26,7,25,26
13,22,16,18,30
14,14,30,0,24
15,30,28,24,15
16,25,3,26,24
17,22,12,31,5
