4
Grid:
32,32
................................
................................
................................
................................
................................
................................
................................
................................
................................
................................
................................
................................
................................
................................
................................
................................
................................
................................
................................
................................
................................
................................
................................
................................
................................
................................
................................
................................
................................
................................
................................
................................
Agents:
48
0,25,27,24,4
1,8,24,5,4
2,19,7,3,28
3,2,14,2,24
4,21,3,22,22
5,31,8,17,31
6,19,16,18,12
7,8,23,20,13
8,4,27,4,26
9,28,6,25,6
10,21,25,26,3
11,26,23,0,22
12,10,19,20,17
13,24,9,12,30
14,22,29,13,4
15,1,1,19,29
16,6,5,15,3
17,21,5,10,6
18,8,30,17,16
19,18,8,31,29
20,28,19,12,21
21,18,31,6,20
22,24,10,11,28
23,25,11,10,20
24,4,5,12,11
25,16,8,27,5
26,20,31,26,25
27,5,5,5,8
28,30,27,19,26
29,29,14,8,30
30,22,12,16,16
31,12,1,26,10
32,7,18,19,28
33,10,2,19,24
34,2,30,2,16
35,19,29,19,8
36,19,13,1,3
37,29,2,15,15
38,16,26,20,1
39,31,0,15,23
40,26,13,19,6
41,4,17,15,9
42,13,25,15,29
43,13,6,1,30
44,31,15,29,7
45,7,13,19,11
46,1,4,11,4
47,18,16,19,16
