8
Grid:
32,32
................................
................................
................................
................................
................................
................................
................................
................................
................................
................................
................................
................................
................................
................................
................................
................................
................................
................................
................................
................................
................................
................................
................................
................................
................................
................................
................................
................................
................................
................................
................................
................................
Agents:
66
0,26,16,6,24
1,31,25,12,18
2,6,1,10,19
3,3,30,1,18
4,9,25,9,25
5,28,3,23,8
6,9,24,2,22
7,28,0,11,10
8,15,15,0,6
9,13,15,30,1
10,4,21,1,11
11,29,13,21,21
12,7,25,16,6
13,7,5,18,13
14,29,7,22,9
15,27,25,18,6
16,26,6,28,3
17,19,8,4,13
18,25,21,13,16
19,1,27,13,1
20,22,23,2,30
21,22,20,21,23
22,7,19,8,27
23,3,17,2,28
24,28,28,11,5
25,0,16,0,9
26,24,0,26,27
27,26,4,17,27
28,19,17,12,1
29,17,12,9,28
30,26,29,13,9
31,1,1,6,9
32,30,3,5,8
33,9,2,30,9
34,5,19,11,7
35,6,26,3,7
36,14,17,6,2
37,25,13,31,16
38,31,8,20,23
39,5,20,4,3
40,21,22,5,29
41,8,0,12,13
42,6,10,21,11
43,1,25,30,24
44,12,14,3,1
45,21,8,26,9
46,3,20,31,11
47,1,24,7,27
48,22,4,22,6
49,9,1,11,8
50,11,9,29,14
51,22,6,15,3
52,1,6,16,3
53,7,13,10,24
54,5,10,29,8
55,12,28,7,30
56,23,4,26,30
57,21,0,25,14
58,27,19,28,6
59,1,16,29,23
60,30,30,3,4
61,22,26,15,12
62,16,0,0,0
63,23,10,27,17
64,18,1,27,27
65,10,19,23,21
