4
Grid:
32,32
................................
................................
................................
................................
................................
................................
................................
................................
................................
................................
................................
................................
................................
................................
................................
................................
................................
................................
................................
................................
................................
................................
................................
................................
................................
................................
................................
................................
................................
................................
................................
................................
Agents:
52
0,23,31,27,12
1,12,1,7,13
2,9,20,6,30
3,21,7,10,6
4,12,6,13,28
5,12,12,5,26
6,5,19,12,9
7,31,15,26,0
8,20,23,16,1
9,27,26,17,11
10,1,9,21,28
11,0,8,21,1
12,23,2,18,5
13,20,29,27,29
14,17,20,12,25
15,8,1,24,25
16,17,4,13,13
17,30,22,3,1
18,7,8,10,19
19,12,21,26,14
20,3,8,8,14
21,25,2,11,18
22,2,18,20,4
23,30,28,7,5
24,24,18,21,11
25,4,5,8,27
26,14,22,7,4
27,15,13,23,0
28,31,3,31,1
29,9,6,10,5
30,0,24,9,13
31,22,24,24,18
32,29,11,0,29
33,26,1,16,30
34,20,9,19,28
35,7,12,19,22
36,10,5,10,18
37,22,25,0,1
38,16,29,8,21
39,6,5,13,6
40,4,24,26,27
41,4,30,18,15
42,16,3,22,24
43,18,27,10,22
44,20,17,27,1
45,23,4,5,21
46,31,6,13,15
47,21,11,3,30
48,17,1,0,13
49,4,22,3,7
50,23,28,2,25
51,7,15,14,2
