1
Grid:
32,32
................................
................................
................................
................................
................................
................................
................................
................................
................................
................................
................................
................................
................................
................................
................................
................................
................................
................................
................................
................................
................................
................................
................................
................................
................................
................................
................................
................................
................................
................................
................................
................................
Agents:
84
0,13,25,9,3
1,5,19,25,20
2,6,17,24,26
3,14,6,11,1
4,25,23,3,14
5,24,19,16,12
6,9,5,4,19
7,11,13,16,22
8,17,1,4,8
9,29,5,16,25
10,10,29,10,9
11,24,15,6,18
12,15,19,1,6
13,25,26,19,24
14,28,27,28,25
15,14,24,27,7
16,17,2,30,20
17,1,1,1,18
18,24,5,13,9
19,8,12,23,27
20,30,5,4,23
21,4,9,5,15
22,16,5,26,25
23,16,9,29,7
24,14,0,17,14
25,7,12,23,18
26,15,9,22,8
27,19,15,14,25
28,0,21,13,14
29,3,19,17,5
30,24,20,28,28
31,10,30,19,28
32,9,0,27,4
33,2,7,22,4
34,3,10,11,4
35,20,11,8,30
36,25,17,24,29
37,7,4,15,28
38,24,14,13,26
39,31,10,25,12
40,2,15,14,15
41,11,27,11,6
42,19,1,19,22
43,8,7,0,5
44,14,18,17,25
45,0,3,3,10
46,2,20,20,1
47,19,10,12,3
48,26,5,29,22
49,31,15,0,0
50,3,9,15,25
51,6,4,21,31
52,12,28,21,20
53,19,30,12,11
54,2,14,25,7
55,22,18,2,24
56,21,25,5,20
57,8,15,27,3
58,11,7,22,1
59,23,27,15,13
60,24,17,20,2
61,9,17,2,13
62,9,4,6,26
63,29,29,19,12
64,9,18,23,25
65,14,16,7,31
66,7,25,18,8
67,8,6,0,1
68,14,23,6,21
69,14,10,18,24
70,5,31,14,29
71,27,14,26,16
72,13,8,2,27
73,4,10,7,20
74,1,11,29,0
75,26,24,1,1
76,23,7,24,31
77,16,20,21,9
78,26,26,5,14
79,18,15,7,1
80,1,5,4,13
81,4,3,13,29
82,3,5,27,2
83,18,22,13,21
