4
Grid:
32,32
................................
................................
................................
................................
................................
................................
................................
................................
................................
................................
................................
................................
................................
................................
................................
................................
................................
................................
................................
................................
................................
................................
................................
................................
................................
................................
................................
................................
................................
................................
................................
................................
Agents:
116
0,19,30,19,16
1,14,1,0,24
2,21,12,12,20
3,15,8,13,12
4,7,19,26,18
5,25,4,23,15
6,20,29,12,11
7,12,5,0,31
8,25,1,9,9
9,5,28,10,20
10,13,20,7,5
11,13,14,31,10
12,27,12,20,29
13,27,25,15,1
14,18,20,19,22
15,14,10,9,16
16,28,29,14,2
17,9,19,1,25
18,5,19,27,5
19,10,14,31,15
20,7,5,25,15
21,2,30,18,2
22,27,6,29,10
23,19,6,5,6
24,6,27,19,1
25,28,15,3,18
26,2,3,20,6
27,17,30,21,21
28,16,31,4,6
29,5,9,13,0
30,16,22,10,4
31,21,19,24,29
32,5,15,27,2
33,7,22,14,28
34,19,25,28,25
35,31,5,9,10
36,22,22,27,27
37,20,8,25,27
38,18,15,27,7
39,19,21,28,10
40,25,21,15,6
41,18,23,17,22
42,23,30,28,14
43,8,25,25,31
44,12,10,21,17
45,3,6,16,10
46,13,1,21,26
47,30,17,17,11
48,16,14,20,5
49,24,12,22,13
50,31,28,22,8
51,18,13,2,30
52,27,23,14,5
53,25,12,3,11
54,14,9,8,9
55,11,0,26,24
56,12,16,25,13
57,16,27,14,9
58,3,29,4,16
59,27,7,7,7
60,6,13,2,21
61,10,8,13,14
62,22,25,27,11
63,24,20,15,30
64,24,3,28,21
65,23,3,3,21
66,23,6,16,25
67,22,28,15,15
68,2,5,24,28
69,27,0,18,9
70,4,27,13,26
71,11,3,30,1
72,30,2,16,3
73,26,29,19,28
74,17,2,10,2
75,14,18,15,20
76,19,16,6,29
77,5,17,3,0
78,18,9,13,21
79,23,2,30,8
80,30,5,16,26
81,19,11,20,30
82,17,8,7,17
83,9,5,24,31
84,25,19,9,24
85,25,30,16,13
86,2,27,18,25
87,2,11,27,6
88,2,6,21,3
89,10,19,23,14
90,30,26,16,2
91,3,21,8,0
92,20,5,17,17
93,16,6,28,19
94,0,4,8,16
95,10,24,0,21
96,13,25,16,21
97,1,31,13,1
98,8,31,22,11
99,18,22,17,20
100,25,20,15,3
101,9,16,16,15
102,16,24,4,5
103,13,26,27,31
104,15,12,4,14
105,31,3,22,17
106,3,3,24,19
107,2,29,13,8
108,22,11,10,27
109,5,21,2,20
110,9,0,23,0
111,16,8,6,31
112,25,3,16,9
113,2,2,11,29
114,19,19,2,19
115,26,10,16,6
