8
Grid:
32,32
................................
................................
................................
................................
................................
................................
................................
................................
................................
................................
................................
................................
................................
................................
................................
................................
................................
................................
................................
................................
................................
................................
................................
................................
................................
................................
................................
................................
................................
................................
................................
................................
Agents:
102
0,29,0,23,16
1,24,23,25,14
2,8,9,24,18
3,24,27,27,26
4,13,27,31,0
5,24,7,14,5
6,14,16,27,13
7,18,30,26,29
8,16,29,30,14
9,21,7,3,15
10,7,2,24,5
11,16,28,3,9
12,21,22,16,27
13,11,27,16,30
14,30,9,4,3
15,21,0,6,28
16,24,28,14,28
17,28,13,14,13
18,14,1,8,5
19,6,10,27,24
20,25,6,25,25
21,9,5,23,1
22,30,13,1,8
23,29,18,22,18
24,15,27,26,5
25,5,13,17,8
26,8,26,27,6
27,15,28,8,15
28,1,17,8,23
29,30,28,30,1
30,29,3,23,8
31,6,23,2,7
32,15,17,4,2
33,20,4,6,18
34,15,15,11,21
35,23,10,24,15
36,14,0,9,22
37,25,11,13,4
38,29,7,8,10
39,25,24,21,13
40,11,3,4,9
41,11,12,9,6
42,27,11,29,13
43,19,2,30,19
44,30,17,29,24
45,31,20,8,9
46,12,29,23,26
47,31,6,20,16
48,30,11,18,1
49,11,15,22,21
50,17,26,26,0
51,31,8,19,16
52,0,3,23,5
53,31,25,10,31
54,24,5,9,10
55,16,26,17,10
56,23,26,11,23
57,28,3,8,1
58,6,29,2,0
59,15,2,11,30
60,29,17,18,6
61,23,19,7,3
62,12,22,28,17
63,9,13,23,7
64,26,0,15,2
65,23,28,18,27
66,26,1,19,27
67,12,11,23,27
68,1,26,8,17
69,18,6,3,13
70,28,7,17,15
71,12,15,5,5
72,13,5,30,12
73,10,27,18,25
74,14,12,21,17
75,4,14,25,18
76,31,14,2,4
77,28,14,6,9
78,17,12,3,27
79,22,9,31,30
80,16,10,3,5
81,10,15,13,1
82,2,27,27,22
83,31,26,9,26
84,23,18,26,7
85,16,11,11,28
86,10,8,8,24
87,6,22,25,16
88,4,7,17,17
89,6,7,0,23
90,11,13,15,30
91,28,8,2,28
92,28,11,18,26
93,5,29,22,11
94,26,20,27,27
95,4,9,26,6
96,22,17,8,0
97,28,28,1,26
98,12,18,22,23
99,5,16,27,9
100,3,28,14,21
101,27,24,12,30
