3
Grid:
32,32
................................
................................
................................
................................
................................
................................
................................
................................
................................
................................
................................
................................
................................
................................
................................
................................
................................
................................
................................
................................
................................
................................
................................
................................
................................
................................
................................
................................
................................
................................
................................
................................
Agents:
62
0,0,11,0,3
1,24,30,9,25
2,27,30,27,22
3,0,19,19,27
4,7,8,29,24
5,14,5,11,30
6,3,16,14,18
7,12,26,22,15
8,11,13,5,29
9,11,29,3,9
10,26,4,10,22
11,9,11,11,15
12,2,31,3,22
13,17,9,12,26
14,6,30,22,7
15,12,28,12,28
16,2,14,15,1
17,7,4,13,16
18,30,4,6,10
19,5,6,29,15
20,9,22,12,27
21,4,16,8,23
22,18,23,9,21
23,16,19,1,8
24,29,17,15,5
25,24,27,7,11
26,29,28,30,26
27,2,12,18,26
28,27,28,2,11
29,13,22,30,6
30,13,9,0,8
31,28,18,27,1
32,3,21,8,7
33,8,7,6,31
34,28,6,26,5
35,19,3,6,15
36,30,2,10,2
37,6,18,11,23
38,13,25,30,3
39,25,18,26,23
40,0,26,3,6
41,3,6,16,1
42,17,11,17,7
43,2,17,17,28
44,8,9,14,7
45,9,27,20,1
46,10,18,24,13
47,13,29,24,16
48,14,8,21,18
49,22,23,16,10
50,9,20,26,4
51,7,25,23,5
52,29,31,19,19
53,5,9,10,4
54,14,19,14,28
55,29,26,14,2
56,8,1,7,6
57,14,28,16,21
58,4,29,15,30
59,5,10,9,29
60,29,30,23,23
61,11,0,27,20
