5
Grid:
32,32
................................
................................
................................
................................
................................
................................
................................
................................
................................
................................
................................
................................
................................
................................
................................
................................
................................
................................
................................
................................
................................
................................
................................
................................
................................
................................
................................
................................
................................
................................
................................
................................
Agents:
24
0,9,1,18,1
1,31,16,11,2
2,2,8,25,26
3,21,11,4,4
4,6,8,7,21
5,31,2,19,8
6,26,17,17,22
7,29,22,19,6
8,25,7,8,3
9,28,18,27,27
10,8,26,29,17
11,17,15,30,4
12,27,19,29,12
13,23,14,24,19
14,30,4,24,4
15,29,19,11,23
16,8,15,10,13
17,8,0,21,16
18,14,30,13,24
19,15,4,7,2
20,5,15,15,18
21,7,15,31,1
22,28,26,14,29
23,9,21,26,22
