8
Grid:
32,32
................................
................................
................................
................................
................................
................................
................................
................................
................................
................................
................................
................................
................................
................................
................................
................................
................................
................................
................................
................................
................................
................................
................................
................................
................................
................................
................................
................................
................................
................................
................................
................................
Agents:
50
0,7,10,19,5
1,12,8,19,27
2,27,26,3,10
3,12,30,30,30
4,22,1,23,12
5,25,4,1,2
6,15,14,29,1
7,18,7,2,25
8,31,4,10,10
9,15,0,18,10
10,18,4,28,2
11,0,25,26,17
12,1,31,27,1
13,12,9,6,12
14,6,13,3,3
15,17,28,23,30
16,9,0,2,1
17,18,14,25,10
18,3,25,7,10
19,7,30,15,29
20,0,18,27,9
21,19,17,15,19
22,5,4,24,2
23,7,16,16,3
24,6,0,30,15
25,20,14,8,16
26,0,14,14,2
27,23,2,7,4
28,10,18,10,11
29,7,28,26,27
30,13,2,31,17
31,24,9,27,25
32,15,29,18,17
33,27,14,14,1
34,27,4,27,30
35,3,6,21,0
36,29,17,5,14
37,0,31,14,6
38,17,14,5,22
39,19,29,16,28
40,23,28,22,28
41,3,5,20,20
42,25,3,31,26
43,27,27,13,19
44,8,16,3,27
45,3,17,22,20
46,18,10,3,18
47,16,30,21,12
48,26,10,24,21
49,2,7,28,13
