6
Grid:
32,32
................................
................................
................................
................................
................................
................................
................................
................................
................................
................................
................................
................................
................................
................................
................................
................................
................................
................................
................................
................................
................................
................................
................................
................................
................................
................................
................................
................................
................................
................................
................................
................................
Agents:
98
0,8,8,2,8
1,22,11,22,17
2,25,31,10,18
3,22,12,4,2
4,16,30,20,3
5,0,22,18,11
6,24,8,17,7
7,5,4,22,8
8,13,5,7,19
9,3,28,27,16
10,2,28,11,31
11,7,16,13,2
12,13,4,13,12
13,10,28,29,3
14,28,6,3,11
15,24,9,5,16
16,17,4,15,3
17,0,19,9,25
18,3,24,5,0
19,0,14,3,5
20,25,2,10,20
21,6,29,7,16
22,17,19,17,12
23,12,27,17,1
24,28,31,2,4
25,21,29,2,18
26,30,30,20,17
27,8,12,8,24
28,1,6,21,31
29,29,20,27,4
30,21,26,29,17
31,16,9,15,8
32,5,23,17,31
33,5,20,22,11
34,7,18,1,10
35,1,21,24,13
36,2,0,21,7
37,21,9,20,22
38,30,26,2,28
39,23,15,8,0
40,31,28,0,21
41,17,27,30,19
42,10,18,26,7
43,27,20,24,27
44,17,29,12,26
45,26,11,16,16
46,24,31,9,5
47,18,29,19,15
48,24,25,5,14
49,13,23,14,11
50,19,9,7,15
51,30,0,22,19
52,28,8,3,18
53,22,23,16,2
54,7,3,23,9
55,26,20,24,19
56,24,10,10,1
57,13,19,13,7
58,24,18,11,8
59,0,4,6,16
60,26,25,20,26
61,27,3,31,25
62,14,24,20,23
63,17,5,18,1
64,12,0,12,23
65,27,21,10,3
66,29,16,18,3
67,21,19,28,2
68,22,22,19,24
69,14,18,7,25
70,4,29,29,14
71,5,13,3,22
72,12,25,6,6
73,9,26,28,6
74,5,30,12,11
75,13,24,6,19
76,26,29,30,10
77,6,1,26,27
78,23,28,6,14
79,10,4,0,12
80,22,7,12,10
81,7,12,1,12
82,29,5,26,9
83,20,6,14,16
84,14,3,21,5
85,11,9,12,5
86,31,16,27,17
87,19,3,0,30
88,25,18,16,30
89,1,26,21,11
90,12,2,17,22
91,11,4,30,29
92,25,0,26,5
93,19,20,11,14
94,31,17,0,6
95,7,31,4,10
96,7,30,13,30
97,6,0,20,9
