4
Grid:
32,32
................................
................................
................................
................................
................................
................................
................................
................................
................................
................................
................................
................................
................................
................................
................................
................................
................................
................................
................................
................................
................................
................................
................................
................................
................................
................................
................................
................................
................................
................................
................................
................................
Agents:
42
0,2,24,6,1
1,18,11,16,21
2,22,4,25,23
3,2,21,18,27
4,31,12,17,9
5,20,17,13,23
6,6,14,25,12
7,5,18,29,22
8,4,3,12,11
9,7,26,4,25
10,17,19,26,30
11,8,29,4,20
12,1,18,31,5
13,12,29,20,27
14,18,6,23,3
15,29,27,1,30
16,19,16,11,6
17,1,10,31,25
18,9,17,19,3
19,8,2,9,12
20,21,29,26,2
21,20,18,23,10
22,4,10,10,10
23,16,15,30,27
24,19,12,8,3
25,27,17,8,1
26,7,19,4,15
27,2,15,28,15
28,15,20,7,16
29,10,4,5,6
30,24,5,16,24
31,2,25,25,10
32,15,24,1,8
33,30,22,14,9
34,13,26,22,25
35,8,19,14,20
36,27,5,17,2
37,4,19,22,17
38,24,22,5,9
39,1,28,11,1
40,9,6,12,18
41,11,11,4,8
