9
Grid:
32,32
................................
................................
................................
................................
................................
................................
................................
................................
................................
................................
................................
................................
................................
................................
................................
................................
................................
................................
................................
................................
................................
................................
................................
................................
................................
................................
................................
................................
................................
................................
................................
................................
Agents:
66
0,1,20,19,6
1,25,5,3,28
2,24,13,21,19
3,28,31,4,22
4,20,13,7,10
5,26,6,26,18
6,0,17,23,30
7,19,29,12,11
8,19,3,28,11
9,2,7,15,29
10,20,0,6,20
11,13,16,10,10
12,8,3,17,18
13,24,27,21,9
14,18,8,6,18
15,27,10,6,7
16,31,23,1,18
17,21,13,20,9
18,3,31,9,20
19,10,29,23,15
20,2,6,13,7
21,16,13,24,15
22,9,29,8,0
23,14,12,24,25
24,25,10,17,29
25,18,27,8,1
26,23,26,25,20
27,12,1,19,13
28,6,9,27,12
29,29,20,13,24
30,20,1,15,19
31,12,12,1,21
32,17,15,25,1
33,27,6,10,12
34,25,20,18,23
35,25,4,31,24
36,4,14,28,24
37,16,0,22,28
38,7,10,21,31
39,20,12,26,20
40,2,8,15,24
41,21,31,15,4
42,19,4,14,3
43,10,20,21,25
44,6,25,6,27
45,2,21,11,12
46,8,1,17,1
47,27,25,7,14
48,23,5,18,12
49,16,18,11,21
50,16,30,12,4
51,2,18,25,23
52,21,29,28,4
53,16,5,6,25
54,31,8,11,29
55,31,3,30,19
56,22,17,23,19
57,28,1,6,4
58,30,7,15,18
59,31,31,15,23
60,18,3,22,20
61,27,3,11,6
62,21,12,12,31
63,5,13,6,17
64,19,15,25,2
65,27,15,30,7
