7
Grid:
32,32
................................
................................
................................
................................
................................
................................
................................
................................
................................
................................
................................
................................
................................
................................
................................
................................
................................
................................
................................
................................
................................
................................
................................
................................
................................
................................
................................
................................
................................
................................
................................
................................
Agents:
32
0,20,6,20,5
1,21,25,5,2
2,6,5,20,18
3,10,10,21,3
4,6,12,24,1
5,15,0,14,9
6,31,31,0,14
7,14,19,9,22
8,11,14,27,5
9,21,7,13,0
10,9,1,7,3
11,26,16,9,31
12,23,8,29,10
13,31,11,26,30
14,24,9,23,0
15,23,6,24,14
16,26,22,30,24
17,29,17,13,15
18,17,8,29,19
19,15,11,0,2
20,4,0,28,27
21,18,16,31,4
22,18,11,10,17
23,0,22,29,14
24,22,24,0,28
25,6,3,16,16
26,9,19,29,23
27,11,5,16,8
28,1,29,29,5
29,5,30,4,15
30,18,28,19,18
31,20,9,2,17
