5
Grid:
32,32
................................
................................
................................
................................
................................
................................
................................
................................
................................
................................
................................
................................
................................
................................
................................
................................
................................
................................
................................
................................
................................
................................
................................
................................
................................
................................
................................
................................
................................
................................
................................
................................
Agents:
34
0,6,30,10,30
1,15,0,17,17
2,11,10,5,25
3,7,19,8,9
4,18,30,12,21
5,12,31,11,23
6,20,24,9,0
7,30,24,5,21
8,26,12,16,10
9,24,9,18,10
10,14,21,19,9
11,18,8,13,8
12,18,23,15,13
13,0,3,23,18
14,3,4,14,18
15,6,8,25,8
16,5,12,0,9
17,1,25,28,12
18,6,0,21,2
19,12,5,20,8
20,23,4,17,5
21,20,19,24,22
22,9,1,1,23
23,18,16,27,8
24,2,19,23,15
25,9,28,24,5
26,5,20,5,1
27,0,16,29,3
28,12,6,3,7
29,14,20,12,17
30,9,4,8,2
31,16,13,21,3
32,25,8,0,14
33,22,4,3,31
