1
Grid:
32,32
................................
................................
................................
................................
................................
................................
................................
................................
................................
................................
................................
................................
................................
................................
................................
................................
................................
................................
................................
................................
................................
................................
................................
................................
................................
................................
................................
................................
................................
................................
................................
................................
Agents:
96
0,30,20,10,21
1,8,9,31,5
2,10,17,13,15
3,31,26,20,1
4,14,30,1,25
5,24,2,30,12
6,13,21,26,24
7,28,14,22,29
8,22,4,7,3
9,23,7,17,16
10,6,3,17,0
11,9,8,18,3
12,4,26,22,11
13,6,15,17,12
14,22,13,22,28
15,0,0,16,12
16,13,1,25,25
17,12,10,4,15
18,22,15,13,18
19,13,22,23,20
20,18,10,1,8
21,15,15,18,16
22,22,25,29,25
23,30,30,29,13
24,19,22,16,4
25,14,0,9,26
26,5,26,2,18
27,10,31,3,17
28,4,15,29,6
29,10,15,31,7
30,3,0,9,17
31,30,24,28,3
32,21,11,9,12
33,15,12,13,23
34,2,12,12,29
35,14,8,4,10
36,25,16,9,31
37,17,30,16,11
38,25,21,1,4
39,3,13,10,0
40,17,24,15,23
41,26,9,23,30
42,18,12,28,15
43,27,12,26,21
44,4,12,11,1
45,5,6,17,31
46,4,30,30,16
47,18,18,5,14
48,12,22,26,13
49,26,11,12,22
50,28,7,17,29
51,8,5,2,15
52,7,21,20,6
53,9,12,18,27
54,6,14,22,20
55,11,29,23,17
56,29,11,30,24
57,6,20,9,10
58,6,8,28,22
59,15,2,30,29
60,8,21,18,17
61,6,7,1,26
62,3,26,6,13
63,18,2,14,25
64,27,24,11,30
65,2,0,5,8
66,28,19,20,5
67,1,12,21,30
68,3,24,16,23
69,6,23,19,24
70,26,7,8,25
71,0,7,27,19
72,12,23,5,13
73,16,18,4,27
74,27,7,1,12
75,9,6,28,13
76,23,10,27,17
77,25,3,1,17
78,19,19,22,5
79,26,29,14,21
80,14,18,28,27
81,19,26,4,7
82,2,8,3,27
83,31,15,2,23
84,12,27,26,2
85,25,22,4,29
86,18,27,25,19
87,17,9,15,30
88,28,27,20,25
89,23,22,27,15
90,18,0,25,6
91,9,24,22,2
92,15,24,3,30
93,31,2,29,30
94,3,7,4,17
95,13,3,8,18
