9
Grid:
32,32
................................
................................
................................
................................
................................
................................
................................
................................
................................
................................
................................
................................
................................
................................
................................
................................
................................
................................
................................
................................
................................
................................
................................
................................
................................
................................
................................
................................
................................
................................
................................
................................
Agents:
18
0,20,25,9,22
1,11,3,22,12
2,6,2,16,16
3,17,28,26,6
4,7,27,2,8
5,3,10,7,29
6,12,28,4,18
7,18,15,28,1
8,12,5,31,1
9,21,7,5,2
10,29,28,10,26
11,24,16,8,12
12,22,1,30,8
13,9,23,6,26
14,15,27,17,8
15,22,29,3,10
16,29,27,22,14
17,13,0,21,7
