7
Grid:
32,32
................................
................................
................................
................................
................................
................................
................................
................................
................................
................................
................................
................................
................................
................................
................................
................................
................................
................................
................................
................................
................................
................................
................................
................................
................................
................................
................................
................................
................................
................................
................................
................................
Agents:
24
0,10,10,25,6
1,0,10,5,30
2,2,5,30,16
3,12,2,30,12
4,25,28,19,30
5,21,21,22,8
6,17,6,14,22
7,16,16,2,24
8,7,17,6,15
9,9,17,10,6
10,27,2,30,23
11,18,19,21,31
12,23,30,28,0
13,16,2,10,8
14,16,12,18,25
15,21,23,25,29
16,28,8,1,17
17,30,4,1,10
18,0,27,9,29
19,22,1,30,19
20,12,1,31,25
21,25,9,7,25
22,21,2,8,15
23,28,4,23,23
