8
Grid:
32,32
................................
................................
................................
................................
................................
................................
................................
................................
................................
................................
................................
................................
................................
................................
................................
................................
................................
................................
................................
................................
................................
................................
................................
................................
................................
................................
................................
................................
................................
................................
................................
................................
Agents:
40
0,17,2,4,9
1,7,5,23,25
2,16,0,16,4
3,7,14,4,18
4,22,27,29,14
5,20,2,3,5
6,30,25,28,13
7,14,24,6,13
8,20,3,2,16
9,28,26,4,25
10,24,4,6,1
11,23,11,3,10
12,29,24,23,13
13,4,23,14,12
14,27,22,30,7
15,18,1,10,1
16,28,22,15,4
17,15,4,3,2
18,19,14,9,10
19,2,13,27,9
20,7,4,6,27
21,4,5,1,21
22,3,15,5,26
23,9,2,12,28
24,0,24,12,21
25,21,1,21,19
26,28,29,11,30
27,27,12,1,2
28,10,27,19,18
29,7,23,28,29
30,28,15,4,20
31,19,31,16,12
32,9,18,25,28
33,6,8,28,23
34,9,10,24,11
35,1,14,31,7
36,18,20,6,17
37,31,17,19,22
38,8,13,28,14
39,15,2,0,23
