0
Grid:
32,32
................................
................................
................................
................................
................................
................................
................................
................................
................................
................................
................................
................................
................................
................................
................................
................................
................................
................................
................................
................................
................................
................................
................................
................................
................................
................................
................................
................................
................................
................................
................................
................................
Agents:
72
0,6,23,19,27
1,30,24,13,23
2,1,31,1,2
3,25,2,25,6
4,26,30,3,2
5,28,20,22,18
6,9,1,11,7
7,10,28,25,4
8,21,20,7,9
9,28,25,8,27
10,7,23,23,1
11,4,25,3,21
12,11,15,8,4
13,12,0,28,10
14,25,31,2,1
15,26,28,20,18
16,1,26,31,15
17,20,12,11,18
18,2,25,21,24
19,19,12,16,11
20,22,24,1,22
21,1,7,23,0
22,9,12,24,31
23,14,3,12,3
24,9,11,5,28
25,25,22,18,22
26,2,7,31,24
27,21,15,18,1
28,19,4,21,14
29,13,17,12,1
30,19,24,31,10
31,8,26,1,7
32,4,31,15,21
33,19,15,3,28
34,12,30,15,10
35,25,27,25,30
36,0,15,30,23
37,2,14,27,31
38,21,28,5,22
39,16,30,26,15
40,1,8,27,7
41,22,14,7,4
42,6,3,28,12
43,26,25,22,12
44,4,5,5,7
45,25,30,26,25
46,12,2,27,14
47,16,6,23,30
48,3,9,22,29
49,24,30,14,8
50,22,11,23,15
51,17,29,7,16
52,22,18,16,4
53,5,7,2,6
54,19,14,22,6
55,15,10,1,15
56,19,1,24,8
57,4,26,29,26
58,11,7,3,30
59,15,30,31,29
60,21,4,21,22
61,29,15,31,5
62,25,6,28,26
63,5,2,27,17
64,18,11,18,8
65,28,9,8,26
66,13,7,7,22
67,19,29,28,14
68,11,3,18,24
69,11,29,4,26
70,18,14,28,1
71,28,21,16,21
