2,36x57_left2_right2
Grid:
36,57
..@@@@@.@@@@@.@@@@@.@@@@@.@@@@@.@@@@@.@@@@@.@@@@@.@@@@@..
.........................................................
..@@@@@.@@@@@.@@@@@.@@@@@.@@@@@.@@@@@.@@@@@.@@@@@.@@@@@..
..@@@@@.@@@@@.@@@@@.@@@@@.@@@@@.@@@@@.@@@@@.@@@@@.@@@@@..
.........................................................
..@@@@@.@@@@@.@@@@@.@@@@@.@@@@@.@@@@@.@@@@@.@@@@@.@@@@@..
..@@@@@.@@@@@.@@@@@.@@@@@.@@@@@.@@@@@.@@@@@.@@@@@.@@@@@..
.........................................................
..@@@@@.@@@@@.@@@@@.@@@@@.@@@@@.@@@@@.@@@@@.@@@@@.@@@@@..
..@@@@@.@@@@@.@@@@@.@@@@@.@@@@@.@@@@@.@@@@@.@@@@@.@@@@@..
.........................................................
..@@@@@.@@@@@.@@@@@.@@@@@.@@@@@.@@@@@.@@@@@.@@@@@.@@@@@..
..@@@@@.@@@@@.@@@@@.@@@@@.@@@@@.@@@@@.@@@@@.@@@@@.@@@@@..
.........................................................
..@@@@@.@@@@@.@@@@@.@@@@@.@@@@@.@@@@@.@@@@@.@@@@@.@@@@@..
..@@@@@.@@@@@.@@@@@.@@@@@.@@@@@.@@@@@.@@@@@.@@@@@.@@@@@..
.........................................................
..@@@@@.@@@@@.@@@@@.@@@@@.@@@@@.@@@@@.@@@@@.@@@@@.@@@@@..
..@@@@@.@@@@@.@@@@@.@@@@@.@@@@@.@@@@@.@@@@@.@@@@@.@@@@@..
.........................................................
..@@@@@.@@@@@.@@@@@.@@@@@.@@@@@.@@@@@.@@@@@.@@@@@.@@@@@..
..@@@@@.@@@@@.@@@@@.@@@@@.@@@@@.@@@@@.@@@@@.@@@@@.@@@@@..
.........................................................
..@@@@@.@@@@@.@@@@@.@@@@@.@@@@@.@@@@@.@@@@@.@@@@@.@@@@@..
..@@@@@.@@@@@.@@@@@.@@@@@.@@@@@.@@@@@.@@@@@.@@@@@.@@@@@..
.........................................................
..@@@@@.@@@@@.@@@@@.@@@@@.@@@@@.@@@@@.@@@@@.@@@@@.@@@@@..
..@@@@@.@@@@@.@@@@@.@@@@@.@@@@@.@@@@@.@@@@@.@@@@@.@@@@@..
.........................................................
..@@@@@.@@@@@.@@@@@.@@@@@.@@@@@.@@@@@.@@@@@.@@@@@.@@@@@..
..@@@@@.@@@@@.@@@@@.@@@@@.@@@@@.@@@@@.@@@@@.@@@@@.@@@@@..
.........................................................
..@@@@@.@@@@@.@@@@@.@@@@@.@@@@@.@@@@@.@@@@@.@@@@@.@@@@@..
..@@@@@.@@@@@.@@@@@.@@@@@.@@@@@.@@@@@.@@@@@.@@@@@.@@@@@..
.........................................................
..@@@@@.@@@@@.@@@@@.@@@@@.@@@@@.@@@@@.@@@@@.@@@@@.@@@@@..
Agents:
46
0,33,56,23,0
1,13,56,35,1
2,18,55,16,0
3,8,56,1,0
4,4,55,20,0
5,15,55,12,0
6,13,55,18,0
7,25,55,24,1
8,31,56,29,1
9,11,55,35,0
10,11,56,25,1
11,33,55,2,1
12,20,56,33,0
13,14,56,22,0
14,34,56,21,0
15,12,55,25,0
16,6,56,1,1
17,28,56,5,1
18,17,55,32,0
19,4,56,10,0
20,24,56,6,0
21,15,56,8,1
22,32,56,21,1
23,14,0,7,55
24,12,0,35,56
25,3,0,29,56
26,29,1,30,55
27,8,0,6,55
28,31,0,33,56
29,32,0,10,56
30,20,1,0,55
31,8,1,5,56
32,19,1,22,55
33,6,1,1,55
34,27,0,0,56
35,30,0,21,55
36,28,0,35,55
37,6,0,17,55
38,11,1,6,56
39,10,0,11,55
40,32,1,9,56
41,31,1,7,56
42,22,0,24,56
43,10,1,2,55
44,33,0,3,56
45,22,1,32,55
