6,36x57_left2_right2
Grid:
36,57
..@@@@@.@@@@@.@@@@@.@@@@@.@@@@@.@@@@@.@@@@@.@@@@@.@@@@@..
.........................................................
..@@@@@.@@@@@.@@@@@.@@@@@.@@@@@.@@@@@.@@@@@.@@@@@.@@@@@..
..@@@@@.@@@@@.@@@@@.@@@@@.@@@@@.@@@@@.@@@@@.@@@@@.@@@@@..
.........................................................
..@@@@@.@@@@@.@@@@@.@@@@@.@@@@@.@@@@@.@@@@@.@@@@@.@@@@@..
..@@@@@.@@@@@.@@@@@.@@@@@.@@@@@.@@@@@.@@@@@.@@@@@.@@@@@..
.........................................................
..@@@@@.@@@@@.@@@@@.@@@@@.@@@@@.@@@@@.@@@@@.@@@@@.@@@@@..
..@@@@@.@@@@@.@@@@@.@@@@@.@@@@@.@@@@@.@@@@@.@@@@@.@@@@@..
.........................................................
..@@@@@.@@@@@.@@@@@.@@@@@.@@@@@.@@@@@.@@@@@.@@@@@.@@@@@..
..@@@@@.@@@@@.@@@@@.@@@@@.@@@@@.@@@@@.@@@@@.@@@@@.@@@@@..
.........................................................
..@@@@@.@@@@@.@@@@@.@@@@@.@@@@@.@@@@@.@@@@@.@@@@@.@@@@@..
..@@@@@.@@@@@.@@@@@.@@@@@.@@@@@.@@@@@.@@@@@.@@@@@.@@@@@..
.........................................................
..@@@@@.@@@@@.@@@@@.@@@@@.@@@@@.@@@@@.@@@@@.@@@@@.@@@@@..
..@@@@@.@@@@@.@@@@@.@@@@@.@@@@@.@@@@@.@@@@@.@@@@@.@@@@@..
.........................................................
..@@@@@.@@@@@.@@@@@.@@@@@.@@@@@.@@@@@.@@@@@.@@@@@.@@@@@..
..@@@@@.@@@@@.@@@@@.@@@@@.@@@@@.@@@@@.@@@@@.@@@@@.@@@@@..
.........................................................
..@@@@@.@@@@@.@@@@@.@@@@@.@@@@@.@@@@@.@@@@@.@@@@@.@@@@@..
..@@@@@.@@@@@.@@@@@.@@@@@.@@@@@.@@@@@.@@@@@.@@@@@.@@@@@..
.........................................................
..@@@@@.@@@@@.@@@@@.@@@@@.@@@@@.@@@@@.@@@@@.@@@@@.@@@@@..
..@@@@@.@@@@@.@@@@@.@@@@@.@@@@@.@@@@@.@@@@@.@@@@@.@@@@@..
.........................................................
..@@@@@.@@@@@.@@@@@.@@@@@.@@@@@.@@@@@.@@@@@.@@@@@.@@@@@..
..@@@@@.@@@@@.@@@@@.@@@@@.@@@@@.@@@@@.@@@@@.@@@@@.@@@@@..
.........................................................
..@@@@@.@@@@@.@@@@@.@@@@@.@@@@@.@@@@@.@@@@@.@@@@@.@@@@@..
..@@@@@.@@@@@.@@@@@.@@@@@.@@@@@.@@@@@.@@@@@.@@@@@.@@@@@..
.........................................................
..@@@@@.@@@@@.@@@@@.@@@@@.@@@@@.@@@@@.@@@@@.@@@@@.@@@@@..
Agents:
38
0,28,55,19,1
1,14,55,15,0
2,12,56,35,1
3,29,55,0,1
4,2,56,5,1
5,18,56,7,1
6,30,56,27,0
7,2,55,26,0
8,24,55,20,1
9,7,56,30,1
10,1,55,34,0
11,17,56,11,0
12,34,55,27,1
13,13,56,33,1
14,32,56,16,0
15,8,56,33,0
16,18,55,6,0
17,33,56,35,0
18,9,55,1,1
19,6,1,26,55
20,21,0,3,56
21,20,0,30,56
22,9,1,16,55
23,18,0,20,55
24,16,0,17,56
25,17,1,15,56
26,33,1,17,55
27,0,0,2,55
28,25,1,23,56
29,10,1,28,56
30,13,1,34,55
31,15,1,24,56
32,32,1,29,55
33,8,0,31,55
34,34,0,6,56
35,11,1,9,56
36,18,1,21,55
37,23,1,33,55
