3,36x57_left2_right2
Grid:
36,57
..@@@@@.@@@@@.@@@@@.@@@@@.@@@@@.@@@@@.@@@@@.@@@@@.@@@@@..
.........................................................
..@@@@@.@@@@@.@@@@@.@@@@@.@@@@@.@@@@@.@@@@@.@@@@@.@@@@@..
..@@@@@.@@@@@.@@@@@.@@@@@.@@@@@.@@@@@.@@@@@.@@@@@.@@@@@..
.........................................................
..@@@@@.@@@@@.@@@@@.@@@@@.@@@@@.@@@@@.@@@@@.@@@@@.@@@@@..
..@@@@@.@@@@@.@@@@@.@@@@@.@@@@@.@@@@@.@@@@@.@@@@@.@@@@@..
.........................................................
..@@@@@.@@@@@.@@@@@.@@@@@.@@@@@.@@@@@.@@@@@.@@@@@.@@@@@..
..@@@@@.@@@@@.@@@@@.@@@@@.@@@@@.@@@@@.@@@@@.@@@@@.@@@@@..
.........................................................
..@@@@@.@@@@@.@@@@@.@@@@@.@@@@@.@@@@@.@@@@@.@@@@@.@@@@@..
..@@@@@.@@@@@.@@@@@.@@@@@.@@@@@.@@@@@.@@@@@.@@@@@.@@@@@..
.........................................................
..@@@@@.@@@@@.@@@@@.@@@@@.@@@@@.@@@@@.@@@@@.@@@@@.@@@@@..
..@@@@@.@@@@@.@@@@@.@@@@@.@@@@@.@@@@@.@@@@@.@@@@@.@@@@@..
.........................................................
..@@@@@.@@@@@.@@@@@.@@@@@.@@@@@.@@@@@.@@@@@.@@@@@.@@@@@..
..@@@@@.@@@@@.@@@@@.@@@@@.@@@@@.@@@@@.@@@@@.@@@@@.@@@@@..
.........................................................
..@@@@@.@@@@@.@@@@@.@@@@@.@@@@@.@@@@@.@@@@@.@@@@@.@@@@@..
..@@@@@.@@@@@.@@@@@.@@@@@.@@@@@.@@@@@.@@@@@.@@@@@.@@@@@..
.........................................................
..@@@@@.@@@@@.@@@@@.@@@@@.@@@@@.@@@@@.@@@@@.@@@@@.@@@@@..
..@@@@@.@@@@@.@@@@@.@@@@@.@@@@@.@@@@@.@@@@@.@@@@@.@@@@@..
.........................................................
..@@@@@.@@@@@.@@@@@.@@@@@.@@@@@.@@@@@.@@@@@.@@@@@.@@@@@..
..@@@@@.@@@@@.@@@@@.@@@@@.@@@@@.@@@@@.@@@@@.@@@@@.@@@@@..
.........................................................
..@@@@@.@@@@@.@@@@@.@@@@@.@@@@@.@@@@@.@@@@@.@@@@@.@@@@@..
..@@@@@.@@@@@.@@@@@.@@@@@.@@@@@.@@@@@.@@@@@.@@@@@.@@@@@..
.........................................................
..@@@@@.@@@@@.@@@@@.@@@@@.@@@@@.@@@@@.@@@@@.@@@@@.@@@@@..
..@@@@@.@@@@@.@@@@@.@@@@@.@@@@@.@@@@@.@@@@@.@@@@@.@@@@@..
.........................................................
..@@@@@.@@@@@.@@@@@.@@@@@.@@@@@.@@@@@.@@@@@.@@@@@.@@@@@..
Agents:
42
0,35,55,12,1
1,25,55,0,1
2,1,55,34,0
3,6,55,25,1
4,35,56,20,0
5,15,56,1,1
6,11,55,25,0
7,27,56,21,1
8,4,55,9,1
9,3,56,27,1
10,9,56,32,1
11,2,55,15,1
12,9,55,11,0
13,19,56,12,0
14,14,55,19,0
15,17,56,33,0
16,28,56,5,0
17,7,55,3,1
18,30,56,28,1
19,19,55,23,0
20,21,56,20,1
21,9,0,22,55
22,2,0,0,56
23,35,0,24,55
24,13,1,17,55
25,10,1,19,56
26,23,0,12,56
27,20,1,18,56
28,22,1,17,56
29,10,0,24,56
30,32,1,28,55
31,3,1,14,55
32,22,0,22,56
33,0,1,5,55
34,11,1,2,55
35,33,1,3,56
36,27,0,26,56
37,21,0,20,55
38,5,0,20,56
39,1,0,26,55
40,29,1,9,55
41,19,0,6,56
