2,9x57_left2_right2
Grid:
9,57
..@@@@@.@@@@@.@@@@@.@@@@@.@@@@@.@@@@@.@@@@@.@@@@@.@@@@@..
.........................................................
..@@@@@.@@@@@.@@@@@.@@@@@.@@@@@.@@@@@.@@@@@.@@@@@.@@@@@..
..@@@@@.@@@@@.@@@@@.@@@@@.@@@@@.@@@@@.@@@@@.@@@@@.@@@@@..
.........................................................
..@@@@@.@@@@@.@@@@@.@@@@@.@@@@@.@@@@@.@@@@@.@@@@@.@@@@@..
..@@@@@.@@@@@.@@@@@.@@@@@.@@@@@.@@@@@.@@@@@.@@@@@.@@@@@..
.........................................................
..@@@@@.@@@@@.@@@@@.@@@@@.@@@@@.@@@@@.@@@@@.@@@@@.@@@@@..
Agents:
14
0,3,55,6,1
1,6,56,1,0
2,0,56,2,0
3,4,56,1,1
4,2,56,4,0
5,3,56,2,1
6,1,55,8,0
7,0,0,4,55
8,6,0,6,55
9,8,0,8,55
10,5,0,5,55
11,8,1,2,56
12,5,1,6,56
13,3,0,7,55
