2,9x57_left2_right2
Grid:
9,57
..@@@@@.@@@@@.@@@@@.@@@@@.@@@@@.@@@@@.@@@@@.@@@@@.@@@@@..
.........................................................
..@@@@@.@@@@@.@@@@@.@@@@@.@@@@@.@@@@@.@@@@@.@@@@@.@@@@@..
..@@@@@.@@@@@.@@@@@.@@@@@.@@@@@.@@@@@.@@@@@.@@@@@.@@@@@..
.........................................................
..@@@@@.@@@@@.@@@@@.@@@@@.@@@@@.@@@@@.@@@@@.@@@@@.@@@@@..
..@@@@@.@@@@@.@@@@@.@@@@@.@@@@@.@@@@@.@@@@@.@@@@@.@@@@@..
.........................................................
..@@@@@.@@@@@.@@@@@.@@@@@.@@@@@.@@@@@.@@@@@.@@@@@.@@@@@..
Agents:
18
0,5,55,6,0
1,7,55,7,0
2,8,56,4,1
3,3,55,8,0
4,1,55,5,1
5,1,56,7,1
6,5,56,2,0
7,6,56,5,0
8,0,55,2,1
9,8,0,4,56
10,5,1,3,56
11,7,0,6,56
12,4,1,2,55
13,7,1,3,55
14,3,0,8,56
15,6,1,8,55
16,5,0,1,56
17,4,0,5,55
