7,9x57_left2_right2
Grid:
9,57
..@@@@@.@@@@@.@@@@@.@@@@@.@@@@@.@@@@@.@@@@@.@@@@@.@@@@@..
.........................................................
..@@@@@.@@@@@.@@@@@.@@@@@.@@@@@.@@@@@.@@@@@.@@@@@.@@@@@..
..@@@@@.@@@@@.@@@@@.@@@@@.@@@@@.@@@@@.@@@@@.@@@@@.@@@@@..
.........................................................
..@@@@@.@@@@@.@@@@@.@@@@@.@@@@@.@@@@@.@@@@@.@@@@@.@@@@@..
..@@@@@.@@@@@.@@@@@.@@@@@.@@@@@.@@@@@.@@@@@.@@@@@.@@@@@..
.........................................................
..@@@@@.@@@@@.@@@@@.@@@@@.@@@@@.@@@@@.@@@@@.@@@@@.@@@@@..
Agents:
14
0,5,55,4,0
1,3,55,1,1
2,8,55,2,0
3,6,55,3,1
4,2,55,1,0
5,3,56,7,1
6,0,56,0,1
7,5,1,7,55
8,1,0,5,56
9,8,1,4,56
10,3,0,0,55
11,8,0,2,56
12,6,1,6,56
13,5,0,3,56
