8,9x57_left2_right2
Grid:
9,57
..@@@@@.@@@@@.@@@@@.@@@@@.@@@@@.@@@@@.@@@@@.@@@@@.@@@@@..
.........................................................
..@@@@@.@@@@@.@@@@@.@@@@@.@@@@@.@@@@@.@@@@@.@@@@@.@@@@@..
..@@@@@.@@@@@.@@@@@.@@@@@.@@@@@.@@@@@.@@@@@.@@@@@.@@@@@..
.........................................................
..@@@@@.@@@@@.@@@@@.@@@@@.@@@@@.@@@@@.@@@@@.@@@@@.@@@@@..
..@@@@@.@@@@@.@@@@@.@@@@@.@@@@@.@@@@@.@@@@@.@@@@@.@@@@@..
.........................................................
..@@@@@.@@@@@.@@@@@.@@@@@.@@@@@.@@@@@.@@@@@.@@@@@.@@@@@..
Agents:
18
0,4,56,5,1
1,5,55,7,1
2,7,55,6,1
3,8,56,8,1
4,5,56,5,0
5,1,56,0,0
6,0,56,3,1
7,6,55,4,0
8,0,55,3,0
9,0,0,3,55
10,3,1,1,55
11,4,0,0,55
12,7,1,7,55
13,8,0,8,56
14,4,1,1,56
15,1,1,4,55
16,2,1,6,56
17,2,0,6,55
