8,9x57_left2_right2
Grid:
9,57
..@@@@@.@@@@@.@@@@@.@@@@@.@@@@@.@@@@@.@@@@@.@@@@@.@@@@@..
.........................................................
..@@@@@.@@@@@.@@@@@.@@@@@.@@@@@.@@@@@.@@@@@.@@@@@.@@@@@..
..@@@@@.@@@@@.@@@@@.@@@@@.@@@@@.@@@@@.@@@@@.@@@@@.@@@@@..
.........................................................
..@@@@@.@@@@@.@@@@@.@@@@@.@@@@@.@@@@@.@@@@@.@@@@@.@@@@@..
..@@@@@.@@@@@.@@@@@.@@@@@.@@@@@.@@@@@.@@@@@.@@@@@.@@@@@..
.........................................................
..@@@@@.@@@@@.@@@@@.@@@@@.@@@@@.@@@@@.@@@@@.@@@@@.@@@@@..
Agents:
16
0,7,55,8,1
1,1,55,1,0
2,4,55,6,1
3,4,56,4,0
4,6,55,7,0
5,1,56,3,1
6,5,55,2,1
7,8,55,2,0
8,7,0,2,56
9,0,0,7,55
10,3,0,0,56
11,1,1,5,56
12,7,1,2,55
13,0,1,3,56
14,2,0,6,55
15,6,1,0,55
