7,9x57_left2_right2
Grid:
9,57
..@@@@@.@@@@@.@@@@@.@@@@@.@@@@@.@@@@@.@@@@@.@@@@@.@@@@@..
.........................................................
..@@@@@.@@@@@.@@@@@.@@@@@.@@@@@.@@@@@.@@@@@.@@@@@.@@@@@..
..@@@@@.@@@@@.@@@@@.@@@@@.@@@@@.@@@@@.@@@@@.@@@@@.@@@@@..
.........................................................
..@@@@@.@@@@@.@@@@@.@@@@@.@@@@@.@@@@@.@@@@@.@@@@@.@@@@@..
..@@@@@.@@@@@.@@@@@.@@@@@.@@@@@.@@@@@.@@@@@.@@@@@.@@@@@..
.........................................................
..@@@@@.@@@@@.@@@@@.@@@@@.@@@@@.@@@@@.@@@@@.@@@@@.@@@@@..
Agents:
18
0,1,55,1,0
1,8,55,4,0
2,0,55,2,0
3,6,55,5,1
4,8,56,7,0
5,5,55,2,1
6,7,55,5,0
7,4,55,0,0
8,6,56,8,1
9,3,1,3,56
10,1,0,5,56
11,1,1,1,55
12,5,0,5,55
13,5,1,4,56
14,4,1,7,55
15,4,0,2,55
16,0,0,0,56
17,2,0,8,55
