4,9x57_left2_right2
Grid:
9,57
..@@@@@.@@@@@.@@@@@.@@@@@.@@@@@.@@@@@.@@@@@.@@@@@.@@@@@..
.........................................................
..@@@@@.@@@@@.@@@@@.@@@@@.@@@@@.@@@@@.@@@@@.@@@@@.@@@@@..
..@@@@@.@@@@@.@@@@@.@@@@@.@@@@@.@@@@@.@@@@@.@@@@@.@@@@@..
.........................................................
..@@@@@.@@@@@.@@@@@.@@@@@.@@@@@.@@@@@.@@@@@.@@@@@.@@@@@..
..@@@@@.@@@@@.@@@@@.@@@@@.@@@@@.@@@@@.@@@@@.@@@@@.@@@@@..
.........................................................
..@@@@@.@@@@@.@@@@@.@@@@@.@@@@@.@@@@@.@@@@@.@@@@@.@@@@@..
Agents:
16
0,7,55,2,0
1,2,55,0,1
2,8,56,4,1
3,1,56,0,0
4,7,56,5,1
5,2,56,7,1
6,8,55,6,1
7,0,56,6,0
8,1,0,4,55
9,2,1,6,56
10,8,1,7,55
11,2,0,4,56
12,6,0,1,56
13,5,1,8,56
14,4,1,3,55
15,8,0,5,55
