4,9x57_left2_right2
Grid:
9,57
..@@@@@.@@@@@.@@@@@.@@@@@.@@@@@.@@@@@.@@@@@.@@@@@.@@@@@..
.........................................................
..@@@@@.@@@@@.@@@@@.@@@@@.@@@@@.@@@@@.@@@@@.@@@@@.@@@@@..
..@@@@@.@@@@@.@@@@@.@@@@@.@@@@@.@@@@@.@@@@@.@@@@@.@@@@@..
.........................................................
..@@@@@.@@@@@.@@@@@.@@@@@.@@@@@.@@@@@.@@@@@.@@@@@.@@@@@..
..@@@@@.@@@@@.@@@@@.@@@@@.@@@@@.@@@@@.@@@@@.@@@@@.@@@@@..
.........................................................
..@@@@@.@@@@@.@@@@@.@@@@@.@@@@@.@@@@@.@@@@@.@@@@@.@@@@@..
Agents:
18
0,8,55,8,1
1,6,55,0,1
2,5,56,1,1
3,7,55,7,0
4,5,55,2,0
5,4,55,0,0
6,0,55,2,1
7,1,55,5,1
8,1,56,5,0
9,2,1,1,55
10,7,1,7,56
11,8,0,2,55
12,0,1,7,55
13,3,0,4,56
14,4,1,6,56
15,1,0,1,56
16,1,1,3,56
17,6,0,0,56
