0,9x57_left2_right2
Grid:
9,57
..@@@@@.@@@@@.@@@@@.@@@@@.@@@@@.@@@@@.@@@@@.@@@@@.@@@@@..
.........................................................
..@@@@@.@@@@@.@@@@@.@@@@@.@@@@@.@@@@@.@@@@@.@@@@@.@@@@@..
..@@@@@.@@@@@.@@@@@.@@@@@.@@@@@.@@@@@.@@@@@.@@@@@.@@@@@..
.........................................................
..@@@@@.@@@@@.@@@@@.@@@@@.@@@@@.@@@@@.@@@@@.@@@@@.@@@@@..
..@@@@@.@@@@@.@@@@@.@@@@@.@@@@@.@@@@@.@@@@@.@@@@@.@@@@@..
.........................................................
..@@@@@.@@@@@.@@@@@.@@@@@.@@@@@.@@@@@.@@@@@.@@@@@.@@@@@..
Agents:
18
0,0,56,6,0
1,2,56,8,1
2,4,55,2,1
3,6,55,4,0
4,3,56,7,0
5,6,56,1,1
6,1,56,4,1
7,5,55,5,1
8,1,55,3,1
9,8,1,7,55
10,8,0,8,55
11,7,0,1,55
12,3,1,8,56
13,6,0,2,55
14,2,0,1,56
15,3,0,4,56
16,4,0,3,56
17,7,1,5,55
