7,9x57_left2_right2
Grid:
9,57
..@@@@@.@@@@@.@@@@@.@@@@@.@@@@@.@@@@@.@@@@@.@@@@@.@@@@@..
.........................................................
..@@@@@.@@@@@.@@@@@.@@@@@.@@@@@.@@@@@.@@@@@.@@@@@.@@@@@..
..@@@@@.@@@@@.@@@@@.@@@@@.@@@@@.@@@@@.@@@@@.@@@@@.@@@@@..
.........................................................
..@@@@@.@@@@@.@@@@@.@@@@@.@@@@@.@@@@@.@@@@@.@@@@@.@@@@@..
..@@@@@.@@@@@.@@@@@.@@@@@.@@@@@.@@@@@.@@@@@.@@@@@.@@@@@..
.........................................................
..@@@@@.@@@@@.@@@@@.@@@@@.@@@@@.@@@@@.@@@@@.@@@@@.@@@@@..
Agents:
16
0,7,55,0,0
1,0,55,7,1
2,4,56,6,1
3,0,56,3,1
4,8,56,1,1
5,6,56,2,1
6,2,56,3,0
7,8,55,8,1
8,5,0,3,56
9,4,1,5,56
10,4,0,3,55
11,8,0,7,55
12,7,0,0,55
13,5,1,0,56
14,6,1,6,55
15,1,1,8,55
