1,9x57_left2_right2
Grid:
9,57
..@@@@@.@@@@@.@@@@@.@@@@@.@@@@@.@@@@@.@@@@@.@@@@@.@@@@@..
.........................................................
..@@@@@.@@@@@.@@@@@.@@@@@.@@@@@.@@@@@.@@@@@.@@@@@.@@@@@..
..@@@@@.@@@@@.@@@@@.@@@@@.@@@@@.@@@@@.@@@@@.@@@@@.@@@@@..
.........................................................
..@@@@@.@@@@@.@@@@@.@@@@@.@@@@@.@@@@@.@@@@@.@@@@@.@@@@@..
..@@@@@.@@@@@.@@@@@.@@@@@.@@@@@.@@@@@.@@@@@.@@@@@.@@@@@..
.........................................................
..@@@@@.@@@@@.@@@@@.@@@@@.@@@@@.@@@@@.@@@@@.@@@@@.@@@@@..
Agents:
18
0,6,55,3,0
1,3,56,7,0
2,1,55,2,0
3,7,55,5,0
4,2,55,5,1
5,8,56,0,1
6,6,56,4,0
7,2,56,1,1
8,7,56,8,0
9,6,1,2,55
10,2,1,7,56
11,7,0,3,56
12,7,1,5,55
13,0,0,6,56
14,1,1,0,55
15,3,1,5,56
16,3,0,2,56
17,4,1,8,56
